start_time,green_energy_DE,DE_Load,green_energy_HU,HU_Load,green_energy_IT,IT_Load,green_energy_PO,PO_Load,green_energy_SP,SP_Load,green_energy_UK,UK_Load,green_energy_DK,DK_Load,green_energy_SE,SE_Load,green_energy_NE,NE_Load,SP_surplus,UK_surplus,DE_surplus,DK_surplus,SE_surplus,HU_surplus,IT_surplus,PO_surplus,NE_surplus,label
2022-01-01 00:00:00,157373,165125,1376,16457,5745,19756,4491,13935,10827,19530,0,1244,3605,3218,11107,15331,12768,40706,-8703,-1244,-7752,387,-4224,-15081,-14011,-9444,-27938,3
2022-01-01 01:00:00,151747,160415,1526,15426,6228,18685,4436,13579,11140,18383,0,1131,3309,3126,11036,15270,11131,39465,-7243,-1131,-8668,183,-4234,-13900,-12457,-9143,-28334,3
2022-01-01 02:00:00,147938,158035,1560,14781,6407,18124,4568,13397,11361,17680,0,1091,3043,3080,10509,15150,11324,38923,-6319,-1091,-10097,-37,-4641,-13221,-11717,-8829,-27599,3
2022-01-01 03:00:00,141816,157016,1287,14630,5760,18400,4559,13364,11247,17396,0,969,2852,3044,10770,15387,11290,38211,-6149,-969,-15200,-192,-4617,-13343,-12640,-8805,-26921,3
2022-01-01 04:00:00,131970,154552,1309,14688,5501,19223,4374,13449,10868,17544,0,896,2724,3130,10852,15737,11093,38146,-6676,-896,-22582,-406,-4885,-13379,-13722,-9075,-27053,3
2022-01-01 05:00:00,129345,154275,1450,14960,6226,19738,4303,13444,10935,17866,0,871,2579,3238,11108,16054,11028,38956,-6931,-871,-24930,-659,-4946,-13510,-13512,-9141,-27928,3
2022-01-01 06:00:00,122836,157356,1627,15034,7356,20289,4370,13527,11101,17806,0,860,2293,3378,11757,16455,10421,39968,-6705,-860,-34520,-1085,-4698,-13407,-12933,-9157,-29547,1
2022-01-01 07:00:00,117508,163000,2447,15259,8637,21469,4540,14202,13339,18533,0,922,1806,3537,11774,16943,10565,40808,-5194,-922,-45492,-1731,-5169,-12812,-12832,-9662,-30243,1
2022-01-01 08:00:00,119089,171858,3597,15551,9132,22735,4402,14851,16179,20018,0,1017,1655,3714,11668,17476,11355,41742,-3839,-1017,-52769,-2059,-5808,-11954,-13603,-10449,-30387,1
2022-01-01 09:00:00,120971,179829,4205,16045,9821,23636,4266,15643,17616,20989,0,1095,1601,3818,11407,17657,13283,42796,-3373,-1095,-58858,-2217,-6250,-11840,-13815,-11377,-29513,1
2022-01-01 10:00:00,123192,188335,4331,16500,10404,24182,4014,16235,17581,21514,0,1232,1832,3893,11124,17521,14039,42494,-3933,-1232,-65143,-2061,-6397,-12169,-13778,-12221,-28455,1
2022-01-01 11:00:00,122314,188528,3845,16966,10367,23270,3571,16712,17181,22105,0,1351,1904,3943,11016,17542,14848,42294,-4924,-1351,-66214,-2039,-6526,-13121,-12903,-13141,-27446,1
2022-01-01 12:00:00,117152,184922,3026,17195,9877,22755,3103,16874,16585,22384,0,1508,2116,3915,11134,17783,15071,43153,-5799,-1508,-67770,-1799,-6649,-14169,-12878,-13771,-28082,1
2022-01-01 13:00:00,108819,182733,2129,17488,7776,22881,2656,17032,16437,21106,0,1653,2498,3988,11616,18417,15058,44379,-4669,-1653,-73914,-1490,-6801,-15359,-15105,-14376,-29321,3
2022-01-01 14:00:00,99704,183467,1517,18052,7108,23818,2368,17715,14798,20617,0,1682,3200,4213,12137,18620,14996,45865,-5819,-1682,-83763,-1013,-6483,-16535,-16710,-15347,-30869,3
2022-01-01 15:00:00,107104,195571,1419,19157,8807,26742,2427,17887,11888,21096,0,1671,3771,4473,12574,18778,14620,48406,-9208,-1671,-88467,-702,-6204,-17738,-17935,-15460,-33786,3
2022-01-01 16:00:00,117785,207259,1427,19169,9000,27672,2133,17929,11040,23211,0,1741,4339,4407,12930,18621,15599,52021,-12171,-1741,-89474,-68,-5691,-17742,-18672,-15796,-36422,3
2022-01-01 17:00:00,126662,208694,1287,19117,9276,28393,1990,17898,11483,24435,0,1977,4792,4133,13225,17942,16211,51429,-12952,-1977,-82032,659,-4717,-17830,-19117,-15908,-35218,3
2022-01-01 18:00:00,131402,203720,1154,19077,8514,27996,1944,17594,11812,24964,0,2083,5052,3970,13667,17481,16206,49999,-13152,-2083,-72318,1082,-3814,-17923,-19482,-15650,-33793,3
2022-01-01 19:00:00,129423,196041,1163,18695,7418,26693,1715,16972,11974,25189,0,1925,5097,3821,14060,17048,15302,47940,-13215,-1925,-66618,1276,-2988,-17532,-19275,-15257,-32638,3
2022-01-01 20:00:00,131258,191635,1108,18142,5956,24635,1625,16426,11616,24134,0,1801,4892,3619,14106,16461,14103,46052,-12518,-1801,-60377,1273,-2355,-17034,-18679,-14801,-31949,3
2022-01-01 21:00:00,132964,187527,1021,17310,5111,22404,1393,15411,11279,22552,0,1691,4747,3462,14048,16048,13678,44113,-11273,-1691,-54563,1285,-2000,-16289,-17293,-14018,-30435,3
2022-01-01 22:00:00,133780,176366,999,16380,5044,20428,1765,14480,10740,21048,0,1534,4078,3351,13242,15924,14029,42275,-10308,-1534,-42586,727,-2682,-15381,-15384,-12715,-28246,3
2022-01-01 23:00:00,143879,170078,964,15480,5319,18989,2295,13833,10412,19473,0,1385,3960,3173,12753,15328,14210,41053,-9061,-1385,-26199,787,-2575,-14516,-13670,-11538,-26843,3
2022-01-02 00:00:00,144602,164923,893,14901,5291,18083,2740,13451,10138,18375,0,626,3959,3128,12567,15037,15019,39562,-8237,-626,-20321,831,-2470,-14008,-12792,-10711,-24543,3
2022-01-02 01:00:00,142061,162519,734,14342,5514,17740,3180,13267,10175,17841,0,0,3732,3093,11610,14770,15174,38687,-7666,0,-20458,639,-3160,-13608,-12226,-10087,-23513,3
2022-01-02 02:00:00,142190,162753,645,14142,5613,17737,3607,13326,10124,17539,0,525,3817,3063,11090,14706,15153,38236,-7415,-525,-20563,754,-3616,-13497,-12124,-9719,-23083,3
2022-01-02 03:00:00,139441,163004,674,14436,5213,18409,3775,13714,9878,17684,0,1008,3814,3149,10852,14752,15239,38283,-7806,-1008,-23563,665,-3900,-13762,-13196,-9939,-23044,3
2022-01-02 04:00:00,137755,162453,842,15008,5063,19869,3982,14230,9438,18353,0,971,3700,3260,10842,15202,15262,38979,-8915,-971,-24698,440,-4360,-14166,-14806,-10248,-23717,3
2022-01-02 05:00:00,133409,162596,971,16122,4843,21148,4006,14542,8995,19223,0,942,3663,3455,11601,15916,15201,40264,-10228,-942,-29187,208,-4315,-15151,-16305,-10536,-25063,3
2022-01-02 06:00:00,141328,171915,1106,16881,5736,22332,4155,14960,8929,19936,0,948,3639,3722,11959,16545,15936,42237,-11007,-948,-30587,-83,-4586,-15775,-16596,-10805,-26301,3
2022-01-02 07:00:00,150776,185202,1921,17859,6963,23775,4655,15855,10299,21531,0,1010,3497,3905,12765,16960,16315,44702,-11232,-1010,-34426,-408,-4195,-15938,-16812,-11200,-28387,3
2022-01-02 08:00:00,160678,195494,3141,18359,8390,24697,5087,16709,12463,23286,0,1119,3341,4097,12943,17299,16895,46562,-10823,-1119,-34816,-756,-4356,-15218,-16307,-11622,-29667,3
2022-01-02 09:00:00,173788,205032,3862,18526,9409,25360,5309,17032,13781,24126,0,1241,2977,4167,12812,17428,16866,46441,-10345,-1241,-31244,-1190,-4616,-14664,-15951,-11723,-29575,3
2022-01-02 10:00:00,186025,216802,3976,18846,10099,26123,5460,17414,14397,24202,0,1420,2635,4198,12770,17553,17041,47998,-9805,-1420,-30777,-1563,-4783,-14870,-16024,-11954,-30957,1
2022-01-02 11:00:00,192390,217096,3617,18756,10019,25308,5319,18006,14453,24673,0,1562,2180,4212,12616,17792,17307,48585,-10220,-1562,-24706,-2032,-5176,-15139,-15289,-12687,-31278,1
2022-01-02 12:00:00,194469,212695,2666,18838,8622,24751,4891,17914,14131,24921,0,1678,2213,4191,12555,17912,17072,47660,-10790,-1678,-18226,-1978,-5357,-16172,-16129,-13023,-30588,1
2022-01-02 13:00:00,193423,210911,1606,19191,7313,24918,4986,18024,13637,23869,0,1770,2494,4301,12521,18077,16696,47919,-10232,-1770,-17488,-1807,-5556,-17585,-17605,-13038,-31223,1
2022-01-02 14:00:00,194282,214431,920,19941,6958,26049,5540,18627,11678,23258,0,1747,3073,4521,12380,18265,16590,48988,-11580,-1747,-20149,-1448,-5885,-19021,-19091,-13087,-32398,3
2022-01-02 15:00:00,196760,225625,776,21433,9467,28970,6536,18737,8699,23642,0,1719,3578,4873,12366,18541,15779,51783,-14943,-1719,-28865,-1295,-6175,-20657,-19503,-12201,-36004,3
2022-01-02 16:00:00,197928,235222,769,21539,9812,30088,7031,18753,7941,25965,0,1803,4189,4735,12191,18424,15979,55587,-18024,-1803,-37294,-546,-6233,-20770,-20276,-11722,-39608,3
2022-01-02 17:00:00,200611,234292,720,21399,9869,30781,6948,18774,9205,27307,0,2088,4797,4433,11929,18010,15629,54121,-18102,-2088,-33681,364,-6081,-20679,-20912,-11826,-38492,3
2022-01-02 18:00:00,198091,227205,747,21157,9444,29662,6649,18378,9599,28243,0,2184,4885,4183,11763,17305,15862,52577,-18644,-2184,-29114,702,-5542,-20410,-20218,-11729,-36715,3
2022-01-02 19:00:00,196430,216385,790,20457,7493,27563,6557,17527,9242,28062,0,1973,4728,3974,11015,16546,16002,50705,-18820,-1973,-19955,754,-5531,-19667,-20070,-10970,-34703,3
2022-01-02 20:00:00,187778,208694,832,19465,7247,25326,6614,16897,8557,26650,0,1794,4382,3769,10974,16269,16371,48614,-18093,-1794,-20916,613,-5295,-18633,-18079,-10283,-32243,3
2022-01-02 21:00:00,181714,200590,836,18475,6941,22897,6495,15711,7926,24535,0,1655,3948,3559,9366,15506,16570,46842,-16609,-1655,-18876,389,-6140,-17639,-15956,-9216,-30272,3
2022-01-02 22:00:00,177058,188411,867,17309,7732,20859,6497,14918,6772,22800,0,1501,3615,3394,8176,15319,17174,44466,-16028,-1501,-11353,221,-7143,-16442,-13127,-8421,-27292,3
2022-01-02 23:00:00,177722,179879,1029,16340,7833,19413,6163,14446,6853,21173,0,1322,3424,3345,8078,15049,16800,42800,-14320,-1322,-2157,79,-6971,-15311,-11580,-8283,-26000,3
2022-01-03 00:00:00,172760,173128,1232,15728,7919,18841,5846,14223,7304,20153,0,1129,3273,3308,7897,14808,15291,41392,-12849,-1129,-368,-35,-6911,-14496,-10922,-8377,-26101,3
2022-01-03 01:00:00,167692,170685,1219,15247,8100,18543,5513,14320,7764,19679,0,1012,3297,3285,7897,14886,15191,40806,-11915,-1012,-2993,12,-6989,-14028,-10443,-8807,-25615,3
2022-01-03 02:00:00,167340,173478,1006,15225,8306,19052,5119,14814,8240,19754,0,980,3700,3361,8390,15344,14849,40492,-11514,-980,-6138,339,-6954,-14219,-10746,-9695,-25643,3
2022-01-03 03:00:00,171197,181772,960,16018,8372,20705,4559,15727,7981,20516,0,926,4312,3584,8801,15734,15229,40988,-12535,-926,-10575,728,-6933,-15058,-12333,-11168,-25759,3
2022-01-03 04:00:00,184861,199216,1144,18135,6553,24670,4420,18749,7817,22969,0,911,4806,4201,10816,17213,16200,43740,-15152,-911,-14355,605,-6397,-16991,-18117,-14329,-27540,3
2022-01-03 05:00:00,201144,228635,982,21080,7130,28930,4176,20921,8125,26155,0,930,5033,4772,12637,18764,16798,47804,-18030,-930,-27491,261,-6127,-20098,-21800,-16745,-31006,3
2022-01-03 06:00:00,203075,250878,1426,22265,9251,32665,4405,22135,9028,28546,0,990,5162,5079,12970,19396,16929,52778,-19518,-990,-47803,83,-6426,-20839,-23414,-17730,-35849,3
2022-01-03 07:00:00,204140,261928,1768,22989,10528,35378,4455,22929,11578,30212,0,1170,5753,5072,12979,19451,17148,57029,-18634,-1170,-57788,681,-6472,-21221,-24850,-18474,-39881,3
2022-01-03 08:00:00,207695,267001,1798,23502,10719,35696,4777,22935,14369,31106,0,1341,6024,5190,13029,19620,17144,58111,-16737,-1341,-59306,834,-6591,-21704,-24977,-18158,-40967,3
2022-01-03 09:00:00,212278,272754,1982,23775,10817,35706,5297,23366,15819,30788,0,1489,6272,5246,13356,19916,17154,56875,-14969,-1489,-60476,1026,-6560,-21793,-24889,-18069,-39721,3
2022-01-03 10:00:00,218945,279273,2502,23804,10591,34695,5885,23608,16915,30499,0,1670,6382,5134,13394,20005,17297,55464,-13584,-1670,-60328,1248,-6611,-21302,-24104,-17723,-38167,3
2022-01-03 11:00:00,217933,280238,2595,23651,10331,34343,5969,23666,17930,30485,0,1781,6390,5078,13650,20204,17371,55854,-12555,-1781,-62305,1312,-6554,-21056,-24012,-17697,-38483,3
2022-01-03 12:00:00,209299,275534,2797,22992,9426,34803,5787,23374,18416,30083,0,1857,6309,5043,13776,20225,17332,56252,-11667,-1857,-66235,1266,-6449,-20195,-25377,-17587,-38920,3
2022-01-03 13:00:00,198213,272737,2118,23119,8513,35188,5962,23417,18606,29167,0,1969,6378,5021,14050,20687,17064,57466,-10561,-1969,-74524,1357,-6637,-21001,-26675,-17455,-40402,3
2022-01-03 14:00:00,190058,268449,1473,23529,8320,36242,5982,23971,16944,28768,0,1979,6361,5200,14221,20855,16699,58816,-11824,-1979,-78391,1161,-6634,-22056,-27922,-17989,-42117,3
2022-01-03 15:00:00,192428,273844,1206,24350,9732,38273,5841,23882,14300,29274,0,1979,6482,5535,14550,21041,16391,61242,-14974,-1979,-81416,947,-6491,-23144,-28541,-18041,-44851,3
2022-01-03 16:00:00,190516,281315,1055,24105,9455,38007,5532,23558,13702,31072,0,2046,6151,5326,14547,20625,15956,63810,-17370,-2046,-90799,825,-6078,-23050,-28552,-18026,-47854,3
2022-01-03 17:00:00,185030,278636,981,23765,8682,37629,5111,23340,14509,31843,0,2398,5583,4973,14838,20368,15161,60621,-17334,-2398,-93606,610,-5530,-22784,-28947,-18229,-45460,3
2022-01-03 18:00:00,176424,268893,882,23324,7753,35243,4985,22852,14881,32306,0,2500,5041,4586,14419,19675,14794,58003,-17425,-2500,-92469,455,-5256,-22442,-27490,-17867,-43209,3
2022-01-03 19:00:00,166359,251772,768,22524,6639,32509,4895,21306,15087,31729,0,2291,4451,4316,13911,18948,13703,54823,-16642,-2291,-85413,135,-5037,-21756,-25870,-16411,-41120,3
2022-01-03 20:00:00,161303,238359,824,21649,6307,29132,4813,19825,15037,29097,0,2150,4080,4040,13610,18102,12828,52129,-14060,-2150,-77056,40,-4492,-20825,-22825,-15012,-39301,3
2022-01-03 21:00:00,153796,225141,857,20734,6234,26221,4880,18509,14543,26455,0,1984,3692,3758,13214,17269,12028,49295,-11912,-1984,-71345,-66,-4055,-19877,-19987,-13629,-37267,3
2022-01-03 22:00:00,145973,211453,789,19566,6126,23813,4727,17594,14896,24775,0,1792,3238,3577,12234,17009,11360,46530,-9879,-1792,-65480,-339,-4775,-18777,-17687,-12867,-35170,3
2022-01-03 23:00:00,147704,200166,824,18383,6035,22311,4421,16880,15911,22985,0,1587,2933,3488,11811,16824,10775,44424,-7074,-1587,-52462,-555,-5013,-17559,-16276,-12459,-33649,3
2022-01-04 00:00:00,142454,192525,847,17491,6126,21366,4178,16612,17277,21880,0,1399,2736,3429,11465,16796,10085,43524,-4603,-1399,-50071,-693,-5331,-16644,-15240,-12434,-33439,3
2022-01-04 01:00:00,131827,190963,901,16824,6684,21079,4185,16603,17653,21345,0,1261,2788,3454,11440,16723,9834,42615,-3692,-1261,-59136,-666,-5283,-15923,-14395,-12418,-32781,3
2022-01-04 02:00:00,122773,193124,938,16628,7298,21376,3970,16936,17529,21264,0,1242,2744,3528,11984,17084,8640,42249,-3735,-1242,-70351,-784,-5100,-15690,-14078,-12966,-33609,3
2022-01-04 03:00:00,111458,199292,906,17349,7379,22797,3757,17763,16689,21935,0,1194,2475,3716,12625,17985,7541,42804,-5246,-1194,-87834,-1241,-5360,-16443,-15418,-14006,-35263,1
2022-01-04 04:00:00,103242,213215,874,19280,7089,26625,3568,20158,15497,24068,0,1156,2521,4255,13141,19017,7402,45047,-8571,-1156,-109973,-1734,-5876,-18406,-19536,-16590,-37645,1
2022-01-04 05:00:00,99290,235791,866,22153,7686,30832,3300,22051,15269,26973,0,1148,2769,4878,13342,20133,6612,49175,-11704,-1148,-136501,-2109,-6791,-21287,-23146,-18751,-42563,1
2022-01-04 06:00:00,102634,254271,883,22996,9143,34806,3298,23023,16653,28993,0,1258,2726,5205,14018,20800,6663,54802,-12340,-1258,-151637,-2479,-6782,-22113,-25663,-19725,-48139,1
2022-01-04 07:00:00,102328,265425,1504,22979,10427,36950,3044,23454,18025,30459,0,1530,2849,5238,13934,20732,5847,59275,-12434,-1530,-163097,-2389,-6798,-21475,-26523,-20410,-53428,1
2022-01-04 08:00:00,104276,269692,2252,22958,11729,37370,2804,23660,19404,31305,0,1892,3017,5314,13813,20622,6418,60815,-11901,-1892,-165416,-2297,-6809,-20706,-25641,-20856,-54397,1
2022-01-04 09:00:00,109686,272977,2509,23194,12759,37404,2951,24118,20493,31355,0,2147,3309,5333,13819,20849,4828,60695,-10862,-2147,-163291,-2024,-7030,-20685,-24645,-21167,-55867,3
2022-01-04 10:00:00,111281,278605,2554,23504,12949,36515,2702,24361,20899,31292,0,2285,3647,5260,14133,20973,5676,60731,-10393,-2285,-167324,-1613,-6840,-20950,-23566,-21659,-55055,3
2022-01-04 11:00:00,110563,277806,2284,23930,12767,35879,2537,24276,20966,31527,0,2317,3525,5227,13982,20749,6077,60624,-10561,-2317,-167243,-1702,-6767,-21646,-23112,-21739,-54547,3
2022-01-04 12:00:00,110222,273462,2088,23658,12426,36285,2485,24024,21698,31273,0,2335,3734,5188,13969,20770,6803,60527,-9575,-2335,-163240,-1454,-6801,-21570,-23859,-21539,-53724,3
2022-01-04 13:00:00,109492,271398,1944,23807,11059,36395,2524,23959,21343,30405,0,2393,3860,5091,13862,21558,6702,60152,-9062,-2393,-161906,-1231,-7696,-21863,-25336,-21435,-53450,3
2022-01-04 14:00:00,113225,271699,1728,24064,10012,37175,2580,24402,20867,30188,0,2340,3891,5299,13703,21965,5948,60484,-9321,-2340,-158474,-1408,-8262,-22336,-27163,-21822,-54536,3
2022-01-04 15:00:00,118839,275108,1746,24804,10868,38809,2879,24328,19832,30488,0,2335,4117,5641,13564,22098,7995,62735,-10656,-2335,-156269,-1524,-8534,-23058,-27941,-21449,-54740,3
2022-01-04 16:00:00,124073,280297,1746,24481,10472,38606,3277,23992,18689,31590,0,2424,4436,5430,13413,21647,7117,65179,-12901,-2424,-156224,-994,-8234,-22735,-28134,-20715,-58062,3
2022-01-04 17:00:00,119108,277994,1723,24196,10101,38158,3373,23736,19153,32085,0,2722,5023,5147,13518,21163,8768,61854,-12932,-2722,-158886,-124,-7645,-22473,-28057,-20363,-53086,3
2022-01-04 18:00:00,120040,270170,1626,23676,9201,35807,3582,23112,20384,32753,0,1423,5355,4855,13321,20499,11030,59419,-12369,-1423,-150130,500,-7178,-22050,-26606,-19530,-48389,3
2022-01-04 19:00:00,119765,254412,1613,22830,8793,33021,3671,21669,20896,32032,0,1255,5555,4594,13039,19641,11075,56378,-11136,-1255,-134647,961,-6602,-21217,-24228,-17998,-45303,3
2022-01-04 20:00:00,117422,242520,1390,21785,8483,29495,3579,20229,20643,29607,0,2383,5543,4322,13085,19007,12467,53698,-8964,-2383,-125098,1221,-5922,-20395,-21012,-16650,-41231,3
2022-01-04 21:00:00,120431,230236,1484,20845,8276,26393,3617,18802,19585,26964,0,2180,5439,4036,12771,18021,13959,51094,-7379,-2180,-109805,1403,-5250,-19361,-18117,-15185,-37135,3
2022-01-04 22:00:00,126816,216521,1476,19721,8697,23875,3762,17752,18807,25526,0,1964,5502,3905,12694,17745,13899,48171,-6719,-1964,-89705,1597,-5051,-18245,-15178,-13990,-34272,3
2022-01-04 23:00:00,134885,207787,1391,18448,8820,22316,3620,17163,19272,23719,0,1700,5590,3780,12532,17270,14492,46082,-4447,-1700,-72902,1810,-4738,-17057,-13496,-13543,-31590,3
2022-01-05 00:00:00,146838,200502,1340,17644,9011,21457,3300,16787,18999,22560,0,1453,5059,3879,12519,17050,15124,44542,-3561,-1453,-53664,1180,-4531,-16304,-12446,-13487,-29418,3
2022-01-05 01:00:00,158191,199264,1276,17016,9327,21328,3114,16803,18669,22015,0,1326,4862,3864,12491,17103,15578,44317,-3346,-1326,-41073,998,-4612,-15740,-12001,-13689,-28739,3
2022-01-05 02:00:00,165437,204027,1198,16847,9142,21548,2866,17166,18467,21928,0,1310,4748,3871,12513,17262,16051,44149,-3461,-1310,-38590,877,-4749,-15649,-12406,-14300,-28098,3
2022-01-05 03:00:00,167380,211423,1097,17583,9196,23074,2744,17874,17598,22317,0,1269,4708,3959,12681,17810,16432,44739,-4719,-1269,-44043,749,-5129,-16486,-13878,-15130,-28307,3
2022-01-05 04:00:00,173898,227155,934,19351,8034,26683,2839,20243,16002,24279,0,1257,4636,4512,13326,19235,16694,46258,-8277,-1257,-53257,124,-5909,-18417,-18649,-17404,-29564,3
2022-01-05 05:00:00,171473,251452,955,22297,8602,30651,2981,22207,16829,27094,0,1283,4328,5145,13734,20644,17091,49996,-10265,-1283,-79979,-817,-6910,-21342,-22049,-19226,-32905,3
2022-01-05 06:00:00,179409,272135,1101,23121,10927,34278,3317,23028,17601,29198,0,1377,3964,5389,13663,21248,17407,55534,-11597,-1377,-92726,-1425,-7585,-22020,-23351,-19711,-38127,1
2022-01-05 07:00:00,187414,282406,1187,23629,12660,36402,3672,23535,19498,30892,0,1675,3692,5428,13621,21376,17311,59353,-11394,-1675,-94992,-1736,-7755,-22442,-23742,-19863,-42042,1
2022-01-05 08:00:00,196723,287659,1362,23905,12720,36448,3753,23727,21463,31720,0,2125,3852,5469,13411,21549,17343,61021,-10257,-2125,-90936,-1617,-8138,-22543,-23728,-19974,-43678,3
2022-01-05 09:00:00,211729,292886,1580,24176,12244,36161,3968,24107,22006,31813,0,2356,4113,5472,13308,21489,17411,61124,-9807,-2356,-81157,-1359,-8181,-22596,-23917,-20139,-43713,3
2022-01-05 10:00:00,222046,297686,1673,24580,12242,35419,4176,24197,22693,31696,0,2496,4341,5433,13187,21319,17642,60209,-9003,-2496,-75640,-1092,-8132,-22907,-23177,-20021,-42567,3
2022-01-05 11:00:00,230056,296793,1579,24634,11765,34559,4174,24215,23626,31771,0,2560,4610,5414,13349,21436,17709,59304,-8145,-2560,-66737,-804,-8087,-23055,-22794,-20041,-41595,3
2022-01-05 12:00:00,223180,291680,1335,24283,11111,35010,4461,23969,22944,31128,0,1285,4828,5362,13530,21327,17398,59158,-8184,-1285,-68500,-534,-7797,-22948,-23899,-19508,-41760,3
2022-01-05 13:00:00,209774,287193,980,24548,10983,35036,4594,23816,20765,30129,0,1296,4555,5284,13869,22057,17169,59484,-9364,-1296,-77419,-729,-8188,-23568,-24053,-19222,-42315,3
2022-01-05 14:00:00,200460,284429,835,24738,11143,36026,4695,24338,17798,29775,0,2520,4324,5458,14139,22197,16644,60449,-11977,-2520,-83969,-1134,-8058,-23903,-24883,-19643,-43805,3
2022-01-05 15:00:00,195316,288704,905,25260,12826,37864,4853,24205,15168,29788,0,2506,4367,5818,14287,22071,16623,62690,-14620,-2506,-93388,-1451,-7784,-24355,-25038,-19352,-46067,3
2022-01-05 16:00:00,191230,294780,1154,24805,13600,38054,5133,23697,14752,30554,0,2578,4284,5596,14649,21801,16243,65027,-15802,-2578,-103550,-1312,-7152,-23651,-24454,-18564,-48784,3
2022-01-05 17:00:00,180867,291879,1247,24515,13402,37569,5121,23425,15369,30805,0,2905,4422,5287,14895,21434,15951,62286,-15436,-2905,-111012,-865,-6539,-23268,-24167,-18304,-46335,3
2022-01-05 18:00:00,178939,282592,1490,24048,11563,35162,4804,22866,14388,31001,0,1519,4374,5031,14862,20792,15696,59793,-16613,-1519,-103653,-657,-5930,-22558,-23599,-18062,-44097,3
2022-01-05 19:00:00,173824,265578,1496,23220,10257,32140,4705,21540,14223,30267,0,1342,4204,4844,14546,19817,15561,56930,-16044,-1342,-91754,-640,-5271,-21724,-21883,-16835,-41369,3
2022-01-05 20:00:00,169373,253115,1485,22289,9695,28971,4675,20089,13056,28127,0,2531,3880,4572,14316,19120,13749,54108,-15071,-2531,-83742,-692,-4804,-20804,-19276,-15414,-40359,3
2022-01-05 21:00:00,164166,240686,1279,21453,9249,26109,4577,18792,12681,26065,0,2326,3893,4315,14415,18579,13216,51647,-13384,-2326,-76520,-422,-4164,-20174,-16860,-14215,-38431,3
2022-01-05 22:00:00,159814,226271,1193,20432,9560,23797,4576,17750,12611,24523,0,2072,4032,4051,14767,18215,12236,48823,-11912,-2072,-66457,-19,-3448,-19239,-14237,-13174,-36587,3
2022-01-05 23:00:00,156419,218188,1240,19179,9183,22257,4448,16977,12575,22677,0,1772,3816,3967,14818,17680,13179,46607,-10102,-1772,-61769,-151,-2862,-17939,-13074,-12529,-33428,3
2022-01-06 00:00:00,147444,212791,1077,18356,8501,21403,4527,16561,13174,21284,0,783,3476,3895,14874,17514,9944,44926,-8110,-783,-65347,-419,-2640,-17279,-12902,-12034,-34982,3
2022-01-06 01:00:00,140564,209749,990,17668,8018,20860,4430,16399,14109,20486,0,679,3085,3864,14904,17502,8920,43936,-6377,-679,-69185,-779,-2598,-16678,-12842,-11969,-35016,1
2022-01-06 02:00:00,129930,208091,955,17518,7207,20830,4711,16401,14237,20148,0,678,2797,3941,14903,17795,6800,43617,-5911,-678,-78161,-1144,-2892,-16563,-13623,-11690,-36817,1
2022-01-06 03:00:00,118602,212166,949,18269,6294,21359,4835,16213,13407,20108,0,623,2446,4163,14913,18109,4985,44290,-6701,-623,-93564,-1717,-3196,-17320,-15065,-11378,-39305,1
2022-01-06 04:00:00,108953,219986,991,20137,5620,22470,4437,16250,12129,20607,0,1184,2078,4765,15227,18714,3253,46569,-8478,-1184,-111033,-2687,-3487,-19146,-16850,-11813,-43316,1
2022-01-06 05:00:00,100501,235912,1022,23160,7167,24291,4038,16590,11939,21292,0,1193,1909,5371,15475,19147,2370,51235,-9353,-1193,-135411,-3462,-3672,-22138,-17124,-12552,-48865,1
2022-01-06 06:00:00,96003,252192,1020,24170,8968,25936,4092,17087,12573,21817,0,617,1919,5633,15920,20168,2009,57237,-9244,-617,-156189,-3714,-4248,-23150,-16968,-12995,-55228,1
2022-01-06 07:00:00,92819,257922,1342,24458,10934,27884,4766,18076,14299,23300,0,847,1941,5608,16367,20826,1130,60865,-9001,-847,-165103,-3667,-4459,-23116,-16950,-13310,-59735,1
2022-01-06 08:00:00,91716,262160,2016,24250,11496,29106,5163,18799,16376,24752,0,2073,2064,5592,16174,21258,1292,59895,-8376,-2073,-170444,-3528,-5084,-22234,-17610,-13636,-58603,1
2022-01-06 09:00:00,96029,263766,2532,24073,10382,29169,5699,19315,17448,25040,0,2304,2023,5447,15977,21169,2110,56254,-7592,-2304,-167737,-3424,-5192,-21541,-18787,-13616,-54144,1
2022-01-06 10:00:00,97774,265922,2849,24298,10329,29057,6091,19658,17932,24856,0,2411,1911,5326,15848,21064,2830,53946,-6924,-2411,-168148,-3415,-5216,-21449,-18728,-13567,-51116,1
2022-01-06 11:00:00,95996,262184,2816,24507,9295,27238,5733,19860,18716,25111,0,2439,1807,5293,15754,20625,4301,52892,-6395,-2439,-166188,-3486,-4871,-21691,-17943,-14127,-48591,1
2022-01-06 12:00:00,90046,255998,2346,24278,8366,26974,5352,19875,20291,25319,0,2443,1629,5205,15825,20709,5335,53562,-5028,-2443,-165952,-3576,-4884,-21932,-18608,-14523,-48227,1
2022-01-06 13:00:00,79468,251343,1942,24527,7028,27105,4756,19753,20685,24387,0,2425,1503,5163,15794,21371,6258,55745,-3702,-2425,-171875,-3660,-5577,-22585,-20077,-14997,-49487,1
2022-01-06 14:00:00,67903,249755,1741,24744,6405,27979,4830,20402,19306,23876,0,2318,1724,5410,15878,21680,8040,58746,-4570,-2318,-181852,-3686,-5802,-23003,-21574,-15572,-50706,1
2022-01-06 15:00:00,73219,258153,1389,25493,7969,31157,5017,20552,15432,24388,0,2321,1987,5817,15907,21954,9305,62312,-8956,-2321,-184934,-3830,-6047,-24104,-23188,-15535,-53007,1
2022-01-06 16:00:00,88567,270955,1397,25290,8648,32505,4629,20465,14563,26611,0,2437,2362,5655,15794,21591,11568,65345,-12048,-2437,-182388,-3293,-5797,-23893,-23857,-15836,-53777,1
2022-01-06 17:00:00,99974,271299,1307,25096,7800,32972,4349,20485,14829,27957,0,2743,2727,5309,15725,21068,13835,62671,-13128,-2743,-171325,-2582,-5343,-23789,-25172,-16136,-48836,3
2022-01-06 18:00:00,109796,266511,1231,24771,6404,31777,3781,20226,14579,28840,0,2809,3016,5009,15382,20458,15843,60087,-14261,-2809,-156715,-1993,-5076,-23540,-25373,-16445,-44244,3
2022-01-06 19:00:00,120526,255356,1201,23984,5613,29627,3442,19556,13740,29309,0,2576,3222,4730,15102,20482,16467,57242,-15569,-2576,-134830,-1508,-5380,-22783,-24014,-16114,-40775,3
2022-01-06 20:00:00,122917,244941,947,23026,5631,27348,3429,18884,13007,28079,0,2387,3524,4498,14641,20455,16507,54355,-15072,-2387,-122024,-974,-5814,-22079,-21717,-15455,-37848,3
2022-01-06 21:00:00,130782,237085,1048,22152,5392,24725,3318,17761,11904,25915,0,2196,3738,4232,14245,19167,16047,51176,-14011,-2196,-106303,-494,-4922,-21104,-19333,-14443,-35129,3
2022-01-06 22:00:00,138515,225569,1154,21060,5283,22992,3271,16997,11633,24213,0,1943,4030,3987,12872,18524,16456,48467,-12580,-1943,-87054,43,-5652,-19906,-17709,-13726,-32011,3
2022-01-06 23:00:00,144729,213543,1053,19668,5504,21386,3216,16433,11879,22480,0,1686,4393,3853,12437,18521,16753,46534,-10601,-1686,-68814,540,-6084,-18615,-15882,-13217,-29781,3
2022-01-07 00:00:00,150700,208118,964,18965,5932,20609,3296,16186,12374,21292,0,1460,4679,3869,12084,18153,16758,44996,-8918,-1460,-57418,810,-6069,-18001,-14677,-12890,-28238,3
2022-01-07 01:00:00,157141,205425,706,18378,6094,20460,3257,16161,13262,20706,0,1348,5227,3872,11832,18216,16867,43913,-7444,-1348,-48284,1355,-6384,-17672,-14366,-12904,-27046,3
2022-01-07 02:00:00,160790,207491,594,18244,6395,20816,3308,16425,13809,20647,0,1303,5478,3852,12083,18365,15867,43252,-6838,-1303,-46701,1626,-6282,-17650,-14421,-13117,-27385,3
2022-01-07 03:00:00,161486,215732,591,19047,6731,22275,3443,17182,13903,21258,0,1268,5578,4171,12258,18495,16202,43937,-7355,-1268,-54246,1407,-6237,-18456,-15544,-13739,-27735,3
2022-01-07 04:00:00,161816,228451,582,20997,7173,26081,3609,18906,13234,23127,0,1242,5741,4794,13440,20144,15881,45972,-9893,-1242,-66635,947,-6704,-20415,-18908,-15297,-30091,3
2022-01-07 05:00:00,165320,251254,585,24068,8134,29831,3593,20101,12593,25767,0,1243,5661,5394,13724,21352,15933,50094,-13174,-1243,-85934,267,-7628,-23483,-21697,-16508,-34161,3
2022-01-07 06:00:00,165899,270575,791,24879,9868,32797,3791,20909,13701,27778,0,1370,5343,5609,13886,21863,15223,55364,-14077,-1370,-104676,-266,-7977,-24088,-22929,-17118,-40141,3
2022-01-07 07:00:00,166226,280999,2138,24279,12131,34710,4273,21505,15743,29656,0,1658,4698,5619,14186,21967,14670,59510,-13913,-1658,-114773,-921,-7781,-22141,-22579,-17232,-44840,3
2022-01-07 08:00:00,166393,287473,3924,23325,13660,35433,4501,21346,18414,30690,0,2104,4663,5591,14463,22315,14475,60270,-12276,-2104,-121080,-928,-7852,-19401,-21773,-16845,-45795,3
2022-01-07 09:00:00,170217,290000,5166,22627,13260,34919,4444,21264,19500,30521,0,2350,4600,5597,14567,22456,14292,58822,-11021,-2350,-119783,-997,-7889,-17461,-21659,-16820,-44530,3
2022-01-07 10:00:00,170352,293335,5555,22505,13185,34330,4407,21228,20242,30194,0,2510,4480,5519,14449,22363,13918,57216,-9952,-2510,-122983,-1039,-7914,-16950,-21145,-16821,-43298,3
2022-01-07 11:00:00,162169,291698,5275,22587,12431,33466,4519,21885,20247,30397,0,2550,4495,5388,14340,22296,13981,57208,-10150,-2550,-129529,-893,-7956,-17312,-21035,-17366,-43227,3
2022-01-07 12:00:00,155701,284178,4168,22717,10605,33507,4158,22107,20238,30357,0,2552,4110,5191,14392,22321,14268,57496,-10119,-2552,-128477,-1081,-7929,-18549,-22902,-17949,-43228,3
2022-01-07 13:00:00,147525,281387,2396,23651,9298,33812,4175,22319,20208,29521,0,2544,3913,5138,14284,22437,14002,58620,-9313,-2544,-133862,-1225,-8153,-21255,-24514,-18144,-44618,3
2022-01-07 14:00:00,141975,279075,962,24781,9006,35054,4585,22930,19370,29212,0,2448,3590,5283,14155,22405,13196,59952,-9842,-2448,-137100,-1693,-8250,-23819,-26048,-18345,-46756,3
2022-01-07 15:00:00,143481,281797,715,26000,10306,38172,4591,23000,15884,29408,0,2383,3332,5579,14152,22335,11868,61849,-13524,-2383,-138316,-2247,-8183,-25285,-27866,-18409,-49981,3
2022-01-07 16:00:00,146766,286304,847,25849,10871,38629,4600,22792,14845,31271,0,2416,3533,5438,13956,21736,10771,63875,-16426,-2416,-139538,-1905,-7780,-25002,-27758,-18192,-53104,3
2022-01-07 17:00:00,141726,279756,799,25628,10433,38417,4214,22451,14972,32420,0,1301,3789,5066,13882,21128,10443,61344,-17448,-1301,-138030,-1277,-7246,-24829,-27984,-18237,-50901,3
2022-01-07 18:00:00,133057,268767,784,25143,8965,36227,4042,22022,14294,33087,0,1398,3709,4717,13808,20408,9541,58692,-18793,-1398,-135710,-1008,-6600,-24359,-27262,-17980,-49151,3
2022-01-07 19:00:00,122473,254714,837,24320,7094,33343,3774,20822,14209,32597,0,2603,3507,4432,13626,19519,8073,55978,-18388,-2603,-132241,-925,-5893,-23483,-26249,-17048,-47905,3
2022-01-07 20:00:00,114849,243344,861,23564,6359,30090,3558,19960,12668,30299,0,2384,3375,4267,13421,18730,8476,53240,-17631,-2384,-128495,-892,-5309,-22703,-23731,-16402,-44764,3
2022-01-07 21:00:00,110874,233075,880,22794,5992,27169,3230,18816,12698,27675,0,2184,3463,3991,13420,18221,7877,50276,-14977,-2184,-122201,-528,-4801,-21914,-21177,-15586,-42399,3
2022-01-07 22:00:00,105339,220002,830,21688,5775,24784,2941,17743,11389,25942,0,1948,3305,3824,13102,17573,8521,47876,-14553,-1948,-114663,-519,-4471,-20858,-19009,-14802,-39355,3
2022-01-07 23:00:00,107707,208255,779,20528,5662,23317,2887,17243,10675,23912,0,1705,3096,3685,12953,17102,8858,46441,-13237,-1705,-100548,-589,-4149,-19749,-17655,-14356,-37583,3
2022-01-08 00:00:00,105283,200464,724,19540,5992,22441,2889,16879,11055,22497,0,1465,3173,3584,13031,16679,8972,45103,-11442,-1465,-95181,-411,-3648,-18816,-16449,-13990,-36131,3
2022-01-08 01:00:00,108076,198416,710,18845,6294,22024,2864,16792,11386,21849,0,1338,3554,3533,13047,16817,7220,43938,-10463,-1338,-90340,21,-3770,-18135,-15730,-13928,-36718,3
2022-01-08 02:00:00,103430,197674,690,18524,6558,22037,2746,16860,12083,21542,0,1287,3474,3529,13082,16970,5990,42972,-9459,-1287,-94244,-55,-3888,-17834,-15479,-14114,-36982,3
2022-01-08 03:00:00,97399,196406,735,18774,6767,22884,2678,17340,13174,21638,0,1182,3654,3600,12979,17050,6326,43129,-8464,-1182,-99007,54,-4071,-18039,-16117,-14662,-36803,3
2022-01-08 04:00:00,100890,197312,740,19220,6644,25201,2679,18151,13006,22356,0,1127,4190,3788,13080,17250,6109,44362,-9350,-1127,-96422,402,-4170,-18480,-18557,-15472,-38253,3
2022-01-08 05:00:00,99061,202582,738,20531,7141,27606,2717,18785,12568,23603,0,1110,4582,4014,13303,17856,5802,46133,-11035,-1110,-103521,568,-4553,-19793,-20465,-16068,-40331,3
2022-01-08 06:00:00,101864,212921,781,21749,8897,29716,2865,19579,12583,24867,0,1140,4659,4328,13521,18681,6610,48407,-12284,-1140,-111057,331,-5160,-20968,-20819,-16714,-41797,3
2022-01-08 07:00:00,111558,226184,1191,22872,10245,31611,3216,20444,14544,26939,0,1326,4616,4580,13512,18937,8041,51083,-12395,-1326,-114626,36,-5425,-21681,-21366,-17228,-43042,3
2022-01-08 08:00:00,117476,239720,1704,23430,12314,32033,3461,21138,17256,28682,0,1562,4708,4783,13503,19531,10402,52765,-11426,-1562,-122244,-75,-6028,-21726,-19719,-17677,-42363,3
2022-01-08 09:00:00,123370,246040,2134,23730,12859,31403,3467,21373,18809,28988,0,1757,4272,4768,13591,19969,13832,53386,-10179,-1757,-122670,-496,-6378,-21596,-18544,-17906,-39554,3
2022-01-08 10:00:00,131244,251743,2010,24305,12800,30581,3252,21507,20173,29002,0,1954,4033,4645,13517,20099,15630,53587,-8829,-1954,-120499,-612,-6582,-22295,-17781,-18255,-37957,3
2022-01-08 11:00:00,135109,251065,1800,24167,12261,29560,3197,21676,21043,29376,0,2059,3913,4578,13385,19855,16378,53954,-8333,-2059,-115956,-665,-6470,-22367,-17299,-18479,-37576,3
2022-01-08 12:00:00,139761,246925,1572,23531,11234,29300,3098,21486,22224,29475,0,2086,3651,4535,13464,19961,16634,54699,-7251,-2086,-107164,-884,-6497,-21959,-18066,-18388,-38065,3
2022-01-08 13:00:00,139575,244262,1181,23262,9129,29757,2786,21476,22095,28464,0,2093,3592,4581,13609,20148,17262,55728,-6369,-2093,-104687,-989,-6539,-22081,-20628,-18690,-38466,3
2022-01-08 14:00:00,138419,246748,746,23532,8333,31078,2989,22045,19810,27669,0,2040,3592,4834,13541,20353,17525,56287,-7859,-2040,-108329,-1242,-6812,-22786,-22745,-19056,-38762,3
2022-01-08 15:00:00,146199,256149,577,24438,9497,34594,2989,22051,17408,27852,0,2010,3600,5239,13517,20381,17505,58088,-10444,-2010,-109950,-1639,-6864,-23861,-25097,-19062,-40583,3
2022-01-08 16:00:00,158814,268367,607,24358,9736,36017,3037,21857,18143,29993,0,2058,3771,5146,13399,20448,17528,60536,-11850,-2058,-109553,-1375,-7049,-23751,-26281,-18820,-43008,3
2022-01-08 17:00:00,166200,266198,642,24076,9724,36486,2916,21552,19330,31156,0,2307,4064,4788,13210,20183,17467,58553,-11826,-2307,-99998,-724,-6973,-23434,-26762,-18636,-41086,3
2022-01-08 18:00:00,173519,257467,721,23758,8875,34469,2357,21136,19763,31764,0,2470,4184,4523,12642,19451,16972,56189,-12001,-2470,-83948,-339,-6809,-23037,-25594,-18779,-39217,3
2022-01-08 19:00:00,179539,244227,805,23052,7193,31761,2147,20230,19221,31606,0,2301,4252,4330,12071,18698,15531,53161,-12385,-2301,-64688,-78,-6627,-22247,-24568,-18083,-37630,3
2022-01-08 20:00:00,182406,235472,847,22071,6357,29176,1938,19224,18323,29474,0,2099,4374,4159,11923,18190,15615,51056,-11151,-2099,-53066,215,-6267,-21224,-22819,-17286,-35441,3
2022-01-08 21:00:00,185264,228617,798,21116,6095,26534,2061,18046,18358,27108,0,1933,4626,3981,11710,17739,15764,48901,-8750,-1933,-43353,645,-6029,-20318,-20439,-15985,-33137,3
2022-01-08 22:00:00,189548,217037,741,20040,6322,24397,2083,17078,20470,25059,0,1751,4827,3915,11487,17228,14561,46830,-4589,-1751,-27489,912,-5741,-19299,-18075,-14995,-32269,3
2022-01-08 23:00:00,185881,205466,724,19002,6391,22471,2112,16344,21307,23142,0,1582,4991,3813,11422,17162,11822,44718,-1835,-1582,-19585,1178,-5740,-18278,-16080,-14232,-32896,3
2022-01-09 00:00:00,179657,197997,750,18432,6194,21364,2300,15913,21211,21719,0,1405,4973,3723,11507,16909,14182,43657,-508,-1405,-18340,1250,-5402,-17682,-15170,-13613,-29475,3
2022-01-09 01:00:00,170912,193653,783,17909,6244,20827,2481,15681,21306,20859,0,1279,4943,3759,11521,16829,15089,42827,447,-1279,-22741,1184,-5308,-17126,-14583,-13200,-27738,3
2022-01-09 02:00:00,167048,191070,836,17655,6105,20920,2607,15813,21938,20371,0,1256,4949,3755,11568,16799,15951,41823,1567,-1256,-24022,1194,-5231,-16819,-14815,-13206,-25872,0
2022-01-09 03:00:00,164870,192888,850,17923,6191,21428,2977,16037,22157,20384,0,1188,4888,3805,11788,16990,16657,41723,1773,-1188,-28018,1083,-5202,-17073,-15237,-13060,-25066,0
2022-01-09 04:00:00,159620,190586,864,18435,6533,22836,3151,16484,21726,20873,0,1155,4768,3892,11998,17248,16484,42409,853,-1155,-30966,876,-5250,-17571,-16303,-13333,-25925,3
2022-01-09 05:00:00,163352,192030,898,19498,7178,24309,3285,16835,20706,21535,0,1142,4626,4045,12479,17693,16122,43688,-829,-1142,-28678,581,-5214,-18600,-17131,-13550,-27566,3
2022-01-09 06:00:00,159984,200301,999,20464,9136,25699,3397,17299,20605,22175,0,1169,4496,4322,12872,18239,15346,45764,-1570,-1169,-40317,174,-5367,-19465,-16563,-13902,-30418,3
2022-01-09 07:00:00,151388,212439,1598,21595,10124,27828,3875,17983,21303,24018,0,1258,4310,4486,13190,18741,14347,47644,-2715,-1258,-61051,-176,-5551,-19997,-17704,-14108,-33297,3
2022-01-09 08:00:00,148539,227524,2259,22334,11859,29848,3799,18427,23560,26046,0,1389,3933,4651,13555,19485,14055,48748,-2486,-1389,-78985,-718,-5930,-20075,-17989,-14628,-34693,3
2022-01-09 09:00:00,148408,235864,2632,22777,13301,30967,3591,18352,24596,27195,0,1543,3694,4716,13581,19911,12844,48586,-2599,-1543,-87456,-1022,-6330,-20145,-17666,-14761,-35742,3
2022-01-09 10:00:00,147555,242909,2562,22957,12448,31067,3380,18561,25285,27654,0,1748,3378,4724,13681,19965,11431,47980,-2369,-1748,-95354,-1346,-6284,-20395,-18619,-15181,-36549,3
2022-01-09 11:00:00,140607,240097,2287,22639,11574,29777,3093,19111,26883,28513,0,1922,3154,4655,13708,20045,10485,47366,-1630,-1922,-99490,-1501,-6337,-20352,-18203,-16018,-36881,3
2022-01-09 12:00:00,131790,232449,1878,22221,10763,29246,2739,19472,27550,28661,0,2039,2992,4602,13838,20295,8520,47128,-1111,-2039,-100659,-1610,-6457,-20343,-18483,-16733,-38608,0
2022-01-09 13:00:00,119303,226801,1268,22253,10142,29206,2825,19621,28221,27297,0,2172,2915,4646,13971,20652,7442,48044,924,-2172,-107498,-1731,-6681,-20985,-19064,-16796,-40602,0
2022-01-09 14:00:00,108985,226526,759,22646,9030,29949,3428,20519,27518,26375,0,1087,3204,4819,14068,21211,5912,49958,1143,-1087,-117541,-1615,-7143,-21887,-20919,-17091,-44046,0
2022-01-09 15:00:00,102188,235075,683,23851,9661,32839,3757,20863,23946,26563,0,1064,3283,5241,14108,21351,4741,54013,-2617,-1064,-132887,-1958,-7243,-23168,-23178,-17106,-49272,1
2022-01-09 16:00:00,103632,247250,681,23925,10144,34144,3802,20845,22191,28870,0,2185,3149,5106,14050,21024,4362,59212,-6679,-2185,-143618,-1957,-6974,-23244,-24000,-17043,-54850,3
2022-01-09 17:00:00,96671,246002,672,23824,9803,34934,3722,20952,22698,30485,0,2470,2929,4812,14002,20458,3993,57664,-7787,-2470,-149331,-1883,-6456,-23152,-25131,-17230,-53671,3
2022-01-09 18:00:00,89102,238126,635,23573,9782,33638,3145,20552,23642,31495,0,2586,2868,4617,13907,19936,3890,55799,-7853,-2586,-149024,-1749,-6029,-22938,-23856,-17407,-51909,3
2022-01-09 19:00:00,84738,227706,594,22900,8829,31415,2413,19668,22311,31201,0,2394,2740,4342,13902,19263,3618,53644,-8890,-2394,-142968,-1602,-5361,-22306,-22586,-17255,-50026,3
2022-01-09 20:00:00,77871,221158,584,21804,8481,28706,2177,18919,21300,28827,0,2227,2635,4114,13852,18517,2575,51308,-7527,-2227,-143287,-1479,-4665,-21220,-20225,-16742,-48733,3
2022-01-09 21:00:00,72420,215384,581,20834,8343,25750,1973,17734,20259,26133,0,2048,2549,3893,13694,17979,1888,49131,-5874,-2048,-142964,-1344,-4285,-20253,-17407,-15761,-47243,3
2022-01-09 22:00:00,70451,204593,582,19601,8644,23368,1776,17084,20125,24133,0,1835,2531,3720,13277,17574,1291,46626,-4008,-1835,-134142,-1189,-4297,-19019,-14724,-15308,-45335,3
2022-01-09 23:00:00,71465,197603,577,18692,8675,21998,1761,16764,20537,22429,0,1622,2608,3619,13253,17190,1251,45132,-1892,-1622,-126138,-1011,-3937,-18115,-13323,-15003,-43881,3
2022-01-10 00:00:00,67454,192417,577,18179,8688,21420,1681,16569,21284,21564,0,1430,2710,3560,13200,17050,1050,43895,-280,-1430,-124963,-850,-3850,-17602,-12732,-14888,-42845,0
2022-01-10 01:00:00,63690,192032,566,17774,8123,21319,1584,16597,20644,21061,0,1299,2778,3545,13163,17240,929,43386,-417,-1299,-128342,-767,-4077,-17208,-13196,-15013,-42457,0
2022-01-10 02:00:00,57723,193494,570,17713,7626,21908,1567,17014,19491,21254,0,1275,2969,3666,13306,17532,951,43203,-1763,-1275,-135771,-697,-4226,-17143,-14282,-15447,-42252,3
2022-01-10 03:00:00,53514,201555,568,18563,7521,24281,1564,18255,18464,22053,0,1240,3085,3925,13337,18234,1073,44050,-3589,-1240,-148041,-840,-4897,-17995,-16760,-16691,-42977,3
2022-01-10 04:00:00,50098,220743,575,20888,8248,30474,1628,21426,17160,25328,0,1198,2887,4531,13944,20058,925,46653,-8168,-1198,-170645,-1644,-6114,-20313,-22226,-19798,-45728,1
2022-01-10 05:00:00,47759,252159,617,24367,10208,37249,1865,23775,17768,29847,0,1206,2878,5132,14026,21447,818,51887,-12079,-1206,-204400,-2254,-7421,-23750,-27041,-21910,-51069,1
2022-01-10 06:00:00,54929,276574,708,25575,12865,42412,2539,24863,18221,32334,0,1330,2789,5384,14124,22120,894,59219,-14113,-1330,-221645,-2595,-7996,-24867,-29547,-22324,-58325,1
2022-01-10 07:00:00,58269,286128,1110,25963,14312,44946,2471,25265,19210,33103,0,1667,2875,5344,13963,21583,827,63708,-13893,-1667,-227859,-2469,-7620,-24853,-30634,-22794,-62881,1
2022-01-10 08:00:00,58155,286619,1919,25534,14723,45117,2197,25116,20660,33815,0,2162,2779,5369,13811,21432,932,63368,-13155,-2162,-228464,-2590,-7621,-23615,-30394,-22919,-62436,1
2022-01-10 09:00:00,61934,287550,2822,24952,15037,44791,2060,25331,21636,33804,0,2355,2846,5342,13781,21723,1130,60467,-12168,-2355,-225616,-2496,-7942,-22130,-29754,-23271,-59337,1
2022-01-10 10:00:00,63535,290011,3109,24743,14313,43029,1985,25351,22363,33977,0,2435,2862,5193,13844,22049,1290,57646,-11614,-2435,-226476,-2331,-8205,-21634,-28716,-23366,-56356,3
2022-01-10 11:00:00,60484,289668,3101,24637,14722,43396,1813,25602,22217,33911,0,2429,2867,5252,13554,21836,1474,56018,-11694,-2429,-229184,-2385,-8282,-21536,-28674,-23789,-54544,3
2022-01-10 12:00:00,59272,284994,2583,24457,14331,43917,1712,25658,21774,33422,0,2415,2679,5191,13456,21785,1476,55343,-11648,-2415,-225722,-2512,-8329,-21874,-29586,-23946,-53867,1
2022-01-10 13:00:00,55190,281348,1745,25007,13794,44337,1641,25608,21663,32533,0,2418,2483,5105,13449,22006,1309,56170,-10870,-2418,-226158,-2622,-8557,-23262,-30543,-23967,-54861,1
2022-01-10 14:00:00,50197,279916,1098,25618,13157,44729,2205,26061,20441,31995,0,2361,2427,5318,13543,22489,1341,59861,-11554,-2361,-229719,-2891,-8946,-24520,-31572,-23856,-58520,1
2022-01-10 15:00:00,45056,283700,1110,26681,14348,46287,2263,26078,18083,32044,0,2326,2552,5641,13471,22962,1569,63786,-13961,-2326,-238644,-3089,-9491,-25571,-31939,-23815,-62217,1
2022-01-10 16:00:00,50033,293299,1208,26660,14126,45510,2385,25776,18223,33498,0,2402,2497,5485,13201,22806,2057,66666,-15275,-2402,-243266,-2988,-9605,-25452,-31384,-23391,-64609,1
2022-01-10 17:00:00,45434,289802,1148,26454,12990,44555,2175,25573,19414,34548,0,2718,2537,5129,13361,22589,2974,64047,-15134,-2718,-244368,-2592,-9228,-25306,-31565,-23398,-61073,3
2022-01-10 18:00:00,43030,281374,1202,26043,11613,41932,1843,25001,17698,34981,0,2809,2662,4903,13322,22008,3166,61655,-17283,-2809,-238344,-2241,-8686,-24841,-30319,-23158,-58489,3
2022-01-10 19:00:00,41522,264775,1187,25182,9996,38615,1733,23570,15786,34066,0,2564,2630,4673,13247,21208,3563,58648,-18280,-2564,-223253,-2043,-7961,-23995,-28619,-21837,-55085,3
2022-01-10 20:00:00,41912,250931,1157,24104,9446,34607,1642,22125,14934,30896,0,2404,2745,4426,13312,20161,3687,55600,-15962,-2404,-209019,-1681,-6849,-22947,-25161,-20483,-51913,3
2022-01-10 21:00:00,45655,238372,1153,23169,9302,31242,1456,20728,14306,28080,0,2227,2753,4165,13323,19151,4310,52490,-13774,-2227,-192717,-1412,-5828,-22016,-21940,-19272,-48180,3
2022-01-10 22:00:00,53300,226098,1263,22041,9316,28557,1265,19612,13559,26557,0,2005,2675,3930,12742,18650,4874,49466,-12998,-2005,-172798,-1255,-5908,-20778,-19241,-18347,-44592,3
2022-01-10 23:00:00,64156,219177,1241,20742,9609,26981,1196,19218,13519,24788,0,1749,2647,3816,12728,18466,5241,47487,-11269,-1749,-155021,-1169,-5738,-19501,-17372,-18022,-42246,3
2022-01-11 00:00:00,64471,214176,1185,19921,10258,26138,1099,19022,13667,23814,0,1511,2605,3767,12775,18208,6016,46124,-10147,-1511,-149705,-1162,-5433,-18736,-15880,-17923,-40108,3
2022-01-11 01:00:00,64547,213031,1239,19446,11322,25862,965,18956,13059,23397,0,1382,2563,3744,12879,18094,5861,45464,-10338,-1382,-148484,-1181,-5215,-18207,-14540,-17991,-39603,3
2022-01-11 02:00:00,64751,214289,1231,19336,11173,26254,917,19357,12977,23319,0,1375,2525,3803,12967,18149,6158,45187,-10342,-1375,-149538,-1278,-5182,-18105,-15081,-18440,-39029,3
2022-01-11 03:00:00,66306,220219,1287,20089,10690,28108,833,20257,12385,24035,0,1319,2583,4051,13083,18884,6043,45806,-11650,-1319,-153913,-1468,-5801,-18802,-17418,-19424,-39763,1
2022-01-11 04:00:00,64301,235605,1355,21993,10514,33411,733,23058,11970,26496,0,1297,2845,4659,13807,20523,5947,48116,-14526,-1297,-171304,-1814,-6716,-20638,-22897,-22325,-42169,1
2022-01-11 05:00:00,56101,261994,1310,25295,12144,39735,699,25135,13032,30590,0,1305,3321,5287,14191,21842,6274,53687,-17558,-1305,-205893,-1966,-7651,-23985,-27591,-24436,-47413,1
2022-01-11 06:00:00,66367,282448,1380,26236,14657,44754,798,25809,13768,32775,0,1406,3504,5517,14460,22032,6438,60847,-19007,-1406,-216081,-2013,-7572,-24856,-30097,-25011,-54409,1
2022-01-11 07:00:00,74603,288992,1963,26257,15726,46355,1147,26075,15045,33469,0,1722,3686,5498,14703,21983,6305,64084,-18424,-1722,-214389,-1812,-7280,-24294,-30629,-24928,-57779,1
2022-01-11 08:00:00,78118,289867,3002,25839,16672,46236,1551,25763,17053,33755,0,2202,3782,5569,14990,22072,6951,63545,-16702,-2202,-211749,-1787,-7082,-22837,-29564,-24212,-56594,3
2022-01-11 09:00:00,87685,292399,3733,25409,17285,45782,1752,25852,18316,33521,0,2472,3944,5535,14907,21603,7321,60977,-15205,-2472,-204714,-1591,-6696,-21676,-28497,-24100,-53656,3
2022-01-11 10:00:00,97544,295615,4099,25179,17120,43535,1790,25870,19315,33372,0,2487,3955,5419,14845,21697,7281,58366,-14057,-2487,-198071,-1464,-6852,-21080,-26415,-24080,-51085,3
2022-01-11 11:00:00,96235,292385,4069,25264,16563,42748,1692,25904,20598,33181,0,2450,4056,5394,14913,21900,6621,56213,-12583,-2450,-196150,-1338,-6987,-21195,-26185,-24212,-49592,3
2022-01-11 12:00:00,88803,286392,3353,25249,15070,43332,1309,25717,20986,32658,0,2413,4108,5339,14944,21940,6402,57002,-11672,-2413,-197589,-1231,-6996,-21896,-28262,-24408,-50600,3
2022-01-11 13:00:00,80979,282493,2270,25867,13962,43646,1000,25699,21697,31846,0,2432,4134,5265,14918,22067,5525,58053,-10149,-2432,-201514,-1131,-7149,-23597,-29684,-24699,-52528,3
2022-01-11 14:00:00,73210,281389,1416,26491,13271,44625,1167,26334,20658,31487,0,2353,4109,5471,14906,22396,5206,60762,-10829,-2353,-208179,-1362,-7490,-25075,-31354,-25167,-55556,3
2022-01-11 15:00:00,73334,285594,1296,27392,14918,46385,1520,26376,17856,31697,0,2338,3977,5794,14822,22506,4928,63944,-13841,-2338,-212260,-1817,-7684,-26096,-31467,-24856,-59016,3
2022-01-11 16:00:00,81543,294701,1381,27250,14780,45827,1618,26035,16894,33310,0,2420,3452,5563,14542,22105,4922,67236,-16416,-2420,-213158,-2111,-7563,-25869,-31047,-24417,-62314,3
2022-01-11 17:00:00,80015,291832,1385,27032,13563,44911,1456,25912,17170,34668,0,2719,2925,5177,14330,21495,5029,64483,-17498,-2719,-211817,-2252,-7165,-25647,-31348,-24456,-59454,3
2022-01-11 18:00:00,69344,283071,1335,26577,12593,42122,1249,25398,17875,35194,0,2855,2668,4875,14029,20866,4159,61745,-17319,-2855,-213727,-2207,-6837,-25242,-29529,-24149,-57586,3
2022-01-11 19:00:00,63303,267049,1219,25677,11302,38957,1518,23890,16579,34045,0,2620,2391,4629,13728,20112,3186,58320,-17466,-2620,-203746,-2238,-6384,-24458,-27655,-22372,-55134,3
2022-01-11 20:00:00,61785,253942,1225,24587,9913,34949,1581,22446,15599,31023,0,2423,2100,4362,13360,19340,2755,55529,-15424,-2423,-192157,-2262,-5980,-23362,-25036,-20865,-52774,3
2022-01-11 21:00:00,61581,241597,1177,23709,10208,31522,1434,21031,15570,28078,0,2235,1953,4076,13208,18126,2343,52417,-12508,-2235,-180016,-2123,-4918,-22532,-21314,-19597,-50074,3
2022-01-11 22:00:00,58957,227738,1146,22635,10074,28689,1362,19948,16432,26504,0,2002,1927,3888,12600,17712,2200,49631,-10072,-2002,-168781,-1961,-5112,-21489,-18615,-18586,-47431,3
2022-01-11 23:00:00,64304,218357,1134,21509,9676,26931,1365,19416,16204,24986,0,1737,2005,3770,12691,17502,1643,47343,-8782,-1737,-154053,-1765,-4811,-20375,-17255,-18051,-45700,1
2022-01-12 00:00:00,67827,213686,1151,20677,9340,26123,1311,19111,15623,24008,0,1500,2071,3708,12772,17075,1310,45882,-8385,-1500,-145859,-1637,-4303,-19526,-16783,-17800,-44572,1
2022-01-12 01:00:00,69312,211811,1155,19993,9274,26030,1301,19177,15697,23540,0,1370,1934,3682,12776,16788,1601,45020,-7843,-1370,-142499,-1748,-4012,-18838,-16756,-17876,-43419,1
2022-01-12 02:00:00,68637,213957,1165,19883,9202,26615,1240,19437,16374,23447,0,1346,1989,3742,12883,17389,1625,45045,-7073,-1346,-145320,-1753,-4506,-18718,-17413,-18197,-43420,1
2022-01-12 03:00:00,63307,220065,1142,20640,7912,28547,1165,20287,16790,24007,0,1307,2037,3993,13149,18200,1432,45714,-7217,-1307,-156758,-1956,-5051,-19498,-20635,-19122,-44282,1
2022-01-12 04:00:00,54098,232800,1174,22619,8479,33981,1134,23115,16765,26686,0,1271,2050,4560,13643,19474,1337,47920,-9921,-1271,-178702,-2510,-5831,-21445,-25502,-21981,-46583,1
2022-01-12 05:00:00,54833,261563,1069,25810,10748,40543,1419,25064,15566,30786,0,641,2197,5160,14136,21027,1476,53118,-15220,-641,-206730,-2963,-6891,-24741,-29795,-23645,-51642,1
2022-01-12 06:00:00,59758,282451,1249,26641,13196,45140,1866,25790,15017,33129,0,737,2558,5400,14379,21411,1317,60004,-18112,-737,-222693,-2842,-7032,-25392,-31944,-23924,-58687,1
2022-01-12 07:00:00,66229,289199,2224,26295,14572,46679,2136,26069,17345,33884,0,1757,2954,5396,14637,21174,1123,64547,-16539,-1757,-222970,-2442,-6537,-24071,-32107,-23933,-63424,1
2022-01-12 08:00:00,71393,291188,3783,25504,15610,46549,2260,25847,21589,34134,0,2242,3190,5476,14871,21303,1190,64579,-12545,-2242,-219795,-2286,-6432,-21721,-30939,-23587,-63389,1
2022-01-12 09:00:00,76697,292806,4881,25014,15498,45910,2444,25975,23846,33899,0,2414,3268,5436,15139,21203,1380,62658,-10053,-2414,-216109,-2168,-6064,-20133,-30412,-23531,-61278,3
2022-01-12 10:00:00,81952,293175,5153,24695,15777,43685,2579,26042,24159,33662,0,2502,3352,5338,14998,20880,1520,61205,-9503,-2502,-211223,-1986,-5882,-19542,-27908,-23463,-59685,3
2022-01-12 11:00:00,86006,291850,4768,24723,15071,42908,2525,26149,23727,33364,0,2505,3662,5311,15140,20766,1793,60078,-9637,-2505,-205844,-1649,-5626,-19955,-27837,-23624,-58285,3
2022-01-12 12:00:00,85049,287865,3951,24785,13798,43617,2210,25998,23327,32906,0,2473,4004,5259,15353,20727,1809,60336,-9579,-2473,-202816,-1255,-5374,-20834,-29819,-23788,-58527,3
2022-01-12 13:00:00,79954,285096,2467,25716,12412,43996,1918,25887,23523,32136,0,2454,4296,5107,15590,21039,1914,61193,-8613,-2454,-205142,-811,-5449,-23249,-31584,-23969,-59279,3
2022-01-12 14:00:00,75774,284069,1227,26730,12006,45006,2255,26379,22046,31712,0,1182,4344,5228,15926,21328,2399,62342,-9666,-1182,-208295,-884,-5402,-25503,-33000,-24124,-59943,3
2022-01-12 15:00:00,78613,289003,931,27767,12862,46763,2384,26427,17352,31902,0,0,4395,5603,15814,21117,2585,64585,-14550,0,-210390,-1208,-5303,-26836,-33901,-24043,-62000,1
2022-01-12 16:00:00,85646,298630,911,27633,12884,46340,2472,26034,15784,33783,0,1233,4441,5365,15760,20662,2465,67251,-17999,-1233,-212984,-924,-4902,-26722,-33456,-23562,-64786,3
2022-01-12 17:00:00,84905,294938,854,27485,12155,45320,2708,25898,16077,35298,0,2741,4721,5057,15593,20053,2199,64476,-19221,-2741,-210033,-336,-4460,-26631,-33165,-23190,-62277,3
2022-01-12 18:00:00,83444,287785,873,27033,11683,42738,2629,25191,15483,35742,0,2900,4882,4782,15501,19460,2363,61842,-20259,-2900,-204341,100,-3959,-26160,-31055,-22562,-59479,3
2022-01-12 19:00:00,89440,272715,925,26216,9721,39326,2695,23629,14244,34267,0,2655,5067,4514,15216,18743,2717,58721,-20023,-2655,-183275,553,-3527,-25291,-29605,-20934,-56004,3
2022-01-12 20:00:00,92658,259733,949,25142,8682,35244,3125,22070,13578,31228,0,2479,5227,4234,14840,17780,2856,55830,-17650,-2479,-167075,993,-2940,-24193,-26562,-18945,-52974,3
2022-01-12 21:00:00,96772,246974,843,24231,8815,31962,3687,20596,12982,28306,0,2276,5290,4025,14390,16589,3102,52349,-15324,-2276,-150202,1265,-2199,-23388,-23147,-16909,-49247,3
2022-01-12 22:00:00,100513,234360,862,23145,8471,28947,4141,19522,12555,26738,0,2060,5132,3839,14014,15741,3576,49369,-14183,-2060,-133847,1293,-1727,-22283,-20476,-15381,-45793,3
2022-01-12 23:00:00,108001,225337,838,22029,8368,27204,4491,18956,11495,25102,0,1792,5275,3711,13864,15524,3611,47151,-13607,-1792,-117336,1564,-1660,-21191,-18836,-14465,-43540,3
2022-01-13 00:00:00,119427,220080,779,21261,8488,26310,4858,18505,10763,24069,0,1547,5217,3641,13817,15415,3838,45518,-13306,-1547,-100653,1576,-1598,-20482,-17822,-13647,-41680,3
2022-01-13 01:00:00,127688,219787,672,20638,8477,26214,5050,18538,10923,23513,0,1409,5222,3602,13836,15611,3876,44861,-12590,-1409,-92099,1620,-1775,-19966,-17737,-13488,-40985,3
2022-01-13 02:00:00,129367,222182,644,20513,8635,26475,5242,18834,10651,23553,0,1407,5219,3713,13912,15898,3964,44708,-12902,-1407,-92815,1506,-1986,-19869,-17840,-13592,-40744,3
2022-01-13 03:00:00,126750,228035,645,21213,8151,28366,5512,19708,10306,24121,0,1348,5041,3943,14210,16492,3973,45240,-13815,-1348,-101285,1098,-2282,-20568,-20215,-14196,-41267,3
2022-01-13 04:00:00,121307,243643,705,23111,8317,33841,5717,22367,10026,27007,0,1328,5133,4460,14938,17918,4067,47498,-16981,-1328,-122336,673,-2980,-22406,-25524,-16650,-43431,3
2022-01-13 05:00:00,125486,273654,780,26290,10639,40413,5830,24378,11042,31285,0,1334,5123,5105,15679,19624,4513,52813,-20243,-1334,-148168,18,-3945,-25510,-29774,-18548,-48300,3
2022-01-13 06:00:00,130130,294505,917,27226,12827,44828,6101,25144,11906,33618,0,1447,5347,5373,15988,20184,4681,60249,-21712,-1447,-164375,-26,-4196,-26309,-32001,-19043,-55568,3
2022-01-13 07:00:00,133575,301555,1872,27064,15610,46395,6413,25506,13088,34505,0,1758,5509,5253,16050,20216,4543,64439,-21417,-1758,-167980,256,-4166,-25192,-30785,-19093,-59896,3
2022-01-13 08:00:00,133753,302131,3173,26200,17431,45976,6566,25399,15117,34961,0,2244,5699,5319,15903,19798,4460,64834,-19844,-2244,-168378,380,-3895,-23027,-28545,-18833,-60374,3
2022-01-13 09:00:00,141474,302133,4219,25570,17708,45073,6711,25798,16305,34705,0,2446,5713,5337,15680,19552,4818,63751,-18400,-2446,-160659,376,-3872,-21351,-27365,-19087,-58933,3
2022-01-13 10:00:00,150208,303345,4685,25297,17145,42386,6960,25862,16406,34378,0,2531,5790,5257,15533,19600,4908,63052,-17972,-2531,-153137,533,-4067,-20612,-25241,-18902,-58144,3
2022-01-13 11:00:00,152974,302325,4325,25273,15939,41601,6804,25982,16481,34313,0,2553,5541,5350,15701,19590,5439,61934,-17832,-2553,-149351,191,-3889,-20948,-25662,-19178,-56495,3
2022-01-13 12:00:00,152865,296300,3329,25418,14277,42687,6595,25504,16301,33702,0,2569,5520,5265,15739,19307,5327,61813,-17401,-2569,-143435,255,-3568,-22089,-28410,-18909,-56486,3
2022-01-13 13:00:00,145360,294175,2133,26137,11617,43169,6627,25343,15772,32845,0,2586,5273,5139,15913,19797,5531,61946,-17073,-2586,-148815,134,-3884,-24004,-31552,-18716,-56415,3
2022-01-13 14:00:00,135115,292216,1076,26757,10557,44030,6983,25750,14427,32625,0,2512,5499,5272,16066,20141,6039,62985,-18198,-2512,-157101,227,-4075,-25681,-33473,-18767,-56946,3
2022-01-13 15:00:00,133098,293591,789,27570,11749,45944,7197,25674,12767,32886,0,2488,5730,5685,16129,20215,5589,64671,-20119,-2488,-160493,45,-4086,-26781,-34195,-18477,-59082,3
2022-01-13 16:00:00,135630,303956,884,27512,12180,45913,7192,25204,11891,34566,0,2532,5698,5528,16011,19750,5283,67246,-22675,-2532,-168326,170,-3739,-26628,-33733,-18012,-61963,3
2022-01-13 17:00:00,131709,302028,915,27212,11624,45130,6990,25007,12354,35965,0,2810,5313,5206,15939,19468,5302,64666,-23611,-2810,-170319,107,-3529,-26297,-33506,-18017,-59364,3
2022-01-13 18:00:00,128407,293132,944,26691,10064,42536,6814,24344,12826,36414,0,2911,5209,4916,15537,18756,5081,61722,-23588,-2911,-164725,293,-3219,-25747,-32472,-17530,-56641,3
2022-01-13 19:00:00,130758,277271,982,25751,8385,39188,6806,22806,11657,34979,0,2683,5026,4661,15197,17960,5206,58326,-23322,-2683,-146513,365,-2763,-24769,-30803,-16000,-53120,3
2022-01-13 20:00:00,133586,263957,928,24693,7966,35136,6727,21317,9881,31916,0,2509,5066,4424,14874,17334,5515,55203,-22035,-2509,-130371,642,-2460,-23765,-27170,-14590,-49688,3
2022-01-13 21:00:00,138755,252924,876,23775,7644,31729,6640,20023,8965,28876,0,2335,5413,4106,14421,16465,5718,52075,-19911,-2335,-114169,1307,-2044,-22899,-24085,-13383,-46357,3
2022-01-13 22:00:00,146365,239665,933,22718,7227,29019,6645,19024,8728,27354,0,2073,4805,3951,13686,15597,5903,49465,-18626,-2073,-93300,854,-1911,-21785,-21792,-12379,-43562,3
2022-01-13 23:00:00,150881,229726,902,21482,7280,27210,6650,18411,8156,25678,0,1804,4628,3856,13703,15361,5984,47465,-17522,-1804,-78845,772,-1658,-20580,-19930,-11761,-41481,3
2022-01-14 00:00:00,150809,222357,907,20670,7452,26351,6613,18028,7983,24496,0,1568,4568,3785,13768,15101,5513,46195,-16513,-1568,-71548,783,-1333,-19763,-18899,-11415,-40682,3
2022-01-14 01:00:00,150010,221789,1023,20015,7504,26136,6602,17956,7995,24028,0,1439,4569,3740,13776,15215,5004,45366,-16033,-1439,-71779,829,-1439,-18992,-18632,-11354,-40362,3
2022-01-14 02:00:00,149038,224322,1099,19869,6844,26400,6601,18262,8046,23917,0,1435,4560,3777,14068,15579,5608,45174,-15871,-1435,-75284,783,-1511,-18770,-19556,-11661,-39566,3
2022-01-14 03:00:00,148637,231063,1109,20551,6716,28573,6630,19109,7840,24554,0,1395,4610,3991,14279,16256,5208,45689,-16714,-1395,-82426,619,-1977,-19442,-21857,-12479,-40481,3
2022-01-14 04:00:00,141574,246254,1066,22376,7046,34101,6739,21798,8249,27454,0,1369,4637,4573,14986,17828,4355,48005,-19205,-1369,-104680,64,-2842,-21310,-27055,-15059,-43650,3
2022-01-14 05:00:00,136867,274041,1153,25485,9353,40605,6646,23805,9485,31749,0,1386,4937,5186,15672,19398,4003,53461,-22264,-1386,-137174,-249,-3726,-24332,-31252,-17159,-49458,3
2022-01-14 06:00:00,138906,294073,1541,26322,12661,45146,6784,24720,10283,34282,0,1479,4965,5362,16002,19769,4082,60293,-23999,-1479,-155167,-397,-3767,-24781,-32485,-17936,-56211,3
2022-01-14 07:00:00,136985,301616,2364,26151,14808,46339,7083,25181,11759,35235,0,1791,5136,5331,16188,19901,3677,64046,-23476,-1791,-164631,-195,-3713,-23787,-31531,-18098,-60369,3
2022-01-14 08:00:00,139861,301155,3482,25370,16186,45629,7195,25134,13904,35819,0,2241,5064,5336,16190,19845,2978,64963,-21915,-2241,-161294,-272,-3655,-21888,-29443,-17939,-61985,3
2022-01-14 09:00:00,145857,300408,4473,24753,15619,44422,7545,25513,14670,35437,0,2431,5040,5272,16121,19493,2112,64222,-20767,-2431,-154551,-232,-3372,-20280,-28803,-17968,-62110,3
2022-01-14 10:00:00,149444,300469,4959,24563,14678,41958,7592,25605,15117,35217,0,2513,5020,5126,16115,19413,1709,63149,-20100,-2513,-151025,-106,-3298,-19604,-27280,-18013,-61440,3
2022-01-14 11:00:00,144953,297190,4756,24497,14112,41500,7622,25639,14805,34804,0,2548,4815,5000,15954,19280,1644,62672,-19999,-2548,-152237,-185,-3326,-19741,-27388,-18017,-61028,3
2022-01-14 12:00:00,139373,289331,3956,24333,12405,42400,7177,25065,14239,34217,0,2558,4299,4862,15882,19335,1123,62700,-19978,-2558,-149958,-563,-3453,-20377,-29995,-17888,-61577,3
2022-01-14 13:00:00,127154,283502,2536,24911,9874,42562,6791,24740,13731,33144,0,2561,3853,4795,15822,19719,1036,62924,-19413,-2561,-156348,-942,-3897,-22375,-32688,-17949,-61888,3
2022-01-14 14:00:00,111714,281732,1532,25630,9306,43278,6818,25220,12356,32839,0,2442,3545,4987,15900,20216,748,62976,-20483,-2442,-170018,-1442,-4316,-24098,-33972,-18402,-62228,3
2022-01-14 15:00:00,101550,285869,1294,26601,11163,45311,6967,25213,10452,32980,0,2407,3442,5319,15876,20513,574,64041,-22528,-2407,-184319,-1877,-4637,-25307,-34148,-18246,-63467,3
2022-01-14 16:00:00,99113,292966,1392,26489,11860,45246,6757,24849,10106,34386,0,2422,3368,5164,15659,20200,539,66196,-24280,-2422,-193853,-1796,-4541,-25097,-33386,-18092,-65657,3
2022-01-14 17:00:00,88791,288743,1639,26195,11547,44412,6516,24676,10935,35497,0,2628,3299,4808,15285,19555,547,63597,-24562,-2628,-199952,-1509,-4270,-24556,-32865,-18160,-63050,3
2022-01-14 18:00:00,75160,277808,1736,25583,10217,41521,6405,24094,10848,35627,0,2774,3064,4488,15113,18749,554,60363,-24779,-2774,-202648,-1424,-3636,-23847,-31304,-17689,-59809,3
2022-01-14 19:00:00,63697,261000,1687,24746,8069,38169,6156,22589,10099,34654,0,2582,2777,4273,14971,18248,533,57313,-24555,-2582,-197303,-1496,-3277,-23059,-30100,-16433,-56780,3
2022-01-14 20:00:00,57419,246327,1637,23866,7307,34302,5593,21186,8701,31967,0,2395,2269,4091,14621,17728,526,54436,-23266,-2395,-188908,-1822,-3107,-22229,-26995,-15593,-53910,3
2022-01-14 21:00:00,51662,233814,1670,23103,7096,31254,5243,19919,7983,29403,0,2199,2051,3902,14200,17329,512,51598,-21420,-2199,-182152,-1851,-3129,-21433,-24158,-14676,-51086,3
2022-01-14 22:00:00,51925,222329,1642,21968,7701,28515,5089,18910,7036,27798,0,1995,1851,3758,13698,16867,500,49112,-20762,-1995,-170404,-1907,-3169,-20326,-20814,-13821,-48612,3
2022-01-14 23:00:00,51814,212712,1496,20684,7120,26616,4881,18231,6648,25801,0,1776,1753,3640,13332,16626,557,46837,-19153,-1776,-160898,-1887,-3294,-19188,-19496,-13350,-46280,1
2022-01-15 00:00:00,54333,207518,1492,19848,7118,25616,4836,17854,6753,24289,0,1561,1702,3577,13057,16579,676,45188,-17536,-1561,-153185,-1875,-3522,-18356,-18498,-13018,-44512,1
2022-01-15 01:00:00,57479,203283,1512,19133,7121,25111,4715,17782,6777,23561,0,1403,1786,3541,12766,16702,788,44593,-16784,-1403,-145804,-1755,-3936,-17621,-17990,-13067,-43805,1
2022-01-15 02:00:00,55956,200053,1479,18799,7195,25053,4553,17762,6829,23196,0,1387,1697,3521,12628,16705,996,43900,-16367,-1387,-144097,-1824,-4077,-17320,-17858,-13209,-42904,1
2022-01-15 03:00:00,52518,201121,1513,19135,7136,25902,4385,18041,6535,23109,0,1321,1572,3599,12422,16790,1144,43872,-16574,-1321,-148603,-2027,-4368,-17622,-18766,-13656,-42728,1
2022-01-15 04:00:00,47279,198901,1463,19660,7274,28684,4119,19143,6505,23648,0,1284,1574,3807,12391,17297,1463,44493,-17143,-1284,-151622,-2233,-4906,-18197,-21410,-15024,-43030,1
2022-01-15 05:00:00,43449,203500,1414,21059,7830,31885,3750,19989,7445,25212,0,1280,1605,4122,12565,17762,1796,46246,-17767,-1280,-160051,-2517,-5197,-19645,-24055,-16239,-44450,1
2022-01-15 06:00:00,42413,215724,1589,22200,10461,34754,3551,20751,7931,26854,0,1324,1560,4340,12811,18385,1884,49378,-18923,-1324,-173311,-2780,-5574,-20611,-24293,-17200,-47494,1
2022-01-15 07:00:00,42957,229021,2612,22736,12954,36252,3781,21392,10542,29216,0,1481,1689,4537,13122,19010,2057,53057,-18674,-1481,-186064,-2848,-5888,-20124,-23298,-17611,-51000,1
2022-01-15 08:00:00,49821,239341,4003,22526,13888,35865,4066,21711,13183,30864,0,1698,1791,4564,13097,19144,1945,55895,-17681,-1698,-189520,-2773,-6047,-18523,-21977,-17645,-53950,1
2022-01-15 09:00:00,59700,245240,4969,22280,15455,34682,4114,21778,13907,30880,0,1916,1900,4579,13079,19414,1998,56459,-16973,-1916,-185540,-2679,-6335,-17311,-19227,-17664,-54461,1
2022-01-15 10:00:00,65315,248095,5447,22207,15798,32713,4062,21716,14067,30391,0,2122,1985,4523,12619,18966,2162,56599,-16324,-2122,-182780,-2538,-6347,-16760,-16915,-17654,-54437,1
2022-01-15 11:00:00,62699,245333,5309,21903,15387,31360,3829,21781,13444,30378,0,2225,1956,4414,12558,18644,2030,56235,-16934,-2225,-182634,-2458,-6086,-16594,-15973,-17952,-54205,1
2022-01-15 12:00:00,58434,238519,4423,21510,13398,30918,3153,21572,13028,29999,0,2284,1890,4342,12589,18627,2197,55693,-16971,-2284,-180085,-2452,-6038,-17087,-17520,-18419,-53496,1
2022-01-15 13:00:00,50001,233899,2794,21947,9417,30920,2539,21702,12826,28900,0,2297,1920,4391,12827,18852,2045,55572,-16074,-2297,-183898,-2471,-6025,-19153,-21503,-19163,-53527,1
2022-01-15 14:00:00,44508,233828,1310,22846,7185,31791,2842,22466,11580,28285,0,2233,2087,4622,13180,19540,1853,55822,-16705,-2233,-189320,-2535,-6360,-21536,-24606,-19624,-53969,1
2022-01-15 15:00:00,46372,240890,858,24105,8483,35235,2828,22635,9370,28395,0,2153,2370,5053,13403,19641,1872,57651,-19025,-2153,-194518,-2683,-6238,-23247,-26752,-19807,-55779,1
2022-01-15 16:00:00,55227,252225,860,24341,9369,37051,2593,22493,10677,30611,0,2157,2565,4913,13601,19382,2024,60824,-19934,-2157,-196998,-2348,-5781,-23481,-27682,-19900,-58800,1
2022-01-15 17:00:00,54495,251057,824,24191,9012,37496,2277,22252,11185,31987,0,2383,2623,4574,13878,18750,2084,59169,-20802,-2383,-196562,-1951,-4872,-23367,-28484,-19975,-57085,3
2022-01-15 18:00:00,52283,241172,820,23984,7453,35416,2149,21645,10547,32619,0,2562,2727,4298,14059,18022,2228,56737,-22072,-2562,-188889,-1571,-3963,-23164,-27963,-19496,-54509,3
2022-01-15 19:00:00,50379,227730,812,23265,6694,32660,1757,20587,9096,32464,0,2390,2829,4082,14066,17560,2832,54277,-23368,-2390,-177351,-1253,-3494,-22453,-25966,-18830,-51445,3
2022-01-15 20:00:00,53132,221372,734,22383,5718,29969,1434,19554,8462,30290,0,2185,3017,3905,14089,17145,2825,52162,-21828,-2185,-168240,-888,-3056,-21649,-24251,-18120,-49337,3
2022-01-15 21:00:00,55254,215035,698,21469,5106,27380,1369,18446,7429,27917,0,2004,3196,3694,13642,16689,2504,49838,-20488,-2004,-159781,-498,-3047,-20771,-22274,-17077,-47334,3
2022-01-15 22:00:00,57839,203621,696,20415,5267,25145,1289,17306,7352,25904,0,1848,3381,3523,13282,16471,2777,47355,-18552,-1848,-145782,-142,-3189,-19719,-19878,-16017,-44578,3
2022-01-15 23:00:00,59775,193588,682,19458,4564,23386,1305,16688,6414,24031,0,1680,3604,3402,13042,16159,4223,44875,-17617,-1680,-133813,202,-3117,-18776,-18822,-15383,-40652,3
2022-01-16 00:00:00,63881,187995,689,18861,4338,22316,1347,16257,6669,22647,0,1497,3649,3326,13046,16120,5285,43777,-15978,-1497,-124114,323,-3074,-18172,-17978,-14910,-38492,3
2022-01-16 01:00:00,66176,184931,683,18308,4290,21884,1415,16146,6619,21876,0,1358,3702,3280,13146,15889,7344,43229,-15257,-1358,-118755,422,-2743,-17625,-17594,-14731,-35885,3
2022-01-16 02:00:00,72184,184286,727,18051,4868,21907,1488,16130,6694,21482,0,1321,3609,3285,13098,15498,9041,42893,-14788,-1321,-112102,324,-2400,-17324,-17039,-14642,-33852,3
2022-01-16 03:00:00,76933,185523,763,18265,4507,22404,1553,16368,6559,21513,0,1258,3621,3314,13516,15575,8005,42688,-14954,-1258,-108590,307,-2059,-17502,-17897,-14815,-34683,3
2022-01-16 04:00:00,82729,186771,767,18793,3704,23874,1645,16822,6741,21984,0,1190,3509,3469,13908,15971,7914,42853,-15243,-1190,-104042,40,-2063,-18026,-20170,-15177,-34939,3
2022-01-16 05:00:00,86963,191371,824,19939,3855,25293,1788,17139,6299,22725,0,1164,3679,3735,14250,16730,8210,43794,-16426,-1164,-104408,-56,-2480,-19115,-21438,-15351,-35584,3
2022-01-16 06:00:00,93091,200314,1043,21127,5470,26964,2232,17722,6446,23430,0,1172,3778,4034,14386,16853,8023,45587,-16984,-1172,-107223,-256,-2467,-20084,-21494,-15490,-37564,3
2022-01-16 07:00:00,105264,214490,1902,22214,8031,29124,2718,18481,10154,25557,0,1279,3764,4242,14826,17215,7516,47878,-15403,-1279,-109226,-478,-2389,-20312,-21093,-15763,-40362,3
2022-01-16 08:00:00,118174,230048,2953,22730,10454,29828,3132,18857,12880,27535,0,1432,4126,4396,15235,17782,7627,50163,-14655,-1432,-111874,-270,-2547,-19777,-19374,-15725,-42536,3
2022-01-16 09:00:00,129859,240300,3613,22955,11058,29804,3543,19179,12807,28260,0,1576,4707,4546,15629,18307,7157,50883,-15453,-1576,-110441,161,-2678,-19342,-18746,-15636,-43726,3
2022-01-16 10:00:00,139766,249791,3906,22918,11434,29697,3792,19485,13540,28140,0,1818,5179,4666,15701,18484,8146,51880,-14600,-1818,-110025,513,-2783,-19012,-18263,-15693,-43734,3
2022-01-16 11:00:00,155956,251461,3778,22371,11625,28308,3770,19756,13362,28600,0,1975,5038,4662,15781,18590,9299,52495,-15238,-1975,-95505,376,-2809,-18593,-16683,-15986,-43196,3
2022-01-16 12:00:00,156052,246711,3202,22047,11208,27782,3558,19652,13403,28662,0,2080,4933,4641,15629,18573,10592,52517,-15259,-2080,-90659,292,-2944,-18845,-16574,-16094,-41925,3
2022-01-16 13:00:00,153918,243894,2173,22195,8337,27805,3966,19637,13418,27476,0,2160,5247,4592,15416,19097,9871,52405,-14058,-2160,-89976,655,-3681,-20022,-19468,-15671,-42534,3
2022-01-16 14:00:00,148593,241998,1154,22751,5999,28597,4999,20182,12099,26821,0,2087,5371,4791,15194,19511,8464,52845,-14722,-2087,-93405,580,-4317,-21597,-22598,-15183,-44381,3
2022-01-16 15:00:00,147354,249200,810,24044,7193,31971,5669,20605,9391,26841,0,2046,5699,5232,15262,19783,7791,54883,-17450,-2046,-101846,467,-4521,-23234,-24778,-14936,-47092,3
2022-01-16 16:00:00,152047,261845,780,24604,8879,33875,5905,20589,9565,29284,0,2091,5441,5085,15222,19345,8526,59159,-19719,-2091,-109798,356,-4123,-23824,-24996,-14684,-50633,3
2022-01-16 17:00:00,157159,261265,968,24595,9328,34706,6195,20640,10875,31522,0,2333,5090,4755,15259,18973,8863,57967,-20647,-2333,-104106,335,-3714,-23627,-25378,-14445,-49104,3
2022-01-16 18:00:00,155879,252775,1313,24298,8560,33534,6375,20107,10126,32496,0,2539,4810,4565,14934,18359,7859,55862,-22370,-2539,-96896,245,-3425,-22985,-24974,-13732,-48003,3
2022-01-16 19:00:00,157643,237823,1411,23631,7747,31679,6644,19233,9574,32252,0,2375,5142,4345,14705,17849,8708,53237,-22678,-2375,-80180,797,-3144,-22220,-23932,-12589,-44529,3
2022-01-16 20:00:00,164538,235308,1324,22580,7253,28892,6461,18586,8158,30518,0,2211,5120,4142,14874,17665,8782,50987,-22360,-2211,-70770,978,-2791,-21256,-21639,-12125,-42205,3
2022-01-16 21:00:00,165433,230181,1389,21477,7391,26304,6481,17580,6996,27753,0,2062,5128,3887,14902,17191,8089,48442,-20757,-2062,-64748,1241,-2289,-20088,-18913,-11099,-40353,3
2022-01-16 22:00:00,171613,219717,1429,20385,7409,23865,6611,16767,7410,25349,0,1866,4907,3832,13992,16783,7463,46040,-17939,-1866,-48104,1075,-2791,-18956,-16456,-10156,-38577,3
2022-01-16 23:00:00,177907,211227,1442,19402,6867,22601,6649,16271,6307,23671,0,1653,4895,3735,13783,16828,7133,44616,-17364,-1653,-33320,1160,-3045,-17960,-15734,-9622,-37483,3
2022-01-17 00:00:00,182810,208196,1429,18873,6350,22011,6596,16081,5520,22793,0,1445,4963,3701,13846,16889,7700,43473,-17273,-1445,-25386,1262,-3043,-17444,-15661,-9485,-35773,3
2022-01-17 01:00:00,186197,206179,1452,18413,6725,21954,6487,16105,5748,22555,0,1342,5269,3713,13899,16854,8165,42790,-16807,-1342,-19982,1556,-2955,-16961,-15229,-9618,-34625,3
2022-01-17 02:00:00,189522,208843,1394,18247,6509,22481,6335,16490,6344,22646,0,1340,5072,3740,14058,17271,8707,42836,-16302,-1340,-19321,1332,-3213,-16853,-15972,-10155,-34129,3
2022-01-17 03:00:00,191286,216601,1472,19058,5585,24824,6095,17714,6615,23511,0,1317,4862,3985,14555,18182,8849,43633,-16896,-1317,-25315,877,-3627,-17586,-19239,-11619,-34784,3
2022-01-17 04:00:00,185064,234922,1488,21298,6065,31398,6124,20912,8240,26620,0,1297,5145,4621,15814,19938,9979,46022,-18380,-1297,-49858,524,-4124,-19810,-25333,-14788,-36043,3
2022-01-17 05:00:00,181698,267639,1563,24737,8223,38319,6280,22947,10181,31345,0,1324,5730,5261,16836,21281,9946,51296,-21164,-1324,-85941,469,-4445,-23174,-30096,-16667,-41350,3
2022-01-17 06:00:00,180621,291252,1575,25813,11158,43119,6226,24306,10715,33900,0,1437,5840,5361,17023,21452,9817,58114,-23185,-1437,-110631,479,-4429,-24238,-31961,-18080,-48297,3
2022-01-17 07:00:00,183266,302353,2020,26356,12924,44592,6434,24917,12181,34758,0,1773,6067,5425,16999,21283,10398,62250,-22577,-1773,-119087,642,-4284,-24336,-31668,-18483,-51852,3
2022-01-17 08:00:00,186834,306840,2264,26673,13760,44217,6774,24964,13343,35113,0,2277,5912,5453,17247,21293,10134,62775,-21770,-2277,-120006,459,-4046,-24409,-30457,-18190,-52641,3
2022-01-17 09:00:00,192307,309876,2499,26867,13849,43722,6992,25191,13898,34896,0,2468,6036,5438,17083,21045,10147,61468,-20998,-2468,-117569,598,-3962,-24368,-29873,-18199,-51321,3
2022-01-17 10:00:00,196048,309613,2799,26906,12877,41288,7234,25205,14209,34600,0,2558,6038,5331,16765,20602,10383,60274,-20391,-2558,-113565,707,-3837,-24107,-28411,-17971,-49891,3
2022-01-17 11:00:00,194560,308735,2680,27083,13268,41007,7460,25259,14840,34828,0,2537,5897,5308,16653,20574,10225,59545,-19988,-2537,-114175,589,-3921,-24403,-27739,-17799,-49320,3
2022-01-17 12:00:00,190033,304132,2254,26846,11767,41952,7295,24959,14638,34234,0,2500,5670,5243,16800,20820,10233,58868,-19596,-2500,-114099,427,-4020,-24592,-30185,-17664,-48635,3
2022-01-17 13:00:00,179473,300778,1771,26811,9343,42270,6894,24699,14428,33478,0,2480,5216,5193,16860,21174,10005,58372,-19050,-2480,-121305,23,-4314,-25040,-32927,-17805,-48367,3
2022-01-17 14:00:00,165107,296468,1592,26767,7696,42955,6609,25194,13264,33241,0,2379,4282,5375,16823,21144,9035,59956,-19977,-2379,-131361,-1093,-4321,-25175,-35259,-18585,-50921,3
2022-01-17 15:00:00,160850,296465,1445,27083,9546,44760,6635,25435,11097,33495,0,2361,3896,5834,16773,21492,7347,62908,-22398,-2361,-135615,-1938,-4719,-25638,-35214,-18800,-55561,3
2022-01-17 16:00:00,156464,305840,1472,26847,10004,44609,6211,25071,10649,35083,0,2447,3790,5617,16485,21066,7092,66135,-24434,-2447,-149376,-1827,-4581,-25375,-34605,-18860,-59043,3
2022-01-17 17:00:00,143522,303112,1713,26576,9873,44043,5842,25026,12209,36637,0,2740,3958,5243,16524,20512,6399,63985,-24428,-2740,-159590,-1285,-3988,-24863,-34170,-19184,-57586,3
2022-01-17 18:00:00,131501,293185,1697,26083,7162,41385,5658,24421,12116,37064,0,2927,3978,4825,16253,19937,5468,61503,-24948,-2927,-161684,-847,-3684,-24386,-34223,-18763,-56035,3
2022-01-17 19:00:00,116303,274968,1733,25296,5444,38199,5010,22938,11205,35863,0,1356,3737,4588,16022,19152,3901,58369,-24658,-1356,-158665,-851,-3130,-23563,-32755,-17928,-54468,3
2022-01-17 20:00:00,107000,258819,1712,24210,4989,34262,4779,21378,8954,32645,0,0,3432,4325,15507,18574,2917,55240,-23691,0,-151819,-893,-3067,-22498,-29273,-16599,-52323,1
2022-01-17 21:00:00,103457,245152,1731,23360,4791,31046,4734,20149,6446,29424,0,1130,3253,4020,14637,17926,2784,51893,-22978,-1130,-141695,-767,-3289,-21629,-26255,-15415,-49109,3
2022-01-17 22:00:00,101665,230261,1767,22161,4672,28347,4731,19151,5917,27824,0,2062,3176,3831,13760,17746,2689,49138,-21907,-2062,-128596,-655,-3986,-20394,-23675,-14420,-46449,3
2022-01-17 23:00:00,99964,220818,1628,21012,5065,26731,4851,18590,6454,26008,0,1780,2983,3734,13150,17561,2838,46968,-19554,-1780,-120854,-751,-4411,-19384,-21666,-13739,-44130,3
2022-01-18 00:00:00,99479,214577,1525,20177,4902,25922,4805,18218,6274,24935,0,1550,2854,3680,12517,17396,2750,45649,-18661,-1550,-115098,-826,-4879,-18652,-21020,-13413,-42899,3
2022-01-18 01:00:00,88812,209276,1345,19620,5473,25831,4808,18234,5962,24480,0,1403,2894,3599,12256,17280,2462,45058,-18518,-1403,-120464,-705,-5024,-18275,-20358,-13426,-42596,3
2022-01-18 02:00:00,85435,211516,1333,19490,5551,26285,4511,18524,5985,24407,0,1385,3063,3675,12244,17334,2321,44824,-18422,-1385,-126081,-612,-5090,-18157,-20734,-14013,-42503,3
2022-01-18 03:00:00,83484,219264,1427,20331,4183,28231,4243,19384,6000,25001,0,1328,3060,3886,12848,17900,1703,45450,-19001,-1328,-135780,-826,-5052,-18904,-24048,-15141,-43747,3
2022-01-18 04:00:00,74067,232970,1421,22252,4583,33842,3783,22140,6508,27860,0,1317,3096,4521,13753,19194,999,47548,-21352,-1317,-158903,-1425,-5441,-20831,-29259,-18357,-46549,1
2022-01-18 05:00:00,68456,263487,1511,25337,6237,40687,3749,24112,7729,32423,0,1325,3060,5024,14404,20268,666,52841,-24694,-1325,-195031,-1964,-5864,-23826,-34450,-20363,-52175,1
2022-01-18 06:00:00,66018,282542,1852,26068,9714,44859,3696,24928,8985,35017,0,1425,2985,5174,14862,20925,510,59909,-26032,-1425,-216524,-2189,-6063,-24216,-35145,-21232,-59399,1
2022-01-18 07:00:00,67273,286325,3283,25490,12084,45909,3698,25160,11243,36089,0,1757,3169,5161,15131,20730,571,64094,-24846,-1757,-219052,-1992,-5599,-22207,-33825,-21462,-63523,1
2022-01-18 08:00:00,66506,287029,5185,24463,11996,45051,3874,25023,13373,36448,0,2222,3339,5237,15478,21050,1011,64426,-23075,-2222,-220523,-1898,-5572,-19278,-33055,-21149,-63415,3
2022-01-18 09:00:00,72887,288485,6359,23843,11915,43950,3556,25154,13850,35991,0,2407,3630,5198,15448,21187,1695,62990,-22141,-2407,-215598,-1568,-5739,-17484,-32035,-21598,-61295,3
2022-01-18 10:00:00,81411,289751,6728,23787,10748,41682,3210,25158,14059,35679,0,2500,4078,5129,15501,21172,2199,61375,-21620,-2500,-208340,-1051,-5671,-17059,-30934,-21948,-59176,3
2022-01-18 11:00:00,80387,290385,6435,23864,10041,41196,3032,25232,13912,35381,0,2476,4568,5102,15636,20594,2077,60095,-21469,-2476,-209998,-534,-4958,-17429,-31155,-22200,-58018,3
2022-01-18 12:00:00,78039,287435,5511,24016,9181,42261,2746,25053,13564,34638,0,2489,4576,4993,15776,20337,2139,59519,-21074,-2489,-209396,-417,-4561,-18505,-33080,-22307,-57380,3
2022-01-18 13:00:00,76286,284488,3788,24816,7480,43019,2522,25083,13271,33809,0,2545,4452,4903,16238,20636,2397,59825,-20538,-2545,-208202,-451,-4398,-21028,-35539,-22561,-57428,3
2022-01-18 14:00:00,71973,281957,2053,25694,7097,43857,2689,25592,12332,33472,0,2458,4460,5075,16452,20923,2326,61422,-21140,-2458,-209984,-615,-4471,-23641,-36760,-22903,-59096,3
2022-01-18 15:00:00,71282,284599,1588,26804,8083,45736,2874,25849,10514,33672,0,2442,4559,5518,16510,21529,2131,64154,-23158,-2442,-213317,-959,-5019,-25216,-37653,-22975,-62023,3
2022-01-18 16:00:00,79484,294703,1427,27056,9129,45744,3055,25539,9789,35195,0,2504,4407,5298,16281,21222,2010,66816,-25406,-2504,-215219,-891,-4941,-25629,-36615,-22484,-64806,3
2022-01-18 17:00:00,74332,291571,1348,26937,8458,44937,3053,25409,11131,36916,0,2743,4347,4942,15956,20540,1950,64695,-25785,-2743,-217239,-595,-4584,-25589,-36479,-22356,-62745,3
2022-01-18 18:00:00,74386,281729,1329,26446,6661,42275,3207,24818,10461,37324,0,2814,4478,4663,15771,19633,2082,62339,-26863,-2814,-207343,-185,-3862,-25117,-35614,-21611,-60257,3
2022-01-18 19:00:00,74928,267684,1244,25637,5215,38985,3126,23204,9518,36150,0,2567,4636,4352,15607,18790,2354,59096,-26632,-2567,-192756,284,-3183,-24393,-33770,-20078,-56742,3
2022-01-18 20:00:00,82205,257563,1231,24517,4482,34853,3191,21821,8361,33007,0,2378,4724,4090,15529,18194,2548,56091,-24646,-2378,-175358,634,-2665,-23286,-30371,-18630,-53543,3
2022-01-18 21:00:00,86558,246210,1085,23681,4467,31456,3453,20520,7099,29637,0,2202,4783,3869,15408,17227,2413,52714,-22538,-2202,-159652,914,-1819,-22596,-26989,-17067,-50301,3
2022-01-18 22:00:00,93560,232249,958,22689,5369,28816,3542,19533,6664,27837,0,1963,4654,3833,14707,16168,2783,49645,-21173,-1963,-138689,821,-1461,-21731,-23447,-15991,-46862,3
2022-01-18 23:00:00,105028,223905,865,21510,5728,27361,3652,18802,5738,26000,0,1678,4395,3809,14474,15834,3426,47394,-20262,-1678,-118877,586,-1360,-20645,-21633,-15150,-43968,3
2022-01-19 00:00:00,110536,221037,830,20699,6336,26610,3825,18390,4853,24803,0,1431,4265,3730,14342,15882,3654,45759,-19950,-1431,-110501,535,-1540,-19869,-20274,-14565,-42105,3
2022-01-19 01:00:00,109092,217880,810,20160,6297,26363,3841,18436,5051,24385,0,1325,4149,3729,14356,15709,4284,44834,-19334,-1325,-108788,420,-1353,-19350,-20066,-14595,-40550,3
2022-01-19 02:00:00,103487,218916,786,20064,6308,26791,3821,18862,5134,24315,0,1324,4062,3783,14502,16029,4366,44664,-19181,-1324,-115429,279,-1527,-19278,-20483,-15041,-40298,3
2022-01-19 03:00:00,102342,224312,761,20864,5905,28833,3777,19706,5607,24927,0,1240,4622,3955,14791,16859,4560,45275,-19320,-1240,-121970,667,-2068,-20103,-22928,-15929,-40715,3
2022-01-19 04:00:00,103568,241910,766,22790,4820,34433,3682,22209,7074,27903,0,1175,5373,4564,16305,18476,4902,47521,-20829,-1175,-138342,809,-2171,-22024,-29613,-18527,-42619,3
2022-01-19 05:00:00,105834,270584,790,25988,7420,41066,3588,24195,7985,32439,0,1206,5918,5093,16895,19490,5234,52866,-24454,-1206,-164750,825,-2595,-25198,-33646,-20607,-47632,3
2022-01-19 06:00:00,116490,291357,1062,26737,9532,45618,3698,24954,10241,35077,0,1351,5983,5287,17192,19807,6288,60187,-24836,-1351,-174867,696,-2615,-25675,-36086,-21256,-53899,3
2022-01-19 07:00:00,124645,298631,2512,26144,10236,46681,4174,25317,12131,35994,0,1688,6139,5361,17316,19920,7118,64358,-23863,-1688,-173986,778,-2604,-23632,-36445,-21143,-57240,3
2022-01-19 08:00:00,141512,302170,4432,24915,11181,45740,4273,25069,14248,36606,0,2150,6197,5466,17284,20070,8187,65819,-22358,-2150,-160658,731,-2786,-20483,-34559,-20796,-57632,3
2022-01-19 09:00:00,148216,301484,5534,24218,11133,44642,4272,25018,14619,36184,0,2352,6183,5408,17355,20014,9273,65589,-21565,-2352,-153268,775,-2659,-18684,-33509,-20746,-56316,3
2022-01-19 10:00:00,159485,303922,5921,24012,9685,41826,4204,24873,15262,35889,0,2412,6319,5396,17099,19961,10455,64530,-20627,-2412,-144437,923,-2862,-18091,-32141,-20669,-54075,3
2022-01-19 11:00:00,167520,305142,5722,24055,9256,41364,4217,24838,15375,35575,0,2387,6211,5539,17119,20114,11431,63529,-20200,-2387,-137622,672,-2995,-18333,-32108,-20621,-52098,3
2022-01-19 12:00:00,168617,302105,4816,24040,8164,42450,4270,24696,15709,34885,0,2385,6073,5505,17079,20285,12097,63928,-19176,-2385,-133488,568,-3206,-19224,-34286,-20426,-51831,3
2022-01-19 13:00:00,171186,299848,3104,24953,6281,42816,4319,24753,16139,33991,0,2396,5804,5376,17195,20711,12969,63835,-17852,-2396,-128662,428,-3516,-21849,-36535,-20434,-50866,3
2022-01-19 14:00:00,169923,298743,1458,25966,5740,44144,4433,25273,15192,33614,0,2301,6193,5490,17101,20709,13641,64344,-18422,-2301,-128820,703,-3608,-24508,-38404,-20840,-50703,3
2022-01-19 15:00:00,170855,302358,892,27016,7939,46460,5030,25440,12462,33743,0,2288,6441,5805,17088,20688,14957,65615,-21281,-2288,-131503,636,-3600,-26124,-38521,-20410,-50658,3
2022-01-19 16:00:00,179718,312343,954,27376,9222,46382,5456,25132,12306,35447,0,2382,6011,5646,16840,20203,15279,67478,-23141,-2382,-132625,365,-3363,-26422,-37160,-19676,-52199,3
2022-01-19 17:00:00,182386,308135,1116,27263,8770,45104,6046,24966,13874,37151,0,2658,5831,5327,16544,19471,15023,64509,-23277,-2658,-125749,504,-2927,-26147,-36334,-18920,-49486,3
2022-01-19 18:00:00,187684,298690,1092,26791,7047,42167,6265,24495,13824,37705,0,2851,5632,5082,16562,19071,15154,61848,-23881,-2851,-111006,550,-2509,-25699,-35120,-18230,-46694,3
2022-01-19 19:00:00,203390,283489,1049,25852,5595,38799,6434,22947,11894,36444,0,2634,5511,4883,16511,18638,15061,58605,-24550,-2634,-80099,628,-2127,-24803,-33204,-16513,-43544,3
2022-01-19 20:00:00,199467,267379,1130,24822,5644,35085,6520,21639,10824,33240,0,2432,5733,4546,16140,17885,14779,55543,-22416,-2432,-67912,1187,-1745,-23692,-29441,-15119,-40764,3
2022-01-19 21:00:00,193299,256865,1051,23969,5538,31512,6537,20237,10740,29941,0,2234,5875,4301,15316,17541,14366,52236,-19201,-2234,-63566,1574,-2225,-22918,-25974,-13700,-37870,3
2022-01-19 22:00:00,191697,241804,858,22893,5611,29055,6544,19250,10540,28210,0,2006,5839,4122,14939,17256,12905,48905,-17670,-2006,-50107,1717,-2317,-22035,-23444,-12706,-36000,3
2022-01-19 23:00:00,190062,231467,772,21722,6232,27267,6666,18524,10545,26303,0,1736,5953,4069,14759,16957,13953,46783,-15758,-1736,-41405,1884,-2198,-20950,-21035,-11858,-32830,3
2022-01-20 00:00:00,195035,226305,755,20859,6301,26422,6714,18110,10469,25023,0,1524,6075,4029,14825,17176,14297,45068,-14554,-1524,-31270,2046,-2351,-20104,-20121,-11396,-30771,3
2022-01-20 01:00:00,191213,223095,767,20239,6674,26138,6706,18142,10413,24563,0,1400,6039,4074,14966,17311,15771,44512,-14150,-1400,-31882,1965,-2345,-19472,-19464,-11436,-28741,3
2022-01-20 02:00:00,195066,224880,811,20163,6807,26492,6767,18419,10492,24428,0,1375,6063,4160,15244,17596,15672,44452,-13936,-1375,-29814,1903,-2352,-19352,-19685,-11652,-28780,3
2022-01-20 03:00:00,197852,233111,865,20949,6213,28505,6681,19283,10545,25019,0,1339,5737,4352,15501,18481,16014,45073,-14474,-1339,-35259,1385,-2980,-20084,-22292,-12602,-29059,3
2022-01-20 04:00:00,190368,246785,916,22795,6373,34123,6647,21912,10763,28082,0,1310,5603,4958,16219,20207,15902,47470,-17319,-1310,-56417,645,-3988,-21879,-27750,-15265,-31568,3
2022-01-20 05:00:00,186867,276082,986,25829,8020,40602,6746,23814,11739,32484,0,1325,6113,5449,17066,21565,15751,52334,-20745,-1325,-89215,664,-4499,-24843,-32582,-17068,-36583,3
2022-01-20 06:00:00,186422,298020,1161,26915,10413,45320,7047,24704,12617,34998,0,1442,6391,5677,17024,21688,15615,59325,-22381,-1442,-111598,714,-4664,-25754,-34907,-17657,-43710,3
2022-01-20 07:00:00,184069,306185,1750,27282,11203,46643,7391,25017,14682,35869,0,1777,6421,5628,17171,22038,14920,63146,-21187,-1777,-122116,793,-4867,-25532,-35440,-17626,-48226,3
2022-01-20 08:00:00,187515,309565,2496,27202,11327,46491,7637,24862,16570,36262,0,2270,6684,5675,17148,22005,14112,62638,-19692,-2270,-122050,1009,-4857,-24706,-35164,-17225,-48526,3
2022-01-20 09:00:00,192341,309711,2889,27291,11824,45921,8027,25333,17441,35678,0,2446,6698,5656,17015,21747,14893,60177,-18237,-2446,-117370,1042,-4732,-24402,-34097,-17306,-45284,3
2022-01-20 10:00:00,204666,310754,2461,27636,11457,43300,7786,25413,18220,35216,0,2533,6908,5545,17137,21604,15803,58002,-16996,-2533,-106088,1363,-4467,-25175,-31843,-17627,-42199,3
2022-01-20 11:00:00,207569,306751,2438,27542,10472,42820,7649,25559,18975,34942,0,2541,6928,5477,17344,21716,15510,56416,-15967,-2541,-99182,1451,-4372,-25104,-32348,-17910,-40906,3
2022-01-20 12:00:00,199486,301489,2666,26757,10078,44166,7498,25444,19692,34391,0,2569,6559,5452,17387,21662,15831,56655,-14699,-2569,-102003,1107,-4275,-24091,-34088,-17946,-40824,3
2022-01-20 13:00:00,189824,301724,2450,26620,8388,44574,6886,25057,20182,33677,0,2558,6138,5250,17392,22043,16182,58461,-13495,-2558,-111900,888,-4651,-24170,-36186,-18171,-42279,3
2022-01-20 14:00:00,179556,299344,1878,26932,8023,44600,7059,25456,19420,33476,0,2458,5778,5402,17312,22511,15667,60531,-14056,-2458,-119788,376,-5199,-25054,-36577,-18397,-44864,3
2022-01-20 15:00:00,177657,300198,1394,27542,8754,45920,7434,25778,16673,33823,0,2446,5575,5756,17548,22753,15496,63215,-17150,-2446,-122541,-181,-5205,-26148,-37166,-18344,-47719,3
2022-01-20 16:00:00,178544,310695,1286,27499,10220,46108,7166,25462,15783,35358,0,2508,5095,5672,17442,22259,14879,66557,-19575,-2508,-132151,-577,-4817,-26213,-35888,-18296,-51678,3
2022-01-20 17:00:00,175443,309198,1352,27248,10527,45473,6903,25274,17590,37099,0,2776,5092,5275,17332,21750,14536,64959,-19509,-2776,-133755,-183,-4418,-25896,-34946,-18371,-50423,3
2022-01-20 18:00:00,167583,301935,1202,26751,8664,42877,6712,24719,18204,37649,0,2930,4876,5132,17175,20952,13914,62216,-19445,-2930,-134352,-256,-3777,-25549,-34213,-18007,-48302,3
2022-01-20 19:00:00,164397,284708,1139,25898,6722,39145,6634,23256,17689,36496,0,2702,4617,4904,17133,20254,14088,59313,-18807,-2702,-120311,-287,-3121,-24759,-32423,-16622,-45225,3
2022-01-20 20:00:00,154061,269937,1083,24872,6003,35101,6401,21681,15952,33375,0,2527,4549,4716,16848,19477,13022,56182,-17423,-2527,-115876,-167,-2629,-23789,-29098,-15280,-43160,3
2022-01-20 21:00:00,153654,259109,1393,23913,5693,31611,6337,20396,15464,30146,0,2350,4563,4457,16531,18858,12198,52848,-14682,-2350,-105455,106,-2327,-22520,-25918,-14059,-40650,3
2022-01-20 22:00:00,156910,247167,1360,22847,6007,28992,6435,19487,15469,28275,0,2102,4390,4144,16393,18490,9969,49755,-12806,-2102,-90257,246,-2097,-21487,-22985,-13052,-39786,3
2022-01-20 23:00:00,154205,237683,1563,21507,6504,27437,6490,18894,15507,26251,0,1830,4319,3985,15993,18206,9649,46977,-10744,-1830,-83478,334,-2213,-19944,-20933,-12404,-37328,3
2022-01-21 00:00:00,153746,231244,1484,20769,6531,26741,6508,18551,16011,24979,0,1578,4167,3927,15763,17988,10669,45932,-8968,-1578,-77498,240,-2225,-19285,-20210,-12043,-35263,3
2022-01-21 01:00:00,154426,228900,1433,20182,6615,26532,6624,18580,16284,24559,0,1444,3877,3903,15605,18078,9637,45002,-8275,-1444,-74474,-26,-2473,-18749,-19917,-11956,-35365,3
2022-01-21 02:00:00,150328,230460,1596,20094,5715,26954,6642,18852,16330,24415,0,1429,3893,3948,15596,18396,9335,44577,-8085,-1429,-80132,-55,-2800,-18498,-21239,-12210,-35242,3
2022-01-21 03:00:00,144379,236537,1634,20865,5132,28758,6577,19778,16517,24999,0,1379,3939,4215,15776,19010,8698,44928,-8482,-1379,-92158,-276,-3234,-19231,-23626,-13201,-36230,3
2022-01-21 04:00:00,142277,248730,1568,22750,5550,34235,6598,22312,16522,27928,0,1350,3991,4716,16116,20258,8582,47168,-11406,-1350,-106453,-725,-4142,-21182,-28685,-15714,-38586,3
2022-01-21 05:00:00,137069,275602,1545,25714,8123,40665,6585,24188,15933,32523,0,1369,4132,5300,16301,21818,8639,52519,-16590,-1369,-138533,-1168,-5517,-24169,-32542,-17603,-43880,3
2022-01-21 06:00:00,141366,296849,1788,26687,10401,45342,6575,25037,16819,35070,0,1474,4014,5505,16647,22309,8415,59685,-18251,-1474,-155483,-1491,-5662,-24899,-34941,-18462,-51270,1
2022-01-21 07:00:00,144748,302150,2795,26342,12215,47124,6937,25436,18951,36097,0,1770,3803,5418,16403,21850,7598,63504,-17146,-1770,-157402,-1615,-5447,-23547,-34909,-18499,-55906,3
2022-01-21 08:00:00,145063,303368,4628,25447,11974,46707,7275,25440,21692,36361,0,2231,3948,5449,16139,21917,8340,62413,-14669,-2231,-158305,-1501,-5778,-20819,-34733,-18165,-54073,3
2022-01-21 09:00:00,147690,303495,5542,24982,12511,46428,7601,25662,23408,35654,0,2411,3880,5285,15738,21637,9175,60183,-12246,-2411,-155805,-1405,-5899,-19440,-33917,-18061,-51008,3
2022-01-21 10:00:00,149366,304931,5837,25110,12747,43907,7431,25706,25014,35099,0,2517,3978,5092,15453,21327,9113,59256,-10085,-2517,-155565,-1114,-5874,-19273,-31160,-18275,-50143,3
2022-01-21 11:00:00,153047,303247,6116,24909,11941,43050,7058,25754,24512,34647,0,2522,4135,5153,15318,21055,9334,59561,-10135,-2522,-150200,-1018,-5737,-18793,-31109,-18696,-50227,3
2022-01-21 12:00:00,153480,297085,5336,24769,11689,44093,6664,25300,24475,34002,0,2489,4228,5073,15179,20867,9549,60583,-9527,-2489,-143605,-845,-5688,-19433,-32404,-18636,-51034,3
2022-01-21 13:00:00,149757,292100,3666,25468,9639,43839,6150,25113,24617,33368,0,2464,3776,5127,15047,20890,8953,60930,-8751,-2464,-142343,-1351,-5843,-21802,-34200,-18963,-51977,3
2022-01-21 14:00:00,145763,288917,2167,26272,8573,43867,5832,25516,23226,33068,0,2373,3997,5225,14668,21252,8900,61095,-9842,-2373,-143154,-1228,-6584,-24105,-35294,-19684,-52195,3
2022-01-21 15:00:00,147362,292081,1552,27258,9549,45655,5989,25722,19133,33320,0,2346,3920,5652,14586,21568,8786,62514,-14187,-2346,-144719,-1732,-6982,-25706,-36106,-19733,-53728,3
2022-01-21 16:00:00,154645,302555,1529,27344,10930,45849,6128,25234,17188,34793,0,2366,3821,5520,14680,21277,9007,65284,-17605,-2366,-147910,-1699,-6597,-25815,-34919,-19106,-56277,3
2022-01-21 17:00:00,148481,298203,1499,27010,10918,44877,5908,25154,18396,36350,0,1247,3529,5139,14374,20730,8947,62894,-17954,-1247,-149722,-1610,-6356,-25511,-33959,-19246,-53947,1
2022-01-21 18:00:00,152359,287592,1376,26474,8890,42094,5310,24531,18636,36666,0,1358,3333,4756,13936,20123,9162,59968,-18030,-1358,-135233,-1423,-6187,-25098,-33204,-19221,-50806,1
2022-01-21 19:00:00,155468,270735,1552,25553,7994,38768,4679,22996,18247,35791,0,2548,3314,4374,13605,19331,10014,56802,-17544,-2548,-115267,-1060,-5726,-24001,-30774,-18317,-46788,3
2022-01-21 20:00:00,158883,257777,1600,24604,7857,35054,4387,21680,17469,32851,0,2356,2880,4190,13006,18717,9755,53762,-15382,-2356,-98894,-1310,-5711,-23004,-27197,-17293,-44007,3
2022-01-21 21:00:00,161122,248839,1623,23789,7499,31821,4219,20562,16373,29870,0,2177,2706,3965,12770,18343,9263,50796,-13497,-2177,-87717,-1259,-5573,-22166,-24322,-16343,-41533,3
2022-01-21 22:00:00,161821,236079,1552,22758,7713,29165,4065,19510,16275,28291,0,1967,2388,3840,12228,17838,9329,48343,-12016,-1967,-74258,-1452,-5610,-21206,-21452,-15445,-39014,3
2022-01-21 23:00:00,161435,222712,1496,21440,7626,27445,4021,18900,15451,26365,0,1722,2173,3758,11935,17290,7880,45925,-10914,-1722,-61277,-1585,-5355,-19944,-19819,-14879,-38045,3
2022-01-22 00:00:00,162733,216226,1395,20615,8009,26408,4009,18367,15860,25041,0,1508,1895,3687,12144,17329,7275,43972,-9181,-1508,-53493,-1792,-5185,-19220,-18399,-14358,-36697,1
2022-01-22 01:00:00,157211,211031,1275,19855,7515,26025,4113,18193,15535,24159,0,1369,1799,3549,12204,17327,6661,42997,-8624,-1369,-53820,-1750,-5123,-18580,-18510,-14080,-36336,1
2022-01-22 02:00:00,148401,208592,1373,19442,7182,25843,4243,18349,15104,23771,0,1339,2005,3564,12157,17137,5639,42462,-8667,-1339,-60191,-1559,-4980,-18069,-18661,-14106,-36823,1
2022-01-22 03:00:00,133944,207309,1482,19678,6995,26594,4312,18521,14229,23626,0,1279,2007,3784,12286,17350,4993,42393,-9397,-1279,-73365,-1777,-5064,-18196,-19599,-14209,-37400,1
2022-01-22 04:00:00,121450,205316,1469,20322,5857,29359,4260,19510,13286,24160,0,1257,1852,3803,12369,17629,4382,43214,-10874,-1257,-83866,-1951,-5260,-18853,-23502,-15250,-38832,1
2022-01-22 05:00:00,109327,210164,1410,21841,6351,32824,4292,20336,12218,25529,0,1252,1779,4242,12693,18632,4780,45347,-13311,-1252,-100837,-2463,-5939,-20431,-26473,-16044,-40567,1
2022-01-22 06:00:00,98538,219732,1505,23044,8676,35823,4279,21613,11476,27165,0,1282,1843,4510,12821,19457,4513,48806,-15689,-1282,-121194,-2667,-6636,-21539,-27147,-17334,-44293,1
2022-01-22 07:00:00,95503,233462,2025,23883,10534,37709,4408,22674,12543,29454,0,1438,1868,4647,12813,19772,3913,51725,-16911,-1438,-137959,-2779,-6959,-21858,-27175,-18266,-47812,1
2022-01-22 08:00:00,92481,243485,2996,23926,12145,37401,4245,23285,14448,30687,0,1666,2201,4695,12714,19871,3330,54181,-16239,-1666,-151004,-2494,-7157,-20930,-25256,-19040,-50851,1
2022-01-22 09:00:00,91450,248927,3706,23759,12294,36103,4532,23314,16324,31760,0,1871,2388,4624,12776,19835,3109,55473,-15436,-1871,-157477,-2236,-7059,-20053,-23809,-18782,-52364,1
2022-01-22 10:00:00,92281,253016,4425,23351,12762,34330,4111,23142,16112,31479,0,2043,2468,4547,12702,19535,3074,55722,-15367,-2043,-160735,-2079,-6833,-18926,-21568,-19031,-52648,1
2022-01-22 11:00:00,88574,251181,4957,22681,12718,32913,3703,22959,15027,31485,0,2103,2609,4583,12721,19557,3392,55562,-16458,-2103,-162607,-1974,-6836,-17724,-20195,-19256,-52170,3
2022-01-22 12:00:00,86291,244920,4765,22316,11496,32647,3206,22512,14922,31236,0,2121,2407,4544,12778,19569,3322,55290,-16314,-2121,-158629,-2137,-6791,-17551,-21151,-19306,-51968,1
2022-01-22 13:00:00,82200,240782,3540,22702,8209,32445,2693,22047,14550,30201,0,2119,2418,4480,12619,19440,3123,55089,-15651,-2119,-158582,-2062,-6821,-19162,-24236,-19354,-51966,3
2022-01-22 14:00:00,75567,238876,2074,23446,6386,33067,2486,22404,13694,29405,0,2071,2557,4697,12650,19604,2796,55083,-15711,-2071,-163309,-2140,-6954,-21372,-26681,-19918,-52287,1
2022-01-22 15:00:00,77311,243339,1361,24655,7888,36257,2933,22817,11607,29191,0,2045,2679,5066,12887,19833,2915,56510,-17584,-2045,-166028,-2387,-6946,-23294,-28369,-19884,-53595,1
2022-01-22 16:00:00,82970,254881,1289,25142,8728,38333,2917,22640,10404,30811,0,2096,2796,4996,12762,19661,2622,59461,-20407,-2096,-171911,-2200,-6899,-23853,-29605,-19723,-56839,1
2022-01-22 17:00:00,83462,253557,1181,25001,8587,38512,2567,22430,11283,32306,0,2298,2761,4685,12707,19571,2245,58230,-21023,-2298,-170095,-1924,-6864,-23820,-29925,-19863,-55985,3
2022-01-22 18:00:00,76387,243789,1160,24648,7854,36342,2225,21872,10722,33011,0,2519,2643,4461,12645,19184,1891,56009,-22289,-2519,-167402,-1818,-6539,-23488,-28488,-19647,-54118,3
2022-01-22 19:00:00,71080,228390,1086,23812,6877,33474,2202,20706,10317,32892,0,2336,2771,4223,12521,18545,1692,53081,-22575,-2336,-157310,-1452,-6024,-22726,-26597,-18504,-51389,3
2022-01-22 20:00:00,70710,219422,947,22828,6718,30705,2143,19582,8956,30802,0,2140,2746,4043,12511,17958,1331,50581,-21846,-2140,-148712,-1297,-5447,-21881,-23987,-17439,-49250,3
2022-01-22 21:00:00,70320,212950,878,21750,5832,28340,2090,18499,8590,28412,0,1966,2568,3812,12436,17419,1436,48426,-19822,-1966,-142630,-1244,-4983,-20872,-22508,-16409,-46990,3
2022-01-22 22:00:00,71804,201207,914,20691,6530,26157,1907,17415,8427,26330,0,1818,2597,3507,12057,17143,1149,46531,-17903,-1818,-129403,-910,-5086,-19777,-19627,-15508,-45382,3
2022-01-22 23:00:00,74820,192724,893,19663,6303,24524,1791,16899,7423,24316,0,1640,2563,3354,12005,16589,860,44913,-16893,-1640,-117904,-791,-4584,-18770,-18221,-15108,-44053,3
2022-01-23 00:00:00,74951,185833,932,19063,5786,23208,1710,16508,6828,22918,0,1466,2383,3264,11913,16287,730,43537,-16090,-1466,-110882,-881,-4374,-18131,-17422,-14798,-42807,3
2022-01-23 01:00:00,73574,182649,870,18513,6604,22663,1674,16307,6874,22204,0,1348,2243,3203,11889,16149,709,42612,-15330,-1348,-109075,-960,-4260,-17643,-16059,-14633,-41903,3
2022-01-23 02:00:00,75190,182842,908,18186,6769,22576,1557,16515,6710,21939,0,1306,2352,3188,11912,16227,607,42176,-15229,-1306,-107652,-836,-4315,-17278,-15807,-14958,-41569,3
2022-01-23 03:00:00,72504,182913,817,18420,6841,23122,1389,16619,6605,21924,0,1246,2491,3246,12030,16227,571,42298,-15319,-1246,-110409,-755,-4197,-17603,-16281,-15230,-41727,3
2022-01-23 04:00:00,70203,181445,885,18858,5642,24512,1186,17016,6632,22207,0,1207,2613,3368,12076,16777,572,42723,-15575,-1207,-111242,-755,-4701,-17973,-18870,-15830,-42151,3
2022-01-23 05:00:00,67900,183933,926,19947,6145,25837,1061,17262,6772,22975,0,1187,2606,3587,12045,17545,563,43618,-16203,-1187,-116033,-981,-5500,-19021,-19692,-16201,-43055,3
2022-01-23 06:00:00,62594,192688,1361,21022,8489,28004,1023,18160,6553,23681,0,1203,2685,3893,12169,17772,613,45654,-17128,-1203,-130094,-1208,-5603,-19661,-19515,-17137,-45041,1
2022-01-23 07:00:00,58103,204225,1936,22238,11742,30176,1136,19182,8538,25835,0,1301,2610,4108,12219,18068,623,48183,-17297,-1301,-146122,-1498,-5849,-20302,-18434,-18046,-47560,1
2022-01-23 08:00:00,61553,217051,2815,22965,13774,31083,1381,19876,11390,28092,0,1438,2635,4231,12157,18539,736,50528,-16702,-1438,-155498,-1596,-6382,-20150,-17309,-18495,-49792,1
2022-01-23 09:00:00,68229,227228,3672,23184,14186,31127,1645,20282,12989,29068,0,1609,2723,4258,12302,19094,844,51204,-16079,-1609,-158999,-1535,-6792,-19512,-16941,-18637,-50360,3
2022-01-23 10:00:00,73370,235852,4163,23138,13272,30653,1653,20499,13613,29116,0,1830,2766,4266,12356,18712,898,51476,-15503,-1830,-162482,-1500,-6356,-18975,-17381,-18846,-50578,3
2022-01-23 11:00:00,72939,232807,3984,22590,12143,28262,1483,20564,12881,29615,0,1973,2691,4206,12409,18317,917,51621,-16734,-1973,-159868,-1515,-5908,-18606,-16119,-19081,-50704,3
2022-01-23 12:00:00,68130,225857,3471,22124,11610,28007,1168,20322,13231,29684,0,2080,2922,4199,12650,18072,989,51503,-16453,-2080,-157727,-1277,-5422,-18653,-16397,-19154,-50514,3
2022-01-23 13:00:00,61761,221312,2548,22219,9755,28562,836,19968,13399,28440,0,2176,2891,4203,12966,18364,993,51896,-15041,-2176,-159551,-1312,-5398,-19671,-18807,-19132,-50903,3
2022-01-23 14:00:00,56480,219742,1637,22811,8135,29556,696,20383,12479,27836,0,2117,2716,4431,13292,19341,732,52531,-15357,-2117,-163262,-1715,-6049,-21174,-21421,-19687,-51799,3
2022-01-23 15:00:00,52588,226091,1268,23958,8828,32759,965,21120,11397,27751,0,2077,2801,4909,13472,19751,585,54525,-16354,-2077,-173503,-2108,-6279,-22690,-23931,-20155,-53940,1
2022-01-23 16:00:00,53648,240822,1290,24550,10731,35328,1073,21164,10071,29689,0,2116,2857,4782,13533,19410,623,58966,-19618,-2116,-187174,-1925,-5877,-23260,-24597,-20091,-58343,3
2022-01-23 17:00:00,53813,241529,1295,24632,10872,36208,902,21196,10256,31702,0,2316,2871,4428,13507,18938,882,57518,-21446,-2316,-187716,-1557,-5431,-23337,-25336,-20294,-56636,3
2022-01-23 18:00:00,46813,234406,1164,24422,9031,34796,897,20880,10755,32853,0,2480,3113,4181,13706,18343,1088,55278,-22098,-2480,-187593,-1068,-4637,-23258,-25765,-19983,-54190,3
2022-01-23 19:00:00,46831,224958,1058,23698,7831,32538,676,20033,10193,32650,0,2310,3331,3975,13333,17602,1151,52954,-22457,-2310,-178127,-644,-4269,-22640,-24707,-19357,-51803,3
2022-01-23 20:00:00,48408,219613,1128,22621,7529,29902,681,19421,9521,30805,0,2144,3601,3816,13394,17093,1290,50962,-21284,-2144,-171205,-215,-3699,-21493,-22373,-18740,-49672,3
2022-01-23 21:00:00,50218,216361,965,21659,6937,27203,828,18444,8351,28166,0,1976,3790,3586,13147,16458,1203,48653,-19815,-1976,-166143,204,-3311,-20694,-20266,-17616,-47450,3
2022-01-23 22:00:00,54684,204696,812,20637,6760,24629,922,17592,6895,26021,0,1795,3926,3437,12813,16124,1243,46289,-19126,-1795,-150012,489,-3311,-19825,-17869,-16670,-45046,3
2022-01-23 23:00:00,56644,196724,733,19726,6930,23219,1001,17121,6517,24475,0,1574,3893,3335,12764,16147,1562,44870,-17958,-1574,-140080,558,-3383,-18993,-16289,-16120,-43308,3
2022-01-24 00:00:00,59896,192176,663,19260,7303,22650,1091,16952,6281,23485,0,1366,3670,3283,12801,16008,1789,43915,-17204,-1366,-132280,387,-3207,-18597,-15347,-15861,-42126,3
2022-01-24 01:00:00,65730,192041,652,18809,7833,22477,1176,16986,6032,23056,0,1252,3575,3268,13017,15850,1619,43413,-17024,-1252,-126311,307,-2833,-18157,-14644,-15810,-41794,3
2022-01-24 02:00:00,67570,194553,708,18875,6965,23256,1282,17500,6012,23115,0,1262,3670,3347,13421,16193,1553,43290,-17103,-1262,-126983,323,-2772,-18167,-16291,-16218,-41737,3
2022-01-24 03:00:00,61635,202109,715,19809,6218,25836,1432,18618,6023,23986,0,1229,3709,3602,13896,16399,1413,44199,-17963,-1229,-140474,107,-2503,-19094,-19618,-17186,-42786,3
2022-01-24 04:00:00,55734,221649,686,22115,7974,32487,1447,21641,7746,27268,0,1205,3819,4206,14760,18008,1261,47068,-19522,-1205,-165915,-387,-3248,-21429,-24513,-20194,-45807,3
2022-01-24 05:00:00,57347,255950,654,25584,10301,39348,1521,23850,10187,31891,0,1214,3876,4847,15396,19543,1166,52173,-21704,-1214,-198603,-971,-4147,-24930,-29047,-22329,-51007,3
2022-01-24 06:00:00,62582,278202,1008,26538,13864,44680,2026,24988,10911,34694,0,1337,3848,5123,15677,19950,1028,59297,-23783,-1337,-215620,-1275,-4273,-25530,-30816,-22962,-58269,3
2022-01-24 07:00:00,67922,287412,2509,26194,15429,46806,2346,25607,12148,35846,0,1697,3802,5151,15699,19771,977,64025,-23698,-1697,-219490,-1349,-4072,-23685,-31377,-23261,-63048,3
2022-01-24 08:00:00,72814,290176,4328,25213,14556,46257,2500,25602,13527,36539,0,2158,3869,5224,15681,20027,955,64882,-23012,-2158,-217362,-1355,-4346,-20885,-31701,-23102,-63927,3
2022-01-24 09:00:00,76055,292215,5354,24579,14489,45349,2749,25880,14384,36402,0,2342,3926,5233,15518,20088,1044,63624,-22018,-2342,-216160,-1307,-4570,-19225,-30860,-23131,-62580,3
2022-01-24 10:00:00,79288,294269,5746,24455,14096,43015,2739,25783,15251,36253,0,2448,4049,5172,15250,19964,995,62008,-21002,-2448,-214981,-1123,-4714,-18709,-28919,-23044,-61013,3
2022-01-24 11:00:00,81012,294034,5638,24487,14748,43675,2782,25804,14858,36145,0,2431,4033,5156,15091,19953,1018,61026,-21287,-2431,-213022,-1123,-4862,-18849,-28927,-23022,-60008,3
2022-01-24 12:00:00,77361,289963,4856,24506,14309,44668,2525,25514,14362,35584,0,2426,3978,5149,15108,19929,1043,60899,-21222,-2426,-212602,-1171,-4821,-19650,-30359,-22989,-59856,3
2022-01-24 13:00:00,68828,285257,3220,25338,13037,45100,2411,25327,13854,34858,0,2426,3872,5048,15205,20000,903,61182,-21004,-2426,-216429,-1176,-4795,-22118,-32063,-22916,-60279,3
2022-01-24 14:00:00,62813,281734,1380,26388,11676,45374,2539,25568,12331,34450,0,2362,3846,5176,15418,20437,749,62337,-22119,-2362,-218921,-1330,-5019,-25008,-33698,-23029,-61588,3
2022-01-24 15:00:00,61243,283047,644,27450,12065,46507,2744,25787,11326,34416,0,2381,3997,5447,15257,20817,665,64072,-23090,-2381,-221804,-1450,-5560,-26806,-34442,-23043,-63407,3
2022-01-24 16:00:00,67389,293543,629,27946,13083,46363,2867,25420,10450,35435,0,2464,4128,5134,15204,20258,662,67371,-24985,-2464,-226154,-1006,-5054,-27317,-33280,-22553,-66709,3
2022-01-24 17:00:00,64705,291757,637,27856,11690,45423,2801,25242,11827,36779,0,2714,3957,4808,14876,19730,650,64949,-24952,-2714,-227052,-851,-4854,-27219,-33733,-22441,-64299,3
2022-01-24 18:00:00,57091,282009,641,27475,10004,42422,2540,24589,12503,37324,0,2893,3708,4513,14672,19365,622,62199,-24821,-2893,-224918,-805,-4693,-26834,-32418,-22049,-61577,3
2022-01-24 19:00:00,47681,266165,680,26640,8234,39434,2505,23088,11571,36032,0,2643,3701,4238,14646,18965,621,58995,-24461,-2643,-218484,-537,-4319,-25960,-31200,-20583,-58374,3
2022-01-24 20:00:00,49070,251994,734,25539,7211,35083,2611,21629,9848,32785,0,2452,3797,4005,14039,18110,671,55828,-22937,-2452,-202924,-208,-4071,-24805,-27872,-19018,-55157,3
2022-01-24 21:00:00,51229,240576,767,24636,6787,31770,2764,20331,7783,29553,0,2271,3908,3732,13542,17132,730,52696,-21770,-2271,-189347,176,-3590,-23869,-24983,-17567,-51966,3
2022-01-24 22:00:00,57076,228487,763,23510,7196,29109,2875,19306,6235,27725,0,2024,4138,3596,13231,16709,660,49722,-21490,-2024,-171411,542,-3478,-22747,-21913,-16431,-49062,3
2022-01-24 23:00:00,63118,219295,777,22346,7944,27272,2972,18764,6362,25899,0,1746,4106,3541,13048,16822,645,47327,-19537,-1746,-156177,565,-3774,-21569,-19328,-15792,-46682,3
2022-01-25 00:00:00,64871,213592,755,21593,8168,26494,2928,18395,6082,24733,0,1527,3833,3463,12772,16838,554,46004,-18651,-1527,-148721,370,-4066,-20838,-18326,-15467,-45450,3
2022-01-25 01:00:00,67899,213095,703,21028,7984,26242,2964,18457,6220,24199,0,1392,3621,3353,12597,16477,538,45478,-17979,-1392,-145196,268,-3880,-20325,-18258,-15493,-44940,3
2022-01-25 02:00:00,70299,215340,658,20959,7624,26621,3037,18790,5909,24074,0,1388,3353,3397,12485,16068,514,45254,-18165,-1388,-145041,-44,-3583,-20301,-18997,-15753,-44740,3
2022-01-25 03:00:00,66717,222765,647,21643,6734,28503,3133,19668,6381,24791,0,1347,2979,3687,12640,16440,507,45947,-18410,-1347,-156048,-708,-3800,-20996,-21769,-16535,-45440,3
2022-01-25 04:00:00,57133,238789,635,23435,7723,34532,3167,22133,6742,27599,0,1322,2769,4182,13539,18343,502,48574,-20857,-1322,-181656,-1413,-4804,-22800,-26809,-18966,-48072,1
2022-01-25 05:00:00,55356,265315,625,26536,9906,41160,3035,23877,8503,32018,0,1341,2659,4835,13607,20214,494,53724,-23515,-1341,-209959,-2176,-6607,-25911,-31254,-20842,-53230,1
2022-01-25 06:00:00,63625,285418,837,27540,14116,46213,3163,24939,10206,34652,0,1444,2631,5042,13513,20776,488,60406,-24446,-1444,-221793,-2411,-7263,-26703,-32097,-21776,-59918,1
2022-01-25 07:00:00,63666,292596,1516,27734,15090,47941,3493,25403,12257,35656,0,1773,2476,4944,13306,20797,492,64247,-23399,-1773,-228930,-2468,-7491,-26218,-32851,-21910,-63755,1
2022-01-25 08:00:00,67468,294162,2129,27677,15956,47569,3502,25396,13497,36067,0,2263,2524,4953,13300,20734,484,65236,-22570,-2263,-226694,-2429,-7434,-25548,-31613,-21894,-64752,1
2022-01-25 09:00:00,69824,296940,2401,27671,15628,46730,3619,25766,14127,35722,0,2457,2592,4970,13067,20284,543,65066,-21595,-2457,-227116,-2378,-7217,-25270,-31102,-22147,-64523,3
2022-01-25 10:00:00,76241,300265,2499,27647,14471,44117,3688,25844,14790,35466,0,2549,2594,4915,12938,20504,563,64265,-20676,-2549,-224024,-2321,-7566,-25148,-29646,-22156,-63702,3
2022-01-25 11:00:00,76632,298907,2352,27573,13834,43667,3582,25907,14420,35343,0,2560,2656,4915,12798,20124,607,63664,-20923,-2560,-222275,-2259,-7326,-25221,-29833,-22325,-63057,3
2022-01-25 12:00:00,75577,293267,1973,27216,13365,44966,3215,25480,14111,34925,0,2558,2619,4889,12561,19782,739,63430,-20814,-2558,-217690,-2270,-7221,-25243,-31601,-22265,-62691,3
2022-01-25 13:00:00,71114,289017,1541,27379,11759,45396,2847,25194,13616,34096,0,2540,2529,4693,12758,20193,737,63146,-20480,-2540,-217903,-2164,-7435,-25838,-33637,-22347,-62409,3
2022-01-25 14:00:00,64667,285814,1114,27579,9910,45525,3114,25402,12771,33767,0,2435,2400,4842,12844,20703,707,63613,-20996,-2435,-221147,-2442,-7859,-26465,-35615,-22288,-62906,1
2022-01-25 15:00:00,65197,285238,932,28092,10555,46826,3236,25645,11151,33695,0,2409,2294,5171,12978,21150,812,64918,-22544,-2409,-220041,-2877,-8172,-27160,-36271,-22409,-64106,1
2022-01-25 16:00:00,66721,294683,1045,28194,13105,47232,3209,25304,10904,34900,0,2464,2308,4915,12972,20887,910,67329,-23996,-2464,-227962,-2607,-7915,-27149,-34127,-22095,-66419,1
2022-01-25 17:00:00,61600,293376,1068,27893,11540,46069,3054,25183,11864,36447,0,2680,2608,4798,13130,20479,930,64883,-24583,-2680,-231776,-2190,-7349,-26825,-34529,-22129,-63953,3
2022-01-25 18:00:00,57383,283505,1124,27335,9295,43147,2722,24556,12198,37006,0,2910,2684,4559,13071,20072,857,62290,-24808,-2910,-226122,-1875,-7001,-26211,-33852,-21834,-61433,3
2022-01-25 19:00:00,54429,267673,1208,26331,7876,39873,2204,23076,11799,35786,0,2666,2917,4213,12959,19443,888,59293,-23987,-2666,-213244,-1296,-6484,-25123,-31997,-20872,-58405,3
2022-01-25 20:00:00,56268,254492,1265,25233,6959,35640,2079,21626,9944,32629,0,2483,3429,3952,12427,18529,980,56284,-22685,-2483,-198224,-523,-6102,-23968,-28681,-19547,-55304,3
2022-01-25 21:00:00,60613,243092,1250,24389,6690,31958,1934,20269,8623,29338,0,2284,4005,3734,12398,17562,1300,52707,-20715,-2284,-182479,271,-5164,-23139,-25268,-18335,-51407,3
2022-01-25 22:00:00,69878,230721,1390,23322,6558,29305,1911,19186,9047,27578,0,2058,4290,3537,12309,16912,1867,49947,-18531,-2058,-160843,753,-4603,-21932,-22747,-17275,-48080,3
2022-01-25 23:00:00,76928,222196,1323,22052,6761,27549,1889,18596,7977,25748,0,1776,4449,3507,12291,16187,2628,47749,-17771,-1776,-145268,942,-3896,-20729,-20788,-16707,-45121,3
2022-01-26 00:00:00,83566,218002,1216,21272,6972,26833,1961,18227,7362,24682,0,1539,4633,3492,12471,15929,2788,45851,-17320,-1539,-134436,1141,-3458,-20056,-19861,-16266,-43063,3
2022-01-26 01:00:00,91893,217227,1115,20633,7187,26723,2114,18271,6841,24115,0,1401,4651,3467,12783,15878,3306,45324,-17274,-1401,-125334,1184,-3095,-19518,-19536,-16157,-42018,3
2022-01-26 02:00:00,96336,219895,1149,20448,7265,26898,2217,18756,6805,24046,0,1397,4840,3509,13354,16125,4596,45074,-17241,-1397,-123559,1331,-2771,-19299,-19633,-16539,-40478,3
2022-01-26 03:00:00,93023,226338,1113,21094,6739,28987,2343,19638,6962,24748,0,1337,4831,3735,13713,16609,4932,45599,-17786,-1337,-133315,1096,-2896,-19981,-22248,-17295,-40667,3
2022-01-26 04:00:00,92639,241526,1132,22913,7340,35068,2515,21842,7543,27639,0,1312,4962,4326,14692,18208,4996,47919,-20096,-1312,-148887,636,-3516,-21781,-27728,-19327,-42923,3
2022-01-26 05:00:00,98662,271876,1133,25908,8941,41552,2717,23671,9287,32072,0,1315,5367,4954,15452,19821,5449,52667,-22785,-1315,-173214,413,-4369,-24775,-32611,-20954,-47218,3
2022-01-26 06:00:00,105303,290946,1177,26946,11905,46033,3305,24773,10865,34629,0,1430,5473,5182,15768,20117,5663,59806,-23764,-1430,-185643,291,-4349,-25769,-34128,-21468,-54143,3
2022-01-26 07:00:00,108852,298677,1399,27261,13149,47581,3776,25205,12779,35660,0,1736,5332,5180,15749,19935,5201,64188,-22881,-1736,-189825,152,-4186,-25862,-34432,-21429,-58987,3
2022-01-26 08:00:00,113704,300840,1648,27249,13342,47021,4145,25194,14067,36046,0,2193,5365,5323,15766,19911,5004,65408,-21979,-2193,-187136,42,-4145,-25601,-33679,-21049,-60404,3
2022-01-26 09:00:00,122556,305191,1979,27151,13268,46295,4633,25614,14332,35605,0,2341,5341,5334,15578,19704,4776,65428,-21273,-2341,-182635,7,-4126,-25172,-33027,-20981,-60652,3
2022-01-26 10:00:00,127433,309360,2360,27125,12349,43842,5105,25772,14608,35355,0,2415,5334,5220,15624,20249,5213,64725,-20747,-2415,-181927,114,-4625,-24765,-31493,-20667,-59512,3
2022-01-26 11:00:00,128057,309067,2407,26938,11666,43310,5312,25873,14643,35213,0,2422,5405,5257,15350,20166,5171,63730,-20570,-2422,-181010,148,-4816,-24531,-31644,-20561,-58559,3
2022-01-26 12:00:00,129615,305404,2220,26508,11301,44385,5229,25478,14494,34512,0,2418,5465,5254,15196,19859,5521,63789,-20018,-2418,-175789,211,-4663,-24288,-33084,-20249,-58268,3
2022-01-26 13:00:00,131622,302050,1785,26601,10717,44986,5135,25075,13746,33751,0,2429,5422,5114,15186,19917,5660,63680,-20005,-2429,-170428,308,-4731,-24816,-34269,-19940,-58020,3
2022-01-26 14:00:00,129879,297457,1214,26784,9809,45631,5200,25248,12926,33314,0,2332,5339,5234,15338,20062,6456,63730,-20388,-2332,-167578,105,-4724,-25570,-35822,-20048,-57274,3
2022-01-26 15:00:00,127797,297314,901,27309,9948,46997,5529,25581,11835,33535,0,2309,5199,5609,15459,20541,7403,64826,-21700,-2309,-169517,-410,-5082,-26408,-37049,-20052,-57423,3
2022-01-26 16:00:00,135168,305399,909,27592,11034,47247,5714,25185,11805,34693,0,2401,5061,5437,15433,20346,8422,67372,-22888,-2401,-170231,-376,-4913,-26683,-36213,-19471,-58950,3
2022-01-26 17:00:00,138983,302700,928,27473,10332,46209,6016,25086,13229,36435,0,2604,4783,5157,15313,19957,10327,64744,-23206,-2604,-163717,-374,-4644,-26545,-35877,-19070,-54417,3
2022-01-26 18:00:00,137919,293270,906,26968,8573,43469,6234,24415,13552,36956,0,2728,4480,4894,14791,19324,12217,62100,-23404,-2728,-155351,-414,-4533,-26062,-34896,-18181,-49883,3
2022-01-26 19:00:00,139442,276468,923,26111,7533,40081,6251,22806,13144,35741,0,2518,4075,4643,14323,18697,12741,58902,-22597,-2518,-137026,-568,-4374,-25188,-32548,-16555,-46161,3
2022-01-26 20:00:00,140084,261934,958,25022,6439,35836,6057,21355,10747,32547,0,2339,4052,4436,13705,17857,14518,55368,-21800,-2339,-121850,-384,-4152,-24064,-29397,-15298,-40850,3
2022-01-26 21:00:00,142879,249625,944,24202,6142,32294,5801,19985,8798,29256,0,2171,4255,4205,12979,17000,15260,51499,-20458,-2171,-106746,50,-4021,-23258,-26152,-14184,-36239,3
2022-01-26 22:00:00,150367,237733,900,23108,5189,29159,5707,19081,8520,27530,0,1932,4272,3984,12373,16584,15737,48971,-19010,-1932,-87366,288,-4211,-22208,-23970,-13374,-33234,3
2022-01-26 23:00:00,157769,229000,898,21808,5348,27465,5670,18504,7517,25797,865,1649,4695,3912,11696,16174,15798,46721,-18280,-784,-71231,783,-4478,-20910,-22117,-12834,-30923,3
2022-01-27 00:00:00,164895,225922,913,20986,5162,26588,5599,18105,7110,24596,2042,1424,4637,3825,11209,15759,16103,45289,-17486,618,-61027,812,-4550,-20073,-21426,-12506,-29186,3
2022-01-27 01:00:00,171274,224274,840,20356,5582,26343,5659,18228,6449,24061,1852,1304,4789,3786,11231,15546,16450,44319,-17612,548,-53000,1003,-4315,-19516,-20761,-12569,-27869,3
2022-01-27 02:00:00,176025,224262,855,20250,5295,26740,5648,18518,6469,24068,1344,1305,4752,3838,11636,15856,16663,43847,-17599,39,-48237,914,-4220,-19395,-21445,-12870,-27184,3
2022-01-27 03:00:00,174827,231010,895,20953,5634,28908,5659,19274,6424,24733,851,1282,4832,4065,12357,16391,16825,44446,-18309,-431,-56183,767,-4034,-20058,-23274,-13615,-27621,3
2022-01-27 04:00:00,175992,245760,880,22767,6147,34625,5835,21732,6863,27525,864,1236,4880,4521,13681,17787,16907,46847,-20662,-372,-69768,359,-4106,-21887,-28478,-15897,-29940,3
2022-01-27 05:00:00,178637,276432,862,25689,7690,41177,6003,23489,9073,31919,1354,1245,5167,5135,15212,19846,16727,51328,-22846,109,-97795,32,-4634,-24827,-33487,-17486,-34601,1
2022-01-27 06:00:00,183068,294767,998,26706,9873,45870,6283,24560,10864,34406,1834,1358,5142,5315,15568,19899,16494,58087,-23542,476,-111699,-173,-4331,-25708,-35997,-18277,-41593,1
2022-01-27 07:00:00,179825,301437,1392,27053,10828,47284,6799,25132,12725,35329,1490,1680,5154,5324,15540,19957,16415,62303,-22604,-190,-121612,-170,-4417,-25661,-36456,-18333,-45888,3
2022-01-27 08:00:00,184521,305916,2235,26829,11303,47050,7225,25210,14100,35490,1358,2145,5357,5435,15436,20112,16195,63371,-21390,-787,-121395,-78,-4676,-24594,-35747,-17985,-47176,3
2022-01-27 09:00:00,192396,309378,3108,26420,10635,46261,7259,25472,14093,34971,1396,2292,5441,5376,15249,20093,16164,62868,-20878,-896,-116982,65,-4844,-23312,-35626,-18213,-46704,3
2022-01-27 10:00:00,198394,312683,3781,25947,10604,44059,7310,25762,14040,34722,1640,2347,5458,5384,15166,19882,16065,62250,-20682,-707,-114289,74,-4716,-22166,-33455,-18452,-46185,3
2022-01-27 11:00:00,200964,308964,4084,25490,9569,43015,7386,25835,13858,34386,1734,2326,5322,5367,14921,19712,16094,60972,-20528,-592,-108000,-45,-4791,-21406,-33446,-18449,-44878,3
2022-01-27 12:00:00,197337,302725,3727,25089,9028,44074,7185,25472,13687,33763,1714,2337,5167,5294,14844,19748,16045,60157,-20076,-623,-105388,-127,-4904,-21362,-35046,-18287,-44112,3
2022-01-27 13:00:00,191052,298313,2616,25582,8293,44491,7240,25215,13755,33031,1542,2359,4946,5186,15022,19828,15745,59862,-19276,-817,-107261,-240,-4806,-22966,-36198,-17975,-44117,3
2022-01-27 14:00:00,184009,296869,1338,26354,7779,44989,7208,25221,13234,32759,1100,2252,4910,5316,15239,20007,15009,60286,-19525,-1152,-112860,-406,-4768,-25016,-37210,-18013,-45277,3
2022-01-27 15:00:00,183190,299063,977,26987,8734,46434,7169,25406,11716,32859,708,2222,5519,5750,15468,20535,14516,62065,-21143,-1514,-115873,-231,-5067,-26010,-37700,-18237,-47549,3
2022-01-27 16:00:00,187987,308378,1154,27321,9850,46647,7128,25147,12138,34210,561,2299,5277,5611,15563,20350,13594,65265,-22072,-1738,-120391,-334,-4787,-26167,-36797,-18019,-51671,3
2022-01-27 17:00:00,184131,305351,1087,27164,10090,45790,7309,24880,13570,35984,431,2535,4948,5337,15314,20091,14930,63497,-22414,-2104,-121220,-389,-4777,-26077,-35700,-17571,-48567,3
2022-01-27 18:00:00,187700,295805,1281,26618,9022,42873,7326,24136,13898,36541,427,2811,4715,4978,14651,19281,15444,61215,-22643,-2384,-108105,-263,-4630,-25337,-33851,-16810,-45771,3
2022-01-27 19:00:00,193207,280032,1385,25783,7620,39520,7275,22577,13434,35573,396,2629,4900,4718,13997,18489,14719,58343,-22139,-2233,-86825,182,-4492,-24398,-31900,-15302,-43624,3
2022-01-27 20:00:00,198043,265667,1413,24768,6875,35467,7032,21208,12304,32469,212,2466,4962,4478,13384,17599,14533,54882,-20165,-2254,-67624,484,-4215,-23355,-28592,-14176,-40349,3
2022-01-27 21:00:00,198710,253573,1227,23887,7230,31950,6864,19874,11527,29226,132,2287,4803,4187,13473,16995,14048,51366,-17699,-2155,-54863,616,-3522,-22660,-24720,-13010,-37318,3
2022-01-27 22:00:00,201412,240181,1184,22641,7856,29109,6820,18786,11858,27628,130,2057,4586,4043,13247,16409,12537,48329,-15770,-1927,-38769,543,-3162,-21457,-21253,-11966,-35792,3
2022-01-27 23:00:00,201743,230864,1133,21323,7955,27169,6829,18214,11760,25938,70,1797,4713,3955,13323,15905,12678,46386,-14178,-1727,-29121,758,-2582,-20190,-19214,-11385,-33708,3
2022-01-28 00:00:00,202126,224086,1279,20467,7867,26347,6801,17851,11676,24703,0,1561,4598,3900,13766,15813,12398,45378,-13027,-1561,-21960,698,-2047,-19188,-18480,-11050,-32980,3
2022-01-28 01:00:00,200872,221640,1455,19803,8272,26303,6776,17834,12123,24377,0,1427,4512,3849,14215,15864,11202,44331,-12254,-1427,-20768,663,-1649,-18348,-18031,-11058,-33129,3
2022-01-28 02:00:00,198509,223628,1639,19729,8392,26624,6784,18260,11940,24440,0,1416,4312,3941,14603,16172,10645,43538,-12500,-1416,-25119,371,-1569,-18090,-18232,-11476,-32893,3
2022-01-28 03:00:00,194617,230362,1689,20365,8709,28578,6784,19074,11267,25113,0,1353,4098,4135,15145,17013,10110,44367,-13846,-1353,-35745,-37,-1868,-18676,-19869,-12290,-34257,3
2022-01-28 04:00:00,185472,248378,1698,22122,9586,34444,6829,21521,11522,27816,0,1324,3782,4733,16106,18806,9252,46635,-16294,-1324,-62906,-951,-2700,-20424,-24858,-14692,-37383,3
2022-01-28 05:00:00,177484,277040,1748,24966,11066,40654,6811,23130,13460,32270,0,1335,4038,5252,17055,20251,8025,51501,-18810,-1335,-99556,-1214,-3196,-23218,-29588,-16319,-43476,3
2022-01-28 06:00:00,170098,296971,2039,25670,13792,45164,6894,24292,14883,34531,0,1417,3713,5433,17087,20583,6090,58604,-19648,-1417,-126873,-1720,-3496,-23631,-31372,-17398,-52514,1
2022-01-28 07:00:00,164101,303266,3326,25071,15190,46432,6955,24958,16784,35256,0,1704,3832,5289,16906,20528,3638,61739,-18472,-1704,-139165,-1457,-3622,-21745,-31242,-18003,-58101,3
2022-01-28 08:00:00,167117,303442,5009,24323,15334,46163,7110,24986,18150,35310,0,2155,3538,5306,16767,20273,2345,59606,-17160,-2155,-136325,-1768,-3506,-19314,-30829,-17876,-57261,3
2022-01-28 09:00:00,172877,303526,5796,24091,15012,45067,7305,25372,18657,34567,0,2315,2986,5258,16524,20294,1839,55291,-15910,-2315,-130649,-2272,-3770,-18295,-30055,-18067,-53452,3
2022-01-28 10:00:00,165414,303326,5347,24635,14424,42615,7385,25505,18510,34196,0,2416,2664,5155,15770,20064,1557,52262,-15686,-2416,-137912,-2491,-4294,-19288,-28191,-18120,-50705,1
2022-01-28 11:00:00,161532,297587,4714,25055,13894,41692,7244,25481,18554,33837,0,2432,2614,4934,15044,19537,2392,50828,-15283,-2432,-136055,-2320,-4493,-20341,-27798,-18237,-48436,3
2022-01-28 12:00:00,156707,289680,3942,25174,13348,43084,7185,25185,18966,33026,0,2409,2320,4772,14365,19506,3335,50393,-14060,-2409,-132973,-2452,-5141,-21232,-29736,-18000,-47058,1
2022-01-28 13:00:00,141422,286254,2960,25577,11046,43271,6893,24894,19893,31815,0,2366,2342,4675,14222,19834,4805,52728,-11922,-2366,-144832,-2333,-5612,-22617,-32225,-18001,-47923,3
2022-01-28 14:00:00,122307,280971,2133,26105,9231,43364,6550,25033,18784,31619,0,2233,2258,4845,14634,19986,5613,56671,-12835,-2233,-158664,-2587,-5352,-23972,-34133,-18483,-51058,1
2022-01-28 15:00:00,112727,280592,1862,26580,10321,44701,6403,25310,15467,31684,0,2169,2207,5294,15048,20338,6178,60056,-16217,-2169,-167865,-3087,-5290,-24718,-34380,-18907,-53878,1
2022-01-28 16:00:00,119041,290988,1787,26651,11841,45546,6317,24959,14490,33018,0,2170,2550,5060,15520,19684,8362,64353,-18528,-2170,-171947,-2510,-4164,-24864,-33705,-18642,-55991,1
2022-01-28 17:00:00,120602,291465,1744,26449,11692,44682,5934,24771,15308,34969,0,2329,3182,4721,15972,18978,12161,62193,-19661,-2329,-170863,-1539,-3006,-24705,-32990,-18837,-50032,3
2022-01-28 18:00:00,121659,283316,1807,25801,10433,41828,5503,24172,14839,35251,0,2525,3825,4454,16142,18196,13619,60010,-20412,-2525,-161657,-629,-2054,-23994,-31395,-18669,-46391,3
2022-01-28 19:00:00,125830,265129,1852,25001,9318,38510,4671,22653,13986,34308,0,2347,4121,4261,16080,17919,14834,56843,-20322,-2347,-139299,-140,-1839,-23149,-29192,-17982,-42009,3
2022-01-28 20:00:00,125957,252023,1903,24020,8131,34732,4223,21201,12396,31496,0,2202,4464,4061,15534,17176,15658,53493,-19100,-2202,-126066,403,-1642,-22117,-26601,-16978,-37835,3
2022-01-28 21:00:00,132088,242078,1903,23148,8239,31519,3962,20069,11506,28968,0,2001,4920,3914,14842,16612,15548,50440,-17462,-2001,-109990,1006,-1770,-21245,-23280,-16107,-34892,3
2022-01-28 22:00:00,139406,229682,1905,22091,8219,29232,3664,18897,10040,27578,0,1804,5166,3786,13913,16891,15679,48197,-17538,-1804,-90276,1380,-2978,-20186,-21013,-15233,-32518,3
2022-01-28 23:00:00,145326,218008,1840,20794,8046,27318,3566,18256,9276,25701,1463,1588,4808,3687,13708,16875,16028,46046,-16425,-125,-72682,1121,-3167,-18954,-19272,-14690,-30018,3
2022-01-29 00:00:00,158596,210629,1868,19956,8141,26216,3599,17818,9237,24472,1423,1356,4752,3598,13248,16209,15929,44619,-15235,67,-52033,1154,-2961,-18088,-18075,-14219,-28690,3
2022-01-29 01:00:00,166409,206236,1759,19207,8620,25780,3514,17697,8568,23731,1229,1207,4487,3651,12978,15821,16116,43490,-15163,22,-39827,836,-2843,-17448,-17160,-14183,-27374,3
2022-01-29 02:00:00,176160,204587,1557,18901,8574,25721,3482,17777,7809,23445,2517,1165,4740,3600,12868,15962,16354,42781,-15636,1352,-28427,1140,-3094,-17344,-17147,-14295,-26427,1
2022-01-29 03:00:00,183486,205015,1436,19175,8671,26489,3633,17987,7646,23341,2345,1079,4557,3634,12975,16002,16367,42772,-15695,1266,-21529,923,-3027,-17739,-17818,-14354,-26405,1
2022-01-29 04:00:00,191702,208157,1379,19733,9936,29571,3851,19052,7835,23862,1722,1044,4414,3929,13158,16355,16301,43400,-16027,678,-16455,485,-3197,-18354,-19635,-15201,-27099,1
2022-01-29 05:00:00,196023,215241,1175,21224,11332,33111,4183,19745,8186,25283,2815,1016,4447,4197,13613,16835,16102,45143,-17097,1799,-19218,250,-3222,-20049,-21779,-15562,-29041,1
2022-01-29 06:00:00,192036,226557,1269,22038,14276,36226,4923,20756,8081,26669,3118,1064,4564,4422,14200,17376,16425,48101,-18588,2054,-34521,142,-3176,-20769,-21950,-15833,-31676,1
2022-01-29 07:00:00,198840,243630,2897,22162,17013,37788,5857,21700,11102,28963,3341,1297,4631,4683,14485,17970,16942,50568,-17861,2044,-44790,-52,-3485,-19265,-20775,-15843,-33626,1
2022-01-29 08:00:00,205125,256129,4414,22216,18137,37078,6478,21977,13941,30337,3607,1527,5308,4745,14766,18185,17159,53313,-16396,2080,-51004,563,-3419,-17802,-18941,-15499,-36154,1
2022-01-29 09:00:00,215188,263469,5054,22273,18215,35202,6859,22244,14982,30271,3644,1738,5370,4671,14854,18485,17455,52742,-15289,1906,-48281,699,-3631,-17219,-16987,-15385,-35287,1
2022-01-29 10:00:00,217252,266658,5051,22724,18620,33665,7133,22376,15494,29864,3708,1916,5531,4648,14981,18714,17690,51506,-14370,1792,-49406,883,-3733,-17673,-15045,-15243,-33816,1
2022-01-29 11:00:00,219792,262314,4309,22863,18975,32569,7257,22631,15448,29794,3502,1961,5566,4623,14741,18864,17629,50494,-14346,1541,-42522,943,-4123,-18554,-13594,-15374,-32865,1
2022-01-29 12:00:00,224769,257894,3340,22698,17877,32328,7150,22100,15520,29178,3500,1972,5415,4478,14509,18914,17303,50053,-13658,1528,-33125,937,-4405,-19358,-14451,-14950,-32750,1
2022-01-29 13:00:00,219064,253932,2321,22879,15601,32187,7087,21892,15875,28254,2996,1959,5470,4487,14537,18530,16930,51337,-12379,1037,-34868,983,-3993,-20558,-16586,-14805,-34407,1
2022-01-29 14:00:00,206061,248528,1466,23359,12204,32693,7052,22158,14809,27630,2036,1880,5093,4527,15035,18970,16401,51595,-12821,156,-42467,566,-3935,-21893,-20489,-15106,-35194,3
2022-01-29 15:00:00,213972,251342,1079,24216,11480,35437,7398,22514,11245,27428,1928,1830,4549,4893,15459,19391,16071,53055,-16183,98,-37370,-344,-3932,-23137,-23957,-15116,-36984,1
2022-01-29 16:00:00,212686,264775,1109,24475,11893,38126,7333,22180,9563,28917,1807,1871,3835,4791,15443,19385,16921,57295,-19354,-64,-52089,-956,-3942,-23366,-26233,-14847,-40374,1
2022-01-29 17:00:00,212669,262272,1055,24262,11658,38494,7160,21801,10323,30858,1309,2087,3351,4467,14823,19073,17004,56560,-20535,-778,-49603,-1116,-4250,-23207,-26836,-14641,-39556,1
2022-01-29 18:00:00,207447,250736,1022,23897,9784,36050,6994,21069,10955,31775,1295,2389,3417,4260,14479,18540,16839,54793,-20820,-1094,-43289,-843,-4061,-22875,-26266,-14075,-37954,3
2022-01-29 19:00:00,204313,235085,1172,23143,7935,33356,6363,19772,11120,31708,912,2258,3213,4051,14143,17819,17198,51836,-20588,-1346,-30772,-838,-3676,-21971,-25421,-13409,-34638,3
2022-01-29 20:00:00,201696,225049,1145,22187,7080,30639,5637,18713,9795,29763,708,2083,3244,3875,14190,17077,17068,49617,-19968,-1375,-23353,-631,-2887,-21042,-23559,-13076,-32549,3
2022-01-29 21:00:00,202028,220054,1206,21275,6554,28184,4861,17384,8909,27587,523,1937,3010,3699,14156,16678,16839,47890,-18678,-1414,-18026,-689,-2522,-20069,-21630,-12523,-31051,3
2022-01-29 22:00:00,199242,209144,1275,20226,6845,25972,4554,16521,7641,25769,380,916,2978,3607,13776,16653,16885,46072,-18128,-536,-9902,-629,-2877,-18951,-19127,-11967,-29187,1
2022-01-29 23:00:00,189950,198460,1334,19222,6848,23933,4709,15893,7530,23819,115,802,2934,3512,13505,16575,16520,44413,-16289,-687,-8510,-578,-3070,-17888,-17085,-11184,-27893,3
2022-01-30 00:00:00,186459,190068,1541,18469,6185,22871,4791,15543,7694,22504,29,1488,2643,3417,13761,16627,16344,42894,-14810,-1459,-3609,-774,-2866,-16928,-16686,-10752,-26550,3
2022-01-30 01:00:00,189446,186627,1705,17806,6507,22411,4629,15228,7788,21804,54,1380,2445,3386,13795,16657,15935,41660,-14016,-1326,2819,-941,-2862,-16101,-15904,-10599,-25725,2
2022-01-30 02:00:00,185213,185093,1814,17492,7093,22318,4525,15264,7776,21504,80,693,2531,3384,13855,16888,15136,41158,-13728,-613,120,-853,-3033,-15678,-15225,-10739,-26022,2
2022-01-30 03:00:00,184532,186194,1744,17664,6955,22815,4796,15705,7828,21376,120,0,2909,3408,13971,17024,13873,41047,-13548,120,-1662,-499,-3053,-15920,-15860,-10909,-27174,1
2022-01-30 04:00:00,185603,187382,1687,18077,7800,24419,4925,16109,7659,21776,156,624,3458,3606,13648,17340,13461,41767,-14117,-468,-1779,-148,-3692,-16390,-16619,-11184,-28306,3
2022-01-30 05:00:00,186974,191198,1690,19074,7850,25659,4929,16338,7561,22507,279,621,3954,3850,13937,17818,12191,42888,-14946,-342,-4224,104,-3881,-17384,-17809,-11409,-30697,3
2022-01-30 06:00:00,186994,196460,2062,20020,9840,27524,5042,17222,8123,23237,499,637,4208,4071,14132,18074,11371,44430,-15114,-138,-9466,137,-3942,-17958,-17684,-12180,-33059,3
2022-01-30 07:00:00,196578,208036,3493,20619,12772,29488,5469,18220,10466,25220,874,1353,4710,4263,14304,18521,10188,46282,-14754,-479,-11458,447,-4217,-17126,-16716,-12751,-36094,3
2022-01-30 08:00:00,213457,221636,5397,20651,14815,29890,5888,19173,11926,26839,1594,1476,5401,4317,14287,19003,9026,46175,-14913,118,-8179,1084,-4716,-15254,-15075,-13285,-37149,3
2022-01-30 09:00:00,228527,229048,6026,20657,15688,29807,6082,19564,12642,27225,2150,1610,6186,4508,14466,19255,8035,44612,-14583,540,-521,1678,-4789,-14631,-14119,-13482,-36577,3
2022-01-30 10:00:00,238146,235738,6582,20690,16385,29630,6314,19846,12770,26892,2640,1805,6061,4493,14493,19285,7246,42959,-14122,835,2408,1568,-4792,-14108,-13245,-13532,-35713,2
2022-01-30 11:00:00,237972,235159,5790,20409,17116,28027,6425,20188,13222,27018,3342,1912,6188,4450,14695,19261,6607,43269,-13796,1430,2813,1738,-4566,-14619,-10911,-13763,-36662,2
2022-01-30 12:00:00,231675,227824,4743,19764,16610,27675,6402,20010,13678,27021,3438,1997,5997,4449,14758,19091,5533,42780,-13343,1441,3851,1548,-4333,-15021,-11065,-13608,-37247,2
2022-01-30 13:00:00,209172,220186,3606,20176,13224,28112,6341,19676,13239,25824,3478,2078,5312,4465,15285,19411,4691,43901,-12585,1400,-11014,847,-4126,-16570,-14888,-13335,-39210,1
2022-01-30 14:00:00,188869,219398,2349,21023,10424,28565,6264,19883,11733,25336,3742,2069,4890,4592,15956,20030,3433,46968,-13603,1673,-30529,298,-4074,-18674,-18141,-13619,-43535,1
2022-01-30 15:00:00,168805,224777,1667,22168,10191,31210,6650,20564,8210,25418,3808,2040,4381,5011,16003,20494,3034,51234,-17208,1768,-55972,-630,-4491,-20501,-21019,-13914,-48200,1
2022-01-30 16:00:00,165366,244608,1716,23129,11846,34093,6986,20702,9134,27307,3824,2060,3989,5016,16027,20288,4115,57484,-18173,1764,-79242,-1027,-4261,-21413,-22247,-13716,-53369,1
2022-01-30 17:00:00,154948,249024,1731,23306,11669,35016,6917,20596,10434,30099,3766,2188,3571,4776,15918,19783,5265,57541,-19665,1578,-94076,-1205,-3865,-21575,-23347,-13679,-52276,1
2022-01-30 18:00:00,143528,239617,1775,23101,10997,33937,6572,20022,11881,31469,3614,2364,3057,4441,15586,19292,7145,55724,-19588,1250,-96089,-1384,-3706,-21326,-22940,-13450,-48579,1
2022-01-30 19:00:00,127721,229594,1780,22431,9097,31832,6345,19084,11929,31306,3650,2223,2336,4224,15201,18677,9919,53179,-19377,1427,-101873,-1888,-3476,-20651,-22735,-12739,-43260,1
2022-01-30 20:00:00,117474,225586,1827,21411,7687,29322,6210,18530,10618,29622,3666,2074,1875,3968,14592,17780,11664,50514,-19004,1592,-108112,-2093,-3188,-19584,-21635,-12320,-38850,1
2022-01-30 21:00:00,111529,223554,1747,20511,6970,26536,5963,17466,8947,27181,3117,1913,1573,3760,14018,17318,13905,48135,-18234,1204,-112025,-2187,-3300,-18764,-19566,-11503,-34230,1
2022-01-30 22:00:00,116869,214067,1717,19517,7207,24290,5737,16753,9090,25143,3036,1709,1508,3552,13612,17195,15163,45680,-16053,1327,-97198,-2044,-3583,-17800,-17083,-11016,-30517,1
2022-01-30 23:00:00,125149,207844,1618,18661,6741,22912,5367,16294,9294,23575,2845,1467,1475,3519,13236,17116,15824,44072,-14281,1378,-82695,-2044,-3880,-17043,-16171,-10927,-28248,1
2022-01-31 00:00:00,136493,202693,1563,18199,6439,22231,4904,16118,9667,22788,2804,1285,1462,3458,12993,17140,16688,42925,-13121,1519,-66200,-1996,-4147,-16636,-15792,-11214,-26237,1
2022-01-31 01:00:00,140076,202767,1431,17740,6252,22105,4545,16192,10781,22471,2794,1162,1365,3452,12842,17333,17028,42546,-11690,1632,-62691,-2087,-4491,-16309,-15853,-11647,-25518,1
2022-01-31 02:00:00,132173,204309,1235,17679,6386,22819,4175,16603,12964,22482,2630,1164,1361,3519,12760,17328,17085,42279,-9518,1466,-72136,-2158,-4568,-16444,-16433,-12428,-25194,1
2022-01-31 03:00:00,127275,213171,1200,18550,6653,25254,3882,17891,14712,23377,2680,565,1601,3733,12967,17952,17227,42903,-8665,2115,-85896,-2132,-4985,-17350,-18601,-14009,-25676,1
2022-01-31 04:00:00,125588,230887,1127,20744,7158,31716,3336,20888,13586,26536,2651,554,1535,4360,13895,20053,16833,45407,-12950,2097,-105299,-2825,-6158,-19617,-24558,-17552,-28574,1
2022-01-31 05:00:00,126480,262015,1039,24031,8903,38281,2863,22887,15415,30982,2698,1140,1374,4792,14055,21812,16262,50873,-15567,1558,-135535,-3418,-7757,-22992,-29378,-20024,-34611,1
2022-01-31 06:00:00,127077,284265,1153,25039,11686,43102,2539,24196,16604,33372,2908,1283,1258,5059,14167,22243,14876,57147,-16768,1625,-157188,-3801,-8076,-23886,-31416,-21657,-42271,1
2022-01-31 07:00:00,128641,294676,1554,25498,13080,44954,2486,24708,18864,34079,2434,1643,1143,5243,13993,22346,14136,61559,-15215,791,-166035,-4100,-8353,-23944,-31874,-22222,-47423,1
2022-01-31 08:00:00,127361,301092,1952,25520,13575,44461,2369,24721,20831,33964,2194,2104,1058,5291,13720,22170,14595,62448,-13133,90,-173731,-4233,-8450,-23568,-30886,-22352,-47853,1
2022-01-31 09:00:00,125345,302966,2184,25632,15043,44274,2482,25084,21708,33190,2502,2292,942,5188,13322,22073,14709,61623,-11482,210,-177621,-4246,-8751,-23448,-29231,-22602,-46914,1
2022-01-31 10:00:00,123851,306163,2320,25947,15466,42180,2497,25271,22404,32917,2368,2413,909,5022,13355,21997,14694,60985,-10513,-45,-182312,-4113,-8642,-23627,-26714,-22774,-46291,1
2022-01-31 11:00:00,121548,307399,2251,26161,16148,42137,2427,25546,22735,33079,1998,2411,911,5019,13099,21567,14962,60378,-10344,-413,-185851,-4108,-8468,-23910,-25989,-23119,-45416,1
2022-01-31 12:00:00,117818,303665,1912,25975,15578,43155,2111,25061,22847,32584,1826,2446,942,4973,13106,21557,15074,61177,-9737,-620,-185847,-4031,-8451,-24063,-27577,-22950,-46103,1
2022-01-31 13:00:00,114933,297660,1503,25998,14378,43253,1758,24730,23201,31804,1438,2440,887,4954,13232,21880,15364,61397,-8603,-1002,-182727,-4067,-8648,-24495,-28875,-22972,-46033,1
2022-01-31 14:00:00,112008,294358,1057,26170,13182,43638,1605,24846,22847,31389,1268,2403,816,5049,13252,22336,15806,62197,-8542,-1135,-182350,-4233,-9084,-25113,-30456,-23241,-46391,1
2022-01-31 15:00:00,112124,296299,979,26499,13274,44704,1798,25312,20849,31394,1425,2409,891,5533,13232,22890,16321,63451,-10545,-984,-184175,-4642,-9658,-25520,-31430,-23514,-47130,1
2022-01-31 16:00:00,121926,307712,985,26640,12689,44946,2167,25137,20185,32585,1575,2488,952,5383,13271,22768,16746,65752,-12400,-913,-185786,-4431,-9497,-25655,-32257,-22970,-49006,1
2022-01-31 17:00:00,123030,307138,933,26542,11647,44117,2115,24920,21772,34758,2355,2701,1377,5014,13174,22530,16113,63403,-12986,-346,-184108,-3637,-9356,-25609,-32470,-22805,-47290,1
2022-01-31 18:00:00,115828,296912,888,26048,10039,41513,1956,24349,20500,35544,3063,2819,1980,4756,12836,21896,16349,61063,-15044,244,-181084,-2776,-9060,-25160,-31474,-22393,-44714,1
2022-01-31 19:00:00,115898,282075,1069,25140,9336,38561,2035,22946,19054,34473,3289,2555,2211,4523,12567,21431,16695,57770,-15419,734,-166177,-2312,-8864,-24071,-29225,-20911,-41075,1
2022-01-31 20:00:00,120067,269193,1070,24149,8768,34555,1759,21515,17238,31474,3324,2352,2529,4269,11848,20390,15994,54960,-14236,972,-149126,-1740,-8542,-23079,-25787,-19756,-38966,1
2022-01-31 21:00:00,122442,258458,1136,23201,8784,31169,1715,20225,16347,28291,3402,2134,2978,4004,11740,19462,15091,51735,-11944,1268,-136016,-1026,-7722,-22065,-22385,-18510,-36644,1
2022-01-31 22:00:00,130621,242940,1130,22129,8984,28568,1665,19212,16257,26697,3318,1874,3245,3805,11594,18904,13803,48776,-10440,1444,-112319,-560,-7310,-20999,-19584,-17547,-34973,1
2022-01-31 23:00:00,128426,224148,1159,20872,9664,26946,1874,18627,16188,24933,2976,1604,3316,3652,11653,18494,11678,46055,-8745,1372,-95722,-336,-6841,-19713,-17282,-16753,-34377,1
2022-02-01 00:00:00,134003,220100,1149,20104,10210,26087,2008,18355,16542,23922,2792,1377,3554,3598,11660,18334,10646,44520,-7380,1415,-86097,-44,-6674,-18955,-15877,-16347,-33874,1
2022-02-01 01:00:00,134360,218659,1136,19588,10245,25839,1913,18261,17998,23451,2645,1216,3827,3565,11789,18358,9672,43622,-5453,1429,-84299,262,-6569,-18452,-15594,-16348,-33950,1
2022-02-01 02:00:00,134049,219307,1138,19453,10338,26318,1870,18552,18265,23423,2520,1192,3824,3661,11953,18599,10096,43412,-5158,1328,-85258,163,-6646,-18315,-15980,-16682,-33316,1
2022-02-01 03:00:00,137006,224957,1264,20105,9562,28284,1922,19421,17916,24114,2518,1155,3732,3911,12109,19205,11448,44041,-6198,1363,-87951,-179,-7096,-18841,-18722,-17499,-32593,1
2022-02-01 04:00:00,144424,241107,1466,21938,10782,33930,2081,21900,17720,26893,2453,1129,3579,4518,12909,21084,13039,46474,-9173,1324,-96683,-939,-8175,-20472,-23148,-19819,-33435,1
2022-02-01 05:00:00,153902,270510,1508,24818,11785,39767,2518,23600,18127,31442,2566,1140,3738,5142,13330,22501,14846,51668,-13315,1426,-116608,-1404,-9171,-23310,-27982,-21082,-36822,1
2022-02-01 06:00:00,165163,293379,1798,25611,15051,44406,3363,24558,19213,33507,2986,1263,3983,5309,13331,22574,15166,58117,-14294,1723,-128216,-1326,-9243,-23813,-29355,-21195,-42951,1
2022-02-01 07:00:00,173285,303472,2480,25626,18299,46507,3673,24757,20627,34049,3328,1571,4571,5369,13388,22675,15536,61990,-13422,1757,-130187,-798,-9287,-23146,-28208,-21084,-46454,1
2022-02-01 08:00:00,179759,308171,3618,25032,19444,45646,3899,24894,22605,34100,3263,2051,5016,5457,13429,22889,16123,63360,-11495,1212,-128412,-441,-9460,-21414,-26202,-20995,-47237,1
2022-02-01 09:00:00,188885,311129,4733,24608,19208,44992,4383,25517,24768,33867,3222,2173,5621,5503,13422,23039,16395,62844,-9099,1049,-122244,118,-9617,-19875,-25784,-21134,-46449,1
2022-02-01 10:00:00,196356,314755,5132,24655,18624,42598,4499,25671,25067,33636,3343,2241,6065,5450,13428,22782,16484,62780,-8569,1102,-118399,615,-9354,-19523,-23974,-21172,-46296,1
2022-02-01 11:00:00,202184,314883,4712,24792,17932,42190,4616,25865,25425,33344,3210,2200,6393,5447,13578,22487,16559,61979,-7919,1010,-112699,946,-8909,-20080,-24258,-21249,-45420,1
2022-02-01 12:00:00,208658,313435,4341,24499,17498,42991,4631,25457,25838,32647,3341,2190,6563,5318,13669,22335,16271,60755,-6809,1151,-104777,1245,-8666,-20158,-25493,-20826,-44484,3
2022-02-01 13:00:00,210837,312909,3377,24911,15929,43427,4343,25148,25635,31924,3396,2218,6627,5151,13688,22637,15966,59900,-6289,1178,-102072,1476,-8949,-21534,-27498,-20805,-43934,3
2022-02-01 14:00:00,208126,308449,2000,25575,13931,43260,4741,25145,24574,31511,2859,2368,6597,5149,13831,23193,16294,60526,-6937,491,-100323,1448,-9362,-23575,-29329,-20404,-44232,3
2022-02-01 15:00:00,212027,306202,1167,26244,13865,44214,5190,25578,19796,31661,2632,2172,6550,5592,13909,23428,16371,62026,-11865,460,-94175,958,-9519,-25077,-30349,-20388,-45655,3
2022-02-01 16:00:00,216176,311653,1141,26938,13815,45231,5260,25241,17151,32654,2201,2225,6406,5497,13794,22960,16365,65320,-15503,-24,-95477,909,-9166,-25797,-31416,-19981,-48955,3
2022-02-01 17:00:00,214328,310047,1029,26832,13410,44345,5240,24952,17702,35096,1943,2452,6291,5195,13648,22447,16510,63436,-17394,-509,-95719,1096,-8799,-25803,-30935,-19712,-46926,3
2022-02-01 18:00:00,211418,299052,1082,26451,11755,41931,5287,24276,17533,36028,1717,2698,6155,4864,13327,22043,16639,60877,-18495,-981,-87634,1291,-8716,-25369,-30176,-18989,-44238,3
2022-02-01 19:00:00,209795,280850,1128,25632,9760,38213,5518,22861,16838,34920,1925,2524,5987,4676,12999,21223,16702,57560,-18082,-599,-71055,1311,-8224,-24504,-28453,-17343,-40858,3
2022-02-01 20:00:00,206210,263976,1310,24481,9036,34370,5604,21484,15280,31494,2327,2347,5907,4322,12482,20422,16716,54234,-16214,-20,-57766,1585,-7940,-23171,-25334,-15880,-37518,3
2022-02-01 21:00:00,204701,253340,1632,23632,8561,31362,5564,20177,15263,28265,2650,2155,5621,4158,12084,19709,16695,50874,-13002,495,-48639,1463,-7625,-22000,-22801,-14613,-34179,3
2022-02-01 22:00:00,214319,239866,1721,22554,8554,28524,5185,19209,16331,26738,3002,1923,5789,3925,11533,19023,16477,48003,-10407,1079,-25547,1864,-7490,-20833,-19970,-14024,-31526,3
2022-02-01 23:00:00,223038,228014,1600,21322,8687,26975,5167,18623,16154,25098,2841,1617,5751,3888,11064,18745,16104,45624,-8944,1224,-4976,1863,-7681,-19722,-18288,-13456,-29520,3
2022-02-02 00:00:00,218125,220059,1490,20517,8854,26187,5335,18268,15068,24216,3051,1375,5819,3847,11089,18686,16121,44165,-9148,1676,-1934,1972,-7597,-19027,-17333,-12933,-28044,3
2022-02-02 01:00:00,212332,218517,1430,19918,8575,25954,5167,18277,14539,23871,3020,1256,5518,3794,11231,18713,16080,43831,-9332,1764,-6185,1724,-7482,-18488,-17379,-13110,-27751,1
2022-02-02 02:00:00,213303,221999,1407,19850,7715,26414,5031,18660,12369,23942,2493,1252,5394,3877,11564,19008,15883,43573,-11573,1241,-8696,1517,-7444,-18443,-18699,-13629,-27690,3
2022-02-02 03:00:00,213095,227457,1519,20522,7062,28491,4782,19544,11597,24469,2373,1221,5473,4077,12119,19693,15690,43946,-12872,1152,-14362,1396,-7574,-19003,-21429,-14762,-28256,3
2022-02-02 04:00:00,210351,242264,1456,22368,7300,34341,4648,21894,10855,27106,2487,1191,5085,4649,13363,21255,15433,46292,-16251,1296,-31913,436,-7892,-20912,-27041,-17246,-30859,1
2022-02-02 05:00:00,218500,272247,1284,25212,8611,40173,4380,23555,11241,31485,2421,1225,5314,5307,13761,22925,14665,51190,-20244,1196,-53747,7,-9164,-23928,-31562,-19175,-36525,1
2022-02-02 06:00:00,210358,290084,1613,26046,13511,44483,4145,24519,11255,33533,2222,1319,4665,5470,13564,23213,12299,57767,-22278,903,-79726,-805,-9649,-24433,-30972,-20374,-45468,1
2022-02-02 07:00:00,203450,296518,2299,26137,15260,45755,4249,24931,14052,34073,2128,1655,4568,5401,13565,23051,10550,61002,-20021,473,-93068,-833,-9486,-23838,-30495,-20682,-50452,1
2022-02-02 08:00:00,208774,297978,3381,25673,16468,44960,4360,25011,16408,34003,1832,2118,5114,5610,13482,23214,9967,59497,-17595,-286,-89204,-496,-9732,-22292,-28492,-20651,-49530,1
2022-02-02 09:00:00,216951,299451,4287,25207,17063,44011,4889,25463,18811,33321,1700,2262,5258,5611,13269,22796,10734,56762,-14510,-562,-82500,-353,-9527,-20920,-26948,-20574,-46028,3
2022-02-02 10:00:00,221312,302558,4520,25171,17110,41728,5081,25451,18965,32947,1402,2358,5534,5462,13058,22521,10820,54914,-13982,-956,-81246,72,-9463,-20651,-24618,-20370,-44094,3
2022-02-02 11:00:00,219304,300620,4337,25226,16323,41051,5029,25483,18609,32722,1456,2392,5241,5369,13056,22275,8730,53469,-14113,-936,-81316,-128,-9219,-20889,-24728,-20454,-44739,3
2022-02-02 12:00:00,212511,294636,4158,24957,15299,41980,4608,25074,17962,32174,1258,2409,5083,5283,13087,22063,5932,52647,-14212,-1151,-82125,-200,-8976,-20799,-26681,-20466,-46715,3
2022-02-02 13:00:00,190842,292492,3472,25298,12928,42280,4366,24900,17200,31388,1431,2419,4255,5110,13288,22222,4138,53774,-14188,-988,-101650,-855,-8934,-21826,-29352,-20534,-49636,3
2022-02-02 14:00:00,163082,289055,2394,25739,9993,42371,4328,24935,15505,31130,1398,2349,3628,5085,13089,22663,2987,56648,-15625,-951,-125973,-1457,-9574,-23345,-32378,-20607,-53661,1
2022-02-02 15:00:00,134782,284582,1888,26325,9940,43480,4292,25271,11461,31106,1446,2308,3189,5514,13102,23338,2531,60745,-19645,-862,-149800,-2325,-10236,-24437,-33540,-20979,-58214,1
2022-02-02 16:00:00,124768,294291,1804,26822,10062,44718,4073,25044,9351,31859,1478,2375,2914,5390,13022,23102,2838,64876,-22508,-897,-169523,-2476,-10080,-25018,-34656,-20971,-62038,1
2022-02-02 17:00:00,117793,294898,1870,26699,9149,43905,3720,25035,8753,34143,1334,2582,2840,5055,13015,22562,3292,63045,-25390,-1248,-177105,-2215,-9547,-24829,-34756,-21315,-59753,1
2022-02-02 18:00:00,106078,285099,1928,26225,7655,41537,3572,24434,8925,35053,1302,2761,3141,4765,13028,21808,4289,60487,-26128,-1459,-179021,-1624,-8780,-24297,-33882,-20862,-56198,1
2022-02-02 19:00:00,94444,268575,1868,25358,6906,38467,3105,23077,8334,34185,1254,2576,3286,4497,13008,21005,5317,57464,-25851,-1322,-174131,-1211,-7997,-23490,-31561,-19972,-52147,3
2022-02-02 20:00:00,92168,254876,1841,24305,6692,34548,2735,21776,7415,31366,1282,2376,3199,4190,12631,20084,6734,54293,-23951,-1094,-162708,-991,-7453,-22464,-27856,-19041,-47559,3
2022-02-02 21:00:00,97036,242777,1897,23484,6956,31316,2664,20497,5251,28315,1427,2190,3351,3952,12525,19290,7250,50730,-23064,-763,-145741,-601,-6765,-21587,-24360,-17833,-43480,3
2022-02-02 22:00:00,101952,231054,1812,22361,7589,28642,2371,19527,4893,26900,1557,1948,3649,3778,12505,18981,6986,47483,-22007,-391,-129102,-129,-6476,-20549,-21053,-17156,-40497,3
2022-02-02 23:00:00,102642,220218,1736,21209,8201,26958,2397,18925,4806,25281,1736,1682,3144,3673,12454,18722,7657,45118,-20475,54,-117576,-529,-6268,-19473,-18757,-16528,-37461,1
2022-02-03 00:00:00,101460,214402,1586,20288,8236,26191,2199,18550,4989,24174,1907,1445,3000,3638,12369,18509,9425,43569,-19185,462,-112942,-638,-6140,-18702,-17955,-16351,-34144,1
2022-02-03 01:00:00,104395,212447,1681,19622,8355,26139,2149,18582,5492,23743,1828,1297,2715,3617,12407,18518,10582,42892,-18251,531,-108052,-902,-6111,-17941,-17784,-16433,-32310,1
2022-02-03 02:00:00,106508,214032,1632,19462,8217,26432,2132,18999,5852,23806,1976,1276,2568,3661,12424,18862,11494,42589,-17954,700,-107524,-1093,-6438,-17830,-18215,-16867,-31095,1
2022-02-03 03:00:00,104031,221718,1585,20303,7557,28267,2129,19722,5799,24395,2090,1232,2557,3900,12418,19616,11619,42964,-18596,858,-117687,-1343,-7198,-18718,-20710,-17593,-31345,1
2022-02-03 04:00:00,103890,236223,1556,22250,6852,33506,2216,22008,5630,26955,2154,1196,2748,4464,12867,21284,12220,45314,-21325,958,-132333,-1716,-8417,-20694,-26654,-19792,-33094,1
2022-02-03 05:00:00,111375,265165,1577,25093,8032,39500,2226,23654,7164,31185,2436,1206,3285,5056,12988,22667,12988,50921,-24021,1230,-153790,-1771,-9679,-23516,-31468,-21428,-37933,1
2022-02-03 06:00:00,120418,285795,1809,25640,11606,43670,2353,24668,8449,33252,2590,1281,3673,5192,12975,22743,12836,57871,-24803,1309,-165377,-1519,-9768,-23831,-32064,-22315,-45035,1
2022-02-03 07:00:00,127936,293396,3457,24776,14542,45184,2653,24956,10129,33652,2740,1609,4144,5246,12982,22762,13172,61659,-23523,1131,-165460,-1102,-9780,-21319,-30642,-22303,-48487,1
2022-02-03 08:00:00,130026,294398,4970,23913,16216,44562,2770,24771,11617,33645,2612,2049,4241,5328,13023,22762,13872,62966,-22028,563,-164372,-1087,-9739,-18943,-28346,-22001,-49094,1
2022-02-03 09:00:00,134884,296094,5811,23153,16390,43203,3014,25033,12607,33036,2800,2169,4288,5315,13121,22687,13697,62757,-20429,631,-161210,-1027,-9566,-17342,-26813,-22019,-49060,1
2022-02-03 10:00:00,137002,300380,6191,22933,15413,40509,3149,24937,13042,32709,2998,2227,4438,5242,13286,22553,12126,62236,-19667,771,-163378,-804,-9267,-16742,-25096,-21788,-50110,1
2022-02-03 11:00:00,134374,298697,5971,23143,14361,40156,3170,25196,13433,32339,3236,2201,4341,5227,13489,22438,11046,61487,-18906,1035,-164323,-886,-8949,-17172,-25795,-22026,-50441,1
2022-02-03 12:00:00,123983,291592,5054,23229,12476,41276,2815,24886,14146,31871,3382,2195,4034,5116,13574,22377,10402,61208,-17725,1187,-167609,-1082,-8803,-18175,-28800,-22071,-50806,1
2022-02-03 13:00:00,114590,288728,3773,23857,9806,41822,2570,24804,13593,31332,3390,2250,3750,4983,13736,22433,10169,60816,-17739,1140,-174138,-1233,-8697,-20084,-32016,-22234,-50647,1
2022-02-03 14:00:00,108827,286237,2022,24745,7797,42010,2613,24777,11218,31126,3788,2141,3474,5028,13930,22567,9495,61284,-19908,1647,-177410,-1554,-8637,-22723,-34213,-22164,-51789,1
2022-02-03 15:00:00,107358,285243,931,25750,7650,43573,2925,25347,9565,31194,3736,2124,3487,5384,14263,23050,8730,62455,-21629,1612,-177885,-1897,-8787,-24819,-35923,-22422,-53725,1
2022-02-03 16:00:00,112716,293408,950,26687,8676,44952,3241,25133,8655,32020,3035,2171,3487,5240,14276,22782,8489,65222,-23365,864,-180692,-1753,-8506,-25737,-36276,-21892,-56733,1
2022-02-03 17:00:00,112613,293209,1106,26724,7812,44323,3228,24992,9421,33949,2246,2359,3354,4913,14209,22112,8400,63533,-24528,-113,-180596,-1559,-7903,-25618,-36511,-21764,-55133,1
2022-02-03 18:00:00,105613,285554,1321,26310,6463,41833,2776,24287,9693,34798,1906,2575,3325,4646,13904,21200,7984,61360,-25105,-669,-179941,-1321,-7296,-24989,-35370,-21511,-53376,1
2022-02-03 19:00:00,103175,269084,1362,25483,5026,38623,2763,22853,8378,33740,1656,2456,3378,4389,13868,20340,7906,58017,-25362,-800,-165909,-1011,-6472,-24121,-33597,-20090,-50111,1
2022-02-03 20:00:00,104529,254801,1281,24385,4853,34778,2524,21387,6978,30945,1620,2340,3467,4094,13347,19261,9900,54271,-23967,-720,-150272,-627,-5914,-23104,-29925,-18863,-44371,3
2022-02-03 21:00:00,104340,240523,1323,23479,4963,31346,2479,20184,6762,27895,1393,2188,3475,3808,12980,18196,10645,50438,-21133,-795,-136183,-333,-5216,-22156,-26383,-17705,-39793,3
2022-02-03 22:00:00,108323,226086,1333,22440,5605,28582,2443,19138,6866,26565,1023,1938,3517,3590,12729,17740,11924,47622,-19699,-915,-117763,-73,-5011,-21107,-22977,-16695,-35698,3
2022-02-03 23:00:00,111569,212183,1439,21122,6773,27102,2391,18522,6879,24954,1067,1700,3640,3476,12815,17425,13563,45608,-18075,-633,-100614,164,-4610,-19683,-20329,-16131,-32045,3
2022-02-04 00:00:00,117121,207419,1454,20189,6918,26185,2334,18236,7337,23929,1320,1480,4189,3384,12968,17138,14689,44406,-16592,-160,-90298,805,-4170,-18735,-19267,-15902,-29717,3
2022-02-04 01:00:00,120618,206202,1532,19522,7072,25727,2213,18147,7718,23443,1304,1318,4559,3401,13130,17010,15568,43599,-15725,-14,-85584,1158,-3880,-17990,-18655,-15934,-28031,3
2022-02-04 02:00:00,122346,209143,1398,19393,7402,26237,2254,18550,7810,23338,1364,1326,5113,3456,13494,17087,16008,43216,-15528,38,-86797,1657,-3593,-17995,-18835,-16296,-27208,3
2022-02-04 03:00:00,123404,215483,1303,20169,7481,28343,2262,19392,7788,24087,1458,1274,5410,3659,14012,17926,16303,43456,-16299,184,-92079,1751,-3914,-18866,-20862,-17130,-27153,3
2022-02-04 04:00:00,127341,231160,1100,22023,7526,33900,2275,21790,7193,26566,1306,1243,5602,4275,14769,19546,16426,45637,-19373,63,-103819,1327,-4777,-20923,-26374,-19515,-29211,3
2022-02-04 05:00:00,140618,262796,1024,25013,9515,39654,2285,23559,7375,30749,1452,1241,5691,4939,15201,20887,16472,50766,-23374,211,-122178,752,-5686,-23989,-30139,-21274,-34294,3
2022-02-04 06:00:00,152380,282356,1234,25725,11769,43911,2698,24577,8533,32738,1410,1309,5215,5152,15477,21096,16440,57002,-24205,101,-129976,63,-5619,-24491,-32142,-21879,-40562,1
2022-02-04 07:00:00,159984,290496,1940,25562,12726,44933,3109,25012,9853,33269,1625,1625,4492,5193,16023,21194,16574,60448,-23416,0,-130512,-701,-5171,-23622,-32207,-21903,-43874,1
2022-02-04 08:00:00,166780,292937,3239,24739,13564,44419,3276,25063,10466,33305,1806,2052,3810,5281,16200,20677,16854,60696,-22839,-246,-126157,-1471,-4477,-21500,-30855,-21787,-43842,1
2022-02-04 09:00:00,176924,293451,4745,23825,13587,43873,3358,25334,11000,33147,2432,2214,3775,5242,16301,20722,16820,59955,-22147,218,-116527,-1467,-4421,-19080,-30286,-21976,-43135,1
2022-02-04 10:00:00,189522,299052,5458,23510,12912,41187,3430,25387,11488,32992,2342,2303,3832,5169,16078,20851,16233,59250,-21504,39,-109530,-1337,-4773,-18052,-28275,-21957,-43017,1
2022-02-04 11:00:00,200998,298910,5396,23328,12679,40737,3388,25451,11603,32774,2788,2277,3522,5110,15826,20379,16071,59008,-21171,511,-97912,-1588,-4553,-17932,-28058,-22063,-42937,1
2022-02-04 12:00:00,201941,290403,4865,23032,11746,41546,3177,24979,11377,32279,2940,2293,3257,4993,15380,20155,16643,60658,-20902,647,-88462,-1736,-4775,-18167,-29800,-21802,-44015,1
2022-02-04 13:00:00,196162,286180,3481,23716,11274,41991,3301,24632,11422,31711,2612,2240,3288,4875,15309,20504,15035,61737,-20289,372,-90018,-1587,-5195,-20235,-30717,-21331,-46702,1
2022-02-04 14:00:00,188671,284020,1848,24703,9237,42154,3956,24561,10987,31377,2642,2134,3257,4882,15170,20892,14120,61733,-20390,508,-95349,-1625,-5722,-22855,-32917,-20605,-47613,1
2022-02-04 15:00:00,183330,285691,884,25505,9040,43341,4584,25046,10056,31211,2284,2071,3605,5239,15063,20862,14422,62182,-21155,213,-102361,-1634,-5799,-24621,-34301,-20462,-47760,1
2022-02-04 16:00:00,186687,295904,807,26096,10631,44577,4914,24701,9396,31829,2089,2083,3930,5210,14907,20371,14866,64901,-22433,6,-109217,-1280,-5464,-25289,-33946,-19787,-50035,1
2022-02-04 17:00:00,189874,295826,813,25914,10345,43955,5149,24336,10493,33352,2367,2258,4197,4789,14430,19629,15504,62933,-22859,109,-105952,-592,-5199,-25101,-33610,-19187,-47429,1
2022-02-04 18:00:00,188207,283290,844,25427,8002,41222,5599,23527,10060,33612,1927,2517,4189,4654,14142,18937,15684,60267,-23552,-590,-95083,-465,-4795,-24583,-33220,-17928,-44583,3
2022-02-04 19:00:00,197085,265825,837,24568,6618,37909,5841,22127,9695,32734,1601,2410,4290,4492,14025,18539,15645,57014,-23039,-809,-68740,-202,-4514,-23731,-31291,-16286,-41369,3
2022-02-04 20:00:00,198385,252771,762,23766,6002,34235,5627,20790,9174,30125,1722,2275,4477,4193,13584,17789,16270,53819,-20951,-553,-54386,284,-4205,-23004,-28233,-15163,-37549,3
2022-02-04 21:00:00,194888,242059,716,23002,5747,31145,5820,19568,9415,27680,1726,2080,4372,4079,13422,17155,16391,50806,-18265,-354,-47171,293,-3733,-22286,-25398,-13748,-34415,3
2022-02-04 22:00:00,190504,227809,702,21914,6120,28624,5994,18519,8968,26653,1846,1873,4259,3958,13512,16951,16335,48458,-17685,-27,-37305,301,-3439,-21212,-22504,-12525,-32123,3
2022-02-04 23:00:00,187133,215802,645,20664,5691,26969,6215,17863,8569,25091,2024,1649,4062,3838,13299,16408,16345,45875,-16522,375,-28669,224,-3109,-20019,-21278,-11648,-29530,1
2022-02-05 00:00:00,185480,210302,768,19800,6031,25853,6251,17424,9321,23753,2356,1429,4276,3775,13287,16167,16176,44622,-14432,927,-24822,501,-2880,-19032,-19822,-11173,-28446,1
2022-02-05 01:00:00,182767,208810,1050,19131,6186,25342,6412,17281,9632,22907,2588,1266,4111,3749,13490,16164,15894,43307,-13275,1322,-26043,362,-2674,-18081,-19156,-10869,-27413,1
2022-02-05 02:00:00,183072,208063,1178,18730,5342,25229,6545,17333,10187,22705,2847,1237,4189,3731,13578,16239,15450,42634,-12518,1610,-24991,458,-2661,-17552,-19887,-10788,-27184,1
2022-02-05 03:00:00,182612,207310,891,18985,4579,26012,6533,17569,10031,22528,2799,1171,4187,3821,13535,16380,14592,42509,-12497,1628,-24698,366,-2845,-18094,-21433,-11036,-27917,1
2022-02-05 04:00:00,180577,207178,799,19550,4753,28862,6511,18432,10459,22976,2851,1143,4289,3932,13897,16904,14326,43583,-12517,1708,-26601,357,-3007,-18751,-24109,-11921,-29257,1
2022-02-05 05:00:00,183746,213897,1164,20885,5808,31762,6390,19186,10794,24237,2758,1101,4799,4306,14319,17270,13441,45241,-13443,1657,-30151,493,-2951,-19721,-25954,-12796,-31800,1
2022-02-05 06:00:00,183877,226090,1980,21729,8302,34646,6589,20376,10485,25669,2808,1112,4799,4521,14855,17945,12431,47793,-15184,1696,-42213,278,-3090,-19749,-26344,-13787,-35362,1
2022-02-05 07:00:00,186873,239670,3167,22136,10483,36478,6919,21161,12487,28216,3166,1238,5342,4649,15113,18454,12068,50120,-15729,1928,-52797,693,-3341,-18969,-25995,-14242,-38052,1
2022-02-05 08:00:00,202442,249188,4093,22083,10640,35937,7126,21645,15794,29366,3704,1445,5551,4730,14897,18652,11820,49327,-13572,2259,-46746,821,-3755,-17990,-25297,-14519,-37507,1
2022-02-05 09:00:00,224358,254056,4618,22046,9955,34199,7555,22005,16658,29523,4054,1664,5624,4727,14943,18792,11852,46946,-12865,2390,-29698,897,-3849,-17428,-24244,-14450,-35094,1
2022-02-05 10:00:00,241488,259015,4612,22213,9769,32199,7785,21985,16869,29254,4073,1904,5684,4626,14700,18519,13166,45784,-12385,2169,-17527,1058,-3819,-17601,-22430,-14200,-32618,1
2022-02-05 11:00:00,246426,253200,4690,21930,8570,29778,7748,21489,17953,29027,4097,1992,5814,4681,14335,18206,14442,44706,-11074,2105,-6774,1133,-3871,-17240,-21208,-13741,-30264,1
2022-02-05 12:00:00,242531,245917,4641,21216,8099,29860,7461,20949,18201,28464,4115,2040,5476,4515,14218,18008,13540,43760,-10263,2075,-3386,961,-3790,-16575,-21761,-13488,-30220,1
2022-02-05 13:00:00,225312,238734,3617,21266,6930,30417,6682,20775,18247,27316,4120,2059,5557,4533,14405,17900,15730,45585,-9069,2061,-13422,1024,-3495,-17649,-23487,-14093,-29855,1
2022-02-05 14:00:00,207759,236715,2246,22011,5446,31283,6391,21098,17961,26584,3808,1975,5759,4659,15250,18581,17282,49550,-8623,1833,-28956,1100,-3331,-19765,-25837,-14707,-32268,1
2022-02-05 15:00:00,197889,241608,1321,22995,6242,34157,6623,22011,15089,26490,3550,1908,6294,5083,15521,19124,17196,53435,-11401,1642,-43719,1211,-3603,-21674,-27915,-15388,-36239,1
2022-02-05 16:00:00,201877,257430,951,23872,8523,37040,6590,21843,12620,27614,3754,1898,6288,5063,15469,19114,17401,58150,-14994,1856,-55553,1225,-3645,-22921,-28517,-15253,-40749,1
2022-02-05 17:00:00,207396,261135,838,23845,8661,37642,6296,21606,13284,29785,3601,2064,5978,4804,15372,18878,17419,57515,-16501,1537,-53739,1174,-3506,-23007,-28981,-15310,-40096,1
2022-02-05 18:00:00,205388,252154,851,23637,6283,35480,5920,20904,13360,30541,3393,2286,5900,4565,14441,18221,17185,55341,-17181,1107,-46766,1335,-3780,-22786,-29197,-14984,-38156,3
2022-02-05 19:00:00,204115,237666,836,22885,4956,32649,5654,19682,12940,30358,3022,2169,6069,4330,13874,17544,17132,52781,-17418,853,-33551,1739,-3670,-22049,-27693,-14028,-35649,3
2022-02-05 20:00:00,201380,229815,828,21918,4325,30206,5764,18739,11874,28421,2884,1968,6046,4182,13478,17108,17000,50250,-16547,916,-28435,1864,-3630,-21090,-25881,-12975,-33250,3
2022-02-05 21:00:00,201419,223328,794,20919,4066,27716,5770,17616,11844,26522,2504,1794,5960,3967,13074,16223,17034,48094,-14678,710,-21909,1993,-3149,-20125,-23650,-11846,-31060,3
2022-02-05 22:00:00,207472,213296,934,19963,4165,25608,5851,16618,11440,24741,2646,1646,5661,3888,12987,16149,17098,45680,-13301,1000,-5824,1773,-3162,-19029,-21443,-10767,-28582,3
2022-02-05 23:00:00,212448,204982,1116,19076,4854,24381,5827,15966,11915,23138,2573,1474,5383,3721,12744,15399,17238,43970,-11223,1099,7466,1662,-2655,-17960,-19527,-10139,-26732,2
2022-02-06 00:00:00,208848,198191,1392,18570,5171,23006,6052,15627,11718,21935,2199,1301,5003,3513,12725,15261,17268,42495,-10217,898,10657,1490,-2536,-17178,-17835,-9575,-25227,2
2022-02-06 01:00:00,206635,195253,1340,17900,4696,22224,6233,15433,11199,21366,1977,1165,4585,3474,12605,15328,17293,41773,-10167,812,11382,1111,-2723,-16560,-17528,-9200,-24480,2
2022-02-06 02:00:00,202881,193787,1245,17598,4696,22149,6449,15507,10388,21063,1882,1133,4587,3471,12563,15324,17097,41442,-10675,749,9094,1116,-2761,-16353,-17453,-9058,-24345,2
2022-02-06 03:00:00,202368,193559,1244,17854,4385,22834,6554,15661,9441,21113,1722,1062,4533,3565,12288,15432,17237,41350,-11672,660,8809,968,-3144,-16610,-18449,-9107,-24113,2
2022-02-06 04:00:00,203981,194237,1277,18398,3743,24091,6629,15966,8703,21607,1809,997,4446,3662,12526,16457,17219,41864,-12904,812,9744,784,-3931,-17121,-20348,-9337,-24645,2
2022-02-06 05:00:00,204046,196639,1309,19452,4496,25343,6673,16145,8459,22319,2079,985,4372,3883,12269,16851,17111,42936,-13860,1094,7407,489,-4582,-18143,-20847,-9472,-25825,2
2022-02-06 06:00:00,206942,205211,1825,20494,6343,27103,6869,16928,8420,22782,2192,1001,4665,4093,12436,17391,17067,44938,-14362,1191,1731,572,-4955,-18669,-20760,-10059,-27871,2
2022-02-06 07:00:00,218294,217297,2571,21584,8037,28835,7177,17826,11313,24630,2600,528,5054,4290,12622,17918,17085,47697,-13317,2072,997,764,-5296,-19013,-20798,-10649,-30612,1
2022-02-06 08:00:00,223925,230957,3409,22157,8366,29453,7561,18498,14840,26143,3158,632,4919,4424,12841,18031,17215,50857,-11303,2526,-7032,495,-5190,-18748,-21087,-10937,-33642,1
2022-02-06 09:00:00,225708,240425,4017,22203,9064,29581,7703,19191,16680,26526,3459,1384,4664,4436,13647,18387,17163,52721,-9846,2075,-14717,228,-4740,-18186,-20517,-11488,-35558,1
2022-02-06 10:00:00,221930,251160,4699,21960,9369,29565,7523,19429,17547,26459,3938,1631,4536,4484,13659,18532,16390,53909,-8912,2307,-29230,52,-4873,-17261,-20196,-11906,-37519,1
2022-02-06 11:00:00,220069,248327,4565,21407,9051,28009,7351,19638,16855,26795,4056,1816,4461,4443,13319,18458,15709,54028,-9940,2240,-28258,18,-5139,-16842,-18958,-12287,-38319,1
2022-02-06 12:00:00,210746,242493,4003,20816,8683,27674,6961,19361,16156,26721,4092,1917,4462,4394,12996,18652,16075,52554,-10565,2175,-31747,68,-5656,-16813,-18991,-12400,-36479,1
2022-02-06 13:00:00,205020,240064,3287,20691,7496,27694,6404,18928,15899,25565,3944,1973,4141,4408,13071,19057,16362,51022,-9666,1971,-35044,-267,-5986,-17404,-20198,-12524,-34660,1
2022-02-06 14:00:00,204407,239970,2004,21286,7314,28242,6465,18993,15028,24752,3824,1902,3888,4518,12949,19488,16969,50607,-9724,1922,-35563,-630,-6539,-19282,-20928,-12528,-33638,1
2022-02-06 15:00:00,205323,240562,1087,22294,7627,30572,6920,19829,12335,24731,3686,1841,3650,5023,13027,20215,16688,53555,-12396,1845,-35239,-1373,-7188,-21207,-22945,-12909,-36867,1
2022-02-06 16:00:00,210926,253258,1034,23286,10470,33702,7057,20031,10647,26294,3281,1860,3554,5029,13017,20056,16394,58444,-15647,1421,-42332,-1475,-7039,-22252,-23232,-12974,-42050,1
2022-02-06 17:00:00,209644,255459,996,23437,10210,34604,6695,19993,12707,29349,2565,2024,3533,4684,13035,19729,16375,57818,-16642,541,-45815,-1151,-6694,-22441,-24394,-13298,-41443,1
2022-02-06 18:00:00,202972,246963,996,23157,7811,33142,6375,19560,13379,30537,2391,2282,3555,4409,12783,19377,16534,55919,-17158,109,-43991,-854,-6594,-22161,-25331,-13185,-39385,1
2022-02-06 19:00:00,192204,236556,1238,22355,7111,30844,6294,18620,13518,30562,2169,2201,3578,4190,12722,18795,16881,53565,-17044,-32,-44352,-612,-6073,-21117,-23733,-12326,-36684,1
2022-02-06 20:00:00,180459,228997,1277,21305,7604,28408,6135,18148,12591,28784,1397,2084,3875,3946,12613,18069,16434,51130,-16193,-687,-48538,-71,-5456,-20028,-20804,-12013,-34696,3
2022-02-06 21:00:00,177887,225644,1210,20387,8356,25544,5574,17109,11366,26479,807,1947,4116,3808,12646,17379,16854,48807,-15113,-1140,-47757,308,-4733,-19177,-17188,-11535,-31953,3
2022-02-06 22:00:00,181289,214470,1285,19258,8943,23375,5197,16336,11359,24705,508,1806,4432,3789,12446,16974,16807,46159,-13346,-1298,-33181,643,-4528,-17973,-14432,-11139,-29352,3
2022-02-06 23:00:00,192402,208167,1400,18242,10365,22030,4899,16141,11722,23109,435,1600,4486,3815,12426,17026,16844,44247,-11387,-1165,-15765,671,-4600,-16842,-11665,-11242,-27403,3
2022-02-07 00:00:00,197840,205873,1381,17678,10976,21536,4477,16065,11830,22225,399,1419,5012,3785,11591,16788,16921,43001,-10395,-1020,-8033,1227,-5197,-16297,-10560,-11588,-26080,3
2022-02-07 01:00:00,197937,206064,1398,17263,11178,21414,4053,16077,12372,21797,455,1309,5207,3787,11463,16707,16862,42479,-9425,-854,-8127,1420,-5244,-15865,-10236,-12024,-25617,3
2022-02-07 02:00:00,201189,209505,1278,17246,11332,22275,4024,16428,12805,21813,661,1307,5404,3851,12047,17026,16798,42431,-9008,-646,-8316,1553,-4979,-15968,-10943,-12404,-25633,3
2022-02-07 03:00:00,199792,219237,1264,18015,9906,24837,4348,17558,12832,22708,1202,1257,5813,4084,13527,18017,16664,43214,-9876,-55,-19445,1729,-4490,-16751,-14931,-13210,-26550,3
2022-02-07 04:00:00,196586,236662,1538,20213,9638,31108,4448,20580,11508,25995,1780,1216,6060,4654,14583,19605,16289,45830,-14487,564,-40076,1406,-5022,-18675,-21470,-16132,-29541,3
2022-02-07 05:00:00,202805,268278,1697,23687,12516,37396,4716,22653,12885,30687,1924,1225,6323,5310,15283,21208,14763,50858,-17802,699,-65473,1013,-5925,-21990,-24880,-17937,-36095,3
2022-02-07 06:00:00,206746,288685,1716,25063,15007,41899,5415,23967,14943,32703,1903,1325,6152,5305,15531,21030,11854,57145,-17760,578,-81939,847,-5499,-23347,-26892,-18552,-45291,3
2022-02-07 07:00:00,199597,295128,1972,25924,16935,43413,5716,24305,16667,33240,2107,1631,6622,5460,16129,20858,10559,59747,-16573,476,-95531,1162,-4729,-23952,-26478,-18589,-49188,3
2022-02-07 08:00:00,205386,298490,2568,25911,17791,43560,6162,24387,19043,33101,2118,2071,6970,5477,16147,20410,10250,57005,-14058,47,-93104,1493,-4263,-23343,-25769,-18225,-46755,3
2022-02-07 09:00:00,222101,298355,3444,25444,18812,43706,6744,24818,21131,32776,2744,2257,6759,5473,15953,19664,10734,53367,-11645,487,-76254,1286,-3711,-22000,-24894,-18074,-42633,3
2022-02-07 10:00:00,223245,301248,3837,25257,17835,41591,7193,24852,21714,32512,1498,2384,6368,5392,15874,19275,10143,51864,-10798,-886,-78003,976,-3401,-21420,-23756,-17659,-41721,3
2022-02-07 11:00:00,225206,299615,4049,24976,16544,40696,7146,24765,21828,32205,1714,2386,6060,5371,15990,19306,9622,49628,-10377,-672,-74409,689,-3316,-20927,-24152,-17619,-40006,3
2022-02-07 12:00:00,222776,292508,3967,24538,15786,41245,6736,24290,22599,31508,3506,2350,5940,5274,15927,19449,10479,49200,-8909,1156,-69732,666,-3522,-20571,-25459,-17554,-38721,1
2022-02-07 13:00:00,214045,284747,3699,24616,14508,41438,6555,24178,23109,30671,3260,2334,5731,5212,16014,19936,10591,49843,-7562,926,-70702,519,-3922,-20917,-26930,-17623,-39252,1
2022-02-07 14:00:00,195416,278527,2954,24827,13045,41982,6490,24213,22360,30291,3222,2260,4925,5287,15925,20378,10868,52872,-7931,962,-83111,-362,-4453,-21873,-28937,-17723,-42004,1
2022-02-07 15:00:00,182004,278984,1911,25592,12645,42836,6549,24903,18817,30359,3298,2224,4741,5644,15870,20895,10711,58368,-11542,1074,-96980,-903,-5025,-23681,-30191,-18354,-47657,1
2022-02-07 16:00:00,177747,293361,1678,26399,14081,43997,6891,24707,14926,31305,3443,2249,4708,5570,15451,20637,11334,63922,-16379,1194,-115614,-862,-5186,-24721,-29916,-17816,-52588,1
2022-02-07 17:00:00,173132,297057,1776,26365,13360,43367,6550,24518,15535,33759,3610,2421,4343,5214,15165,20888,12459,63355,-18224,1189,-123925,-871,-5723,-24589,-30007,-17968,-50896,1
2022-02-07 18:00:00,164759,288223,1808,25968,11430,41050,6261,23788,15662,34772,3490,2599,4260,4847,14716,20454,13478,61091,-19110,891,-123464,-587,-5738,-24160,-29620,-17527,-47613,1
2022-02-07 19:00:00,158912,271469,1877,25071,9364,38021,6057,22343,15243,33725,3529,2408,4314,4580,14677,19457,13604,57619,-18482,1121,-112557,-266,-4780,-23194,-28657,-16286,-44015,1
2022-02-07 20:00:00,157865,259678,1889,23980,9128,33986,5860,20932,13675,30768,3509,2229,4559,4252,14175,18272,14003,54229,-17093,1280,-101813,307,-4097,-22091,-24858,-15072,-40226,1
2022-02-07 21:00:00,158798,248729,1817,23007,9344,30708,5721,19596,14137,27637,3362,2047,4889,4106,13841,17170,14419,50710,-13500,1315,-89931,783,-3329,-21190,-21364,-13875,-36291,1
2022-02-07 22:00:00,159333,234734,1753,21970,10062,28320,5437,18696,14312,26492,2536,1807,5089,3930,13856,16877,14741,47802,-12180,729,-75401,1159,-3021,-20217,-18258,-13259,-33061,3
2022-02-07 23:00:00,165353,226122,1785,20837,9731,26668,4937,18092,13764,24850,2576,1533,5075,3850,13816,16602,15369,45588,-11086,1043,-60769,1225,-2786,-19052,-16937,-13155,-30219,3
2022-02-08 00:00:00,168695,220433,1833,19927,9327,25728,4711,17865,13115,23957,2594,1317,4910,3769,13975,16587,15541,43939,-10842,1277,-51738,1141,-2612,-18094,-16401,-13154,-28398,1
2022-02-08 01:00:00,174072,219027,1806,19375,9479,25587,4730,17761,11671,23635,2516,1209,5292,3748,13965,16528,15687,43183,-11964,1307,-44955,1544,-2563,-17569,-16108,-13031,-27496,3
2022-02-08 02:00:00,177905,221570,1821,19139,8472,26176,4656,18250,11679,23521,2275,1222,5239,3811,14013,16833,15588,42680,-11842,1053,-43665,1428,-2820,-17318,-17704,-13594,-27092,3
2022-02-08 03:00:00,180043,228771,1828,19829,8133,27995,4558,18813,11045,24279,2121,1224,5363,3993,14412,17317,15559,43156,-13234,897,-48728,1370,-2905,-18001,-19862,-14255,-27597,3
2022-02-08 04:00:00,177920,244177,1776,21743,8351,33682,4393,21214,8659,27086,1893,1203,5590,4650,15312,18397,15840,45538,-18427,690,-66257,940,-3085,-19967,-25331,-16821,-29698,3
2022-02-08 05:00:00,180180,272106,1656,24703,11927,39881,4739,23148,8730,31377,1598,1222,5667,5246,16137,19816,15900,50601,-22647,376,-91926,421,-3679,-23047,-27954,-18409,-34701,3
2022-02-08 06:00:00,185651,289732,2148,25103,15252,43781,5382,24263,10082,33132,1303,1347,5604,5442,16334,20068,15621,57297,-23050,-44,-104081,162,-3734,-22955,-28529,-18881,-41676,3
2022-02-08 07:00:00,190046,297413,3797,24338,18236,45240,6023,24593,12066,33473,1166,1688,5672,5404,16312,19958,15550,60036,-21407,-522,-107367,268,-3646,-20541,-27004,-18570,-44486,3
2022-02-08 08:00:00,197350,300213,5459,23260,19863,44588,6604,24290,14380,33208,1188,2130,5733,5388,16379,20036,15809,59085,-18828,-942,-102863,345,-3657,-17801,-24725,-17686,-43276,3
2022-02-08 09:00:00,207990,303672,6411,22740,20454,43592,7120,24673,16667,32733,1494,2294,6006,5255,16438,19655,15949,57804,-16066,-800,-95682,751,-3217,-16329,-23138,-17553,-41855,3
2022-02-08 10:00:00,213760,307519,6700,22878,20752,40861,7688,25095,16865,32319,1954,2354,6034,5147,15993,19223,16009,56933,-15454,-400,-93759,887,-3230,-16178,-20109,-17407,-40924,3
2022-02-08 11:00:00,212787,305928,6479,22805,20036,40331,7479,25134,17349,32075,2304,2306,5364,5195,15699,18929,15870,55328,-14726,-2,-93141,169,-3230,-16326,-20295,-17655,-39458,3
2022-02-08 12:00:00,208682,298692,5672,22751,19076,41527,7187,24936,18012,31566,2180,2270,4945,5159,15661,19065,15883,55420,-13554,-90,-90010,-214,-3404,-17079,-22451,-17749,-39537,1
2022-02-08 13:00:00,198887,293520,3705,23972,16074,41968,7161,24666,18009,30732,2134,2273,4506,5024,15666,19278,15279,55740,-12723,-139,-94633,-518,-3612,-20267,-25894,-17505,-40461,1
2022-02-08 14:00:00,185587,289553,1972,24849,12017,41622,6894,24417,17029,30346,2230,2240,3832,5024,15805,19321,14265,57074,-13317,-10,-103966,-1192,-3516,-22877,-29605,-17523,-42809,1
2022-02-08 15:00:00,174542,288996,1295,25334,10360,42409,6979,24936,13029,30408,2364,2252,3654,5465,15898,19964,13762,59583,-17379,112,-114454,-1811,-4066,-24039,-32049,-17957,-45821,1
2022-02-08 16:00:00,171469,296180,1406,26007,11838,44300,7087,24585,9759,31226,2022,2310,3583,5369,15890,19968,13548,63114,-21467,-288,-124711,-1786,-4078,-24601,-32462,-17498,-49566,1
2022-02-08 17:00:00,173497,297014,1457,25970,10551,43791,7156,24452,10066,33711,1806,2522,3764,4981,15943,19903,12567,62013,-23645,-716,-123517,-1217,-3960,-24513,-33240,-17296,-49446,1
2022-02-08 18:00:00,162234,289713,1413,25475,9259,41555,7051,23790,10373,34705,1910,2716,3550,4778,15718,19423,12306,60023,-24332,-806,-127479,-1228,-3705,-24062,-32296,-16739,-47717,1
2022-02-08 19:00:00,155817,274434,1340,24618,7158,38342,6822,22273,10109,33746,2068,2542,3644,4494,15477,18573,13080,57013,-23637,-474,-118617,-850,-3096,-23278,-31184,-15451,-43933,1
2022-02-08 20:00:00,151449,259578,1358,23421,6436,34330,6290,20853,7810,30767,2269,2333,3699,4256,15151,17650,13909,53625,-22957,-64,-108129,-557,-2499,-22063,-27894,-14563,-39716,1
2022-02-08 21:00:00,154022,245553,1315,22648,6156,31094,6054,19709,7093,27743,2312,2151,3714,3962,14930,16979,14396,50361,-20650,161,-91531,-248,-2049,-21333,-24938,-13655,-35965,1
2022-02-08 22:00:00,154344,231500,1343,21564,6282,28584,5945,18709,7061,26430,2512,1902,3545,3803,14368,16671,14683,47471,-19369,610,-77156,-258,-2303,-20221,-22302,-12764,-32788,1
2022-02-08 23:00:00,156577,222777,1393,20289,6084,27015,5521,18178,7824,24996,2731,1613,3713,3650,14164,16364,14916,45059,-17172,1118,-66200,63,-2200,-18896,-20931,-12657,-30143,1
2022-02-09 00:00:00,160794,214475,1384,19397,6070,26177,5050,17690,8045,23892,2938,1359,3799,3627,14158,16522,14967,43490,-15847,1579,-53681,172,-2364,-18013,-20107,-12640,-28523,1
2022-02-09 01:00:00,159469,212162,1315,18827,5871,25995,4773,17836,8104,23402,2573,1242,3568,3652,14159,16429,15142,42817,-15298,1331,-52693,-84,-2270,-17512,-20124,-13063,-27675,1
2022-02-09 02:00:00,161145,215416,1315,18719,5580,26477,4530,18237,8512,23499,1447,1229,3761,3669,14192,16657,15142,42457,-14987,218,-54271,92,-2465,-17404,-20897,-13707,-27315,1
2022-02-09 03:00:00,150529,222821,1330,19541,5114,28479,4216,19109,7897,24114,1294,1158,3865,3903,14677,17185,15107,42716,-16217,136,-72292,-38,-2508,-18211,-23365,-14893,-27609,1
2022-02-09 04:00:00,148232,237679,1326,21447,4740,34387,4125,21567,7344,26814,2062,1126,4080,4441,15176,18647,15116,45038,-19470,936,-89447,-361,-3471,-20121,-29647,-17442,-29922,1
2022-02-09 05:00:00,158156,269868,1168,24233,7143,40216,4231,23034,9583,31011,1973,1173,4853,5115,15637,19933,14922,50275,-21428,800,-111712,-262,-4296,-23065,-33073,-18803,-35353,1
2022-02-09 06:00:00,159145,290310,1757,24662,10622,44341,4786,23878,10389,32874,1806,1305,4405,5304,15737,20053,14791,56921,-22485,501,-131165,-899,-4316,-22905,-33719,-19092,-42130,1
2022-02-09 07:00:00,164241,295893,3396,23993,13037,45371,5440,24353,12497,33565,1836,1638,4731,5332,15949,19907,14813,60060,-21068,198,-131652,-601,-3958,-20597,-32334,-18913,-45247,1
2022-02-09 08:00:00,176083,297538,5005,22919,13824,44189,5674,24425,13704,33477,1998,2091,5272,5362,15882,19762,14966,60585,-19773,-93,-121455,-90,-3880,-17914,-30365,-18751,-45619,3
2022-02-09 09:00:00,186263,298643,6096,22094,13650,42828,6030,24648,14697,33049,2130,2240,5707,5425,15754,19345,14868,59756,-18352,-110,-112380,282,-3591,-15998,-29178,-18618,-44888,3
2022-02-09 10:00:00,197309,300079,6367,21850,14020,40572,6685,24840,15305,32636,2454,2322,5633,5375,15530,19295,14264,58470,-17331,132,-102770,258,-3765,-15483,-26552,-18155,-44206,3
2022-02-09 11:00:00,203905,296902,6055,21943,13948,40176,6601,24988,15719,32239,2415,2251,5572,5289,15906,19440,13204,57464,-16520,164,-92997,283,-3534,-15888,-26228,-18387,-44260,3
2022-02-09 12:00:00,198228,290398,5397,21880,12720,41157,6171,24619,16126,31523,2392,2212,5753,5209,15991,19340,12915,58030,-15397,180,-92170,544,-3349,-16483,-28437,-18448,-45115,3
2022-02-09 13:00:00,179811,285292,4182,22596,10415,41796,6008,24252,16267,30819,2368,2179,5381,5014,15914,19378,11659,58190,-14552,189,-105481,367,-3464,-18414,-31381,-18244,-46531,3
2022-02-09 14:00:00,155095,278869,2393,23581,7844,42206,5986,24184,14904,30503,2126,2132,5038,4953,16374,19686,9317,59170,-15599,-6,-123774,85,-3312,-21188,-34362,-18198,-49853,3
2022-02-09 15:00:00,134505,278283,947,24518,7806,42924,6278,24774,11719,30552,1894,2182,4795,5375,16529,20483,7071,61281,-18833,-288,-143778,-580,-3954,-23571,-35118,-18496,-54210,1
2022-02-09 16:00:00,127328,288647,777,25677,9064,45017,6704,24543,10253,31405,1619,2269,4922,5323,16528,20320,5051,64514,-21152,-650,-161319,-401,-3792,-24900,-35953,-17839,-59463,3
2022-02-09 17:00:00,120531,292786,789,25851,9086,44562,6790,24407,10197,33923,1848,2448,4843,4991,16358,19703,4616,62953,-23726,-600,-172255,-148,-3345,-25062,-35476,-17617,-58337,3
2022-02-09 18:00:00,111724,282963,847,25511,6962,41964,6639,23711,9552,34907,1738,2691,4829,4694,16329,19509,3692,60471,-25355,-953,-171239,135,-3180,-24664,-35002,-17072,-56779,3
2022-02-09 19:00:00,101180,265690,849,24754,5161,38836,6291,22273,9100,33915,1830,2575,4747,4420,16181,18671,3556,57509,-24815,-745,-164510,327,-2490,-23905,-33675,-15982,-53953,3
2022-02-09 20:00:00,89552,251602,873,23657,4529,34704,5694,20705,7079,31095,1796,2390,4709,4166,15741,18077,3859,54219,-24016,-594,-162050,543,-2336,-22784,-30175,-15011,-50360,3
2022-02-09 21:00:00,85106,239044,850,22807,4467,31234,5072,19356,5556,27911,1850,2210,4466,3895,15616,17459,4044,50704,-22355,-360,-153938,571,-1843,-21957,-26767,-14284,-46660,3
2022-02-09 22:00:00,84888,223861,775,21746,4406,28549,4827,18380,4983,26595,2171,1963,4328,3711,14897,16549,4138,47726,-21612,208,-138973,617,-1652,-20971,-24143,-13553,-43588,3
2022-02-09 23:00:00,85339,214705,781,20554,4787,27013,4386,17846,5066,25044,2044,1694,4345,3618,14816,16182,5056,45490,-19978,350,-129366,727,-1366,-19773,-22226,-13460,-40434,3
2022-02-10 00:00:00,84221,208523,734,19742,5111,26291,3895,17472,5329,24005,2080,1446,4226,3554,14903,16206,3994,43906,-18676,634,-124302,672,-1303,-19008,-21180,-13577,-39912,3
2022-02-10 01:00:00,81647,206549,729,19135,5026,26005,3511,17611,5888,23632,2247,1311,4073,3554,14902,16337,2879,43017,-17744,936,-124902,519,-1435,-18406,-20979,-14100,-40138,1
2022-02-10 02:00:00,79852,209556,724,19045,4989,26439,3179,17993,5070,23677,2486,1302,3793,3600,14915,16478,2327,42910,-18607,1184,-129704,193,-1563,-18321,-21450,-14814,-40583,1
2022-02-10 03:00:00,78998,215926,682,19864,3730,28447,2937,18723,4591,24409,2174,1257,3634,3794,15102,17023,2070,42973,-19818,917,-136928,-160,-1921,-19182,-24717,-15786,-40903,1
2022-02-10 04:00:00,88201,231357,701,21775,4210,34094,2720,21123,4544,27105,2324,1217,3635,4299,15985,18920,2214,45375,-22561,1107,-143156,-664,-2935,-21074,-29884,-18403,-43161,1
2022-02-10 05:00:00,94692,261665,722,24559,6169,39693,2726,22609,7338,31375,2451,1213,3652,4873,16170,20253,2360,50543,-24037,1238,-166973,-1221,-4083,-23837,-33524,-19883,-48183,1
2022-02-10 06:00:00,102389,279725,1498,24953,9426,44169,2979,23620,8844,33144,2626,1323,3679,5160,16363,20451,2240,57628,-24300,1303,-177336,-1481,-4088,-23455,-34743,-20641,-55388,1
2022-02-10 07:00:00,115642,286924,3334,24022,11634,45630,3094,23939,9629,33573,2590,1667,2930,5232,16392,20388,2248,61454,-23944,923,-171282,-2302,-3996,-20688,-33996,-20845,-59206,1
2022-02-10 08:00:00,130975,288386,4722,23044,12601,44762,3276,23822,11789,33545,2868,2105,3627,5227,16292,20288,2953,61652,-21756,763,-157411,-1600,-3996,-18322,-32161,-20546,-58699,1
2022-02-10 09:00:00,144564,292242,5484,22410,12036,43314,3452,24099,12348,33061,2862,2259,3783,5168,16241,20050,3975,59508,-20713,603,-147678,-1385,-3809,-16926,-31278,-20647,-55533,1
2022-02-10 10:00:00,154687,295805,5856,22139,11959,40850,3596,24275,12306,32716,2374,2356,3993,5194,15953,19653,5034,56385,-20410,18,-141118,-1201,-3700,-16283,-28891,-20679,-51351,1
2022-02-10 11:00:00,157337,294934,5817,22072,11715,40181,3392,24158,12812,32367,2368,2320,4181,5072,15709,19493,6076,55428,-19555,48,-137597,-891,-3784,-16255,-28466,-20766,-49352,1
2022-02-10 12:00:00,147221,288865,5232,21935,11269,41485,3215,24052,12678,31740,2124,2327,4250,5010,15646,19598,6223,56344,-19062,-203,-141644,-760,-3952,-16703,-30216,-20837,-50121,1
2022-02-10 13:00:00,133333,283684,4114,22455,9530,41929,2753,24042,11881,31221,2074,2325,4322,4925,15597,19786,6166,56954,-19340,-251,-150351,-603,-4189,-18341,-32399,-21289,-50788,1
2022-02-10 14:00:00,123121,281955,2280,23509,7864,42000,3015,24133,10260,30929,1972,2264,3715,4957,15632,20519,6438,58336,-20669,-292,-158834,-1242,-4887,-21229,-34136,-21118,-51898,1
2022-02-10 15:00:00,117150,280809,927,24490,7784,42578,3520,24624,8556,31065,2176,2258,3663,5340,15661,20743,6655,60914,-22509,-82,-163659,-1677,-5082,-23563,-34794,-21104,-54259,1
2022-02-10 16:00:00,114912,289562,869,25652,9349,44365,3776,24591,6916,31841,1508,2292,3663,5349,15486,20473,7249,64753,-24925,-784,-174650,-1686,-4987,-24783,-35016,-20815,-57504,1
2022-02-10 17:00:00,111707,293417,1036,25797,8975,44194,3561,24515,7979,34151,1305,2454,3584,5038,15741,20230,8601,63797,-26172,-1149,-181710,-1454,-4489,-24761,-35219,-20954,-55196,1
2022-02-10 18:00:00,104919,283446,1137,25319,7497,41665,3532,23847,7642,35021,1242,2687,3467,4830,15467,19656,9661,61641,-27379,-1445,-178527,-1363,-4189,-24182,-34168,-20315,-51980,3
2022-02-10 19:00:00,104753,267512,1087,24431,5189,38463,3305,22387,7950,33958,928,2617,3378,4520,15569,24189,10832,58436,-26008,-1689,-162759,-1142,-8620,-23344,-33274,-19082,-47604,3
2022-02-10 20:00:00,102004,253134,1086,23554,4610,34650,3128,21014,6415,31348,700,2483,2991,4237,15040,23787,12459,55003,-24933,-1783,-151130,-1246,-8747,-22468,-30040,-17886,-42544,3
2022-02-10 21:00:00,99075,239422,936,22764,4595,31263,2999,19741,4818,28365,511,2312,2791,3994,14827,23482,13290,51355,-23547,-1801,-140347,-1203,-8655,-21828,-26668,-16742,-38065,3
2022-02-10 22:00:00,100292,224835,802,21663,4588,28374,2922,18710,5271,26952,301,2072,2355,3995,13982,16990,14372,48199,-21681,-1771,-124543,-1640,-3008,-20861,-23786,-15788,-33827,3
2022-02-10 23:00:00,111788,219080,811,20392,5014,26595,2896,18046,4806,25317,212,1809,2089,3931,13557,16789,14547,46028,-20511,-1597,-107292,-1842,-3232,-19581,-21581,-15150,-31481,1
2022-02-11 00:00:00,115051,212218,815,19605,5241,25865,2689,17755,3967,24370,259,1577,1944,3854,13363,16716,15331,44434,-20403,-1318,-97167,-1910,-3353,-18790,-20624,-15066,-29103,1
2022-02-11 01:00:00,114636,211260,741,19064,5097,25747,2340,17822,4597,23916,219,1453,1762,3733,13297,16738,15766,43552,-19319,-1234,-96624,-1971,-3441,-18323,-20650,-15482,-27786,1
2022-02-11 02:00:00,116150,213052,767,18950,4898,26081,1986,18189,4861,23873,205,1438,1677,3805,13254,16813,16305,43190,-19012,-1233,-96902,-2128,-3559,-18183,-21183,-16203,-26885,1
2022-02-11 03:00:00,119410,221069,773,19794,4580,28142,1827,18960,4631,24498,248,1392,1738,4034,13636,17620,16332,43494,-19867,-1144,-101659,-2296,-3984,-19021,-23562,-17133,-27162,1
2022-02-11 04:00:00,117104,237451,738,21763,4090,33654,1690,21250,6368,27074,294,1369,2179,4710,14553,19362,16069,45280,-20706,-1075,-120347,-2531,-4809,-21025,-29564,-19560,-29211,1
2022-02-11 05:00:00,124724,266592,820,24368,5900,39477,1716,22983,9347,31134,438,1391,2704,5204,14885,20697,14888,50115,-21787,-953,-141868,-2500,-5812,-23548,-33577,-21267,-35227,1
2022-02-11 06:00:00,136271,285687,1517,24679,9719,43661,1784,23960,10444,32693,723,1480,2893,5333,15036,21102,15439,56869,-22249,-757,-149416,-2440,-6066,-23162,-33942,-22176,-41430,1
2022-02-11 07:00:00,143058,294005,2954,23908,11381,44888,2082,24549,12392,33261,1070,1781,3227,5313,15106,21125,14897,59835,-20869,-711,-150947,-2086,-6019,-20954,-33507,-22467,-44938,1
2022-02-11 08:00:00,157587,297663,3959,23113,11793,44329,2296,24644,13140,33179,1318,2200,3904,5320,14962,21007,14297,58073,-20039,-882,-140076,-1416,-6045,-19154,-32536,-22348,-43776,1
2022-02-11 09:00:00,181190,299980,4659,22614,11412,43182,2470,24919,14085,32625,1644,2368,4527,5298,14697,20487,13670,53961,-18540,-724,-118790,-771,-5790,-17955,-31770,-22449,-40291,1
2022-02-11 10:00:00,199208,302805,5017,22425,11071,40550,2867,25269,14334,32166,1902,2444,5271,5280,14502,19902,11383,50971,-17832,-542,-103597,-9,-5400,-17408,-29479,-22402,-39588,3
2022-02-11 11:00:00,207306,298640,4852,22600,10710,40067,3232,25254,14597,31787,2560,2382,5380,5080,14512,19380,9054,49484,-17190,178,-91334,300,-4868,-17748,-29357,-22022,-40430,3
2022-02-11 12:00:00,191943,292209,4063,23103,9978,40652,3134,24823,14539,31279,3070,2305,5161,4894,14532,19006,6545,49518,-16740,765,-100266,267,-4474,-19040,-30674,-21689,-42973,1
2022-02-11 13:00:00,171105,285043,2797,24390,8665,40999,2972,24343,14420,30581,3046,2216,4872,4838,14486,19588,4300,51123,-16161,830,-113938,34,-5102,-21593,-32334,-21371,-46823,1
2022-02-11 14:00:00,146957,281345,2162,25030,7118,41269,3217,24216,12737,30150,3498,2119,4029,4805,14539,20088,3267,53715,-17413,1379,-134388,-776,-5549,-22868,-34151,-20999,-50448,1
2022-02-11 15:00:00,125146,279291,1795,25278,7331,42006,4126,24867,9639,30005,3524,2101,3087,5138,14336,20259,1819,58042,-20366,1423,-154145,-2051,-5923,-23483,-34675,-20741,-56223,1
2022-02-11 16:00:00,114436,287982,1704,25710,8998,43853,4200,24540,9158,30662,3306,2110,2769,5168,14543,19960,1040,63405,-21504,1196,-173546,-2399,-5417,-24006,-34855,-20340,-62365,1
2022-02-11 17:00:00,105954,291494,1630,25450,8335,43524,4681,24412,10170,32883,3306,2230,2445,4804,14928,19422,706,63321,-22713,1076,-185540,-2359,-4494,-23820,-35189,-19731,-62615,1
2022-02-11 18:00:00,90423,281718,1468,24955,6270,40879,4818,23678,8952,33774,3448,2420,2361,4436,15162,18798,594,60959,-24822,1028,-191295,-2075,-3636,-23487,-34609,-18860,-60365,1
2022-02-11 19:00:00,73457,263157,1495,24081,4979,37605,4621,22094,8208,33036,3452,2312,2603,4219,15385,18392,582,57940,-24828,1140,-189700,-1616,-3007,-22586,-32626,-17473,-57358,1
2022-02-11 20:00:00,61204,248958,1430,23218,4592,33885,4397,20575,6684,30520,3159,2114,2768,4045,15056,17920,775,54533,-23836,1045,-187754,-1277,-2864,-21788,-29293,-16178,-53758,1
2022-02-11 21:00:00,52527,235868,1329,22402,4308,30755,3975,19458,5192,27996,2936,1935,3022,3932,14909,17544,1415,51154,-22804,1001,-183341,-910,-2635,-21073,-26447,-15483,-49739,1
2022-02-11 22:00:00,51226,221848,1251,21358,4029,28243,3843,18600,4959,26743,2797,1692,3137,3869,14050,17150,2684,48509,-21784,1105,-170622,-732,-3100,-20107,-24214,-14757,-45825,1
2022-02-11 23:00:00,54072,211758,1298,20118,4698,26394,3635,17996,4501,25060,2569,1462,3309,3734,13759,16957,4356,45953,-20559,1107,-157686,-425,-3198,-18820,-21696,-14361,-41597,1
2022-02-12 00:00:00,60588,207309,1452,19255,5264,25334,3336,17568,3699,23661,2584,1237,3529,3662,13837,17059,5815,44164,-19962,1347,-146721,-133,-3222,-17803,-20070,-14232,-38349,1
2022-02-12 01:00:00,63613,204050,1348,18574,6086,25012,3064,17570,3416,22966,2389,1097,3789,3597,13799,17124,7098,43058,-19550,1292,-140437,192,-3325,-17226,-18926,-14506,-35960,1
2022-02-12 02:00:00,68684,202309,1285,18342,5465,25272,2746,17710,3192,22605,2205,1090,3978,3559,13691,16757,8624,42747,-19413,1115,-133625,419,-3066,-17057,-19807,-14964,-34123,1
2022-02-12 03:00:00,75981,202801,1079,18672,5232,26127,2579,17843,3399,22408,2101,1037,4216,3677,13657,16621,9936,42857,-19009,1064,-126820,539,-2964,-17593,-20895,-15264,-32921,1
2022-02-12 04:00:00,83036,203901,1060,19311,4381,28703,2436,18778,3490,23053,2132,1009,4355,3866,14222,17431,11254,43797,-19563,1123,-120865,489,-3209,-18251,-24322,-16342,-32543,1
2022-02-12 05:00:00,91384,211573,1177,20520,5241,31628,2468,19533,4126,24334,2267,1023,4471,4086,14523,18029,11656,46053,-20208,1244,-120189,385,-3506,-19343,-26387,-17065,-34397,1
2022-02-12 06:00:00,101642,223982,2274,21122,8434,34884,2853,20393,5368,25582,2812,1078,4774,4289,14968,18213,12632,49135,-20214,1734,-122340,485,-3245,-18848,-26450,-17540,-36503,1
2022-02-12 07:00:00,123296,240046,4146,20874,11200,36549,3252,20672,7661,27891,3200,1253,5223,4467,15293,18313,13100,50597,-20230,1947,-116750,756,-3020,-16728,-25349,-17420,-37497,1
2022-02-12 08:00:00,156415,250435,5666,20430,11255,35834,3761,20268,9237,29188,3120,1475,5778,4598,15592,18516,13240,48617,-19951,1645,-94020,1180,-2924,-14764,-24579,-16507,-35377,1
2022-02-12 09:00:00,177877,251757,6398,20003,11377,34267,4818,19937,9856,29269,2982,1692,6072,4622,15471,18278,12753,44792,-19413,1290,-73880,1450,-2807,-13605,-22890,-15119,-32039,3
2022-02-12 10:00:00,197138,249959,6437,20073,11682,32537,5163,19724,10843,29187,2902,1847,6273,4511,15482,18411,12341,42063,-18344,1055,-52821,1762,-2929,-13636,-20855,-14561,-29722,3
2022-02-12 11:00:00,215324,245056,6091,19875,11365,31178,4906,19565,11514,29265,2748,1929,6130,4532,15314,18524,12844,40105,-17751,819,-29732,1598,-3210,-13784,-19813,-14659,-27261,3
2022-02-12 12:00:00,213857,237591,5351,19642,10529,30348,4463,19380,11492,28758,3040,1957,6053,4567,15020,18410,12750,39604,-17266,1083,-23734,1486,-3390,-14291,-19819,-14917,-26854,3
2022-02-12 13:00:00,187073,231601,4279,19938,9364,30594,3821,19972,11239,27470,3166,1927,5653,4543,14982,18516,14038,41412,-16231,1239,-44528,1110,-3534,-15659,-21230,-16151,-27374,1
2022-02-12 14:00:00,151004,228981,2507,20904,6348,31006,3267,20702,9688,26819,3006,1834,5693,4660,15387,18953,13863,44327,-17131,1172,-77977,1033,-3566,-18397,-24658,-17435,-30464,1
2022-02-12 15:00:00,126812,235191,912,22123,5680,33056,3884,21653,7014,26653,2648,1765,5751,5062,15584,19723,12291,50303,-19639,883,-108379,689,-4139,-21211,-27376,-17769,-38012,1
2022-02-12 16:00:00,127989,252506,708,23279,8073,36643,4553,21695,7651,27635,2567,1808,5873,4946,15724,19429,13340,56832,-19984,759,-124517,927,-3705,-22571,-28570,-17142,-43492,3
2022-02-12 17:00:00,135698,261262,744,23486,8176,37073,5093,21524,9035,29819,2370,1959,5781,4717,15648,18847,13591,57614,-20784,411,-125564,1064,-3199,-22742,-28897,-16431,-44023,3
2022-02-12 18:00:00,140332,252351,796,23387,6923,34938,5203,20791,8497,30848,2347,2209,5408,4500,15691,18280,13933,55850,-22351,138,-112019,908,-2589,-22591,-28015,-15588,-41917,3
2022-02-12 19:00:00,145534,237937,841,22733,5544,32178,4933,19763,8485,30489,1985,2181,4672,4354,15275,17670,14503,53220,-22004,-196,-92403,318,-2395,-21892,-26634,-14830,-38717,3
2022-02-12 20:00:00,147987,229272,893,21779,5138,29735,4635,18770,7666,28397,1925,1999,4576,4195,14804,17219,15471,50845,-20731,-74,-81285,381,-2415,-20886,-24597,-14135,-35374,3
2022-02-12 21:00:00,144479,223060,1001,20808,4469,27444,4567,17654,7151,26220,1684,1822,4440,4021,14573,16695,15210,48459,-19069,-138,-78581,419,-2122,-19807,-22975,-13087,-33249,3
2022-02-12 22:00:00,142611,212284,1225,19815,4258,25172,4527,16655,8075,24632,1249,1680,4457,3836,13518,16379,15326,45945,-16557,-431,-69673,621,-2861,-18590,-20914,-12128,-30619,3
2022-02-12 23:00:00,142054,202110,1263,18886,4620,23440,4448,16033,8035,22957,1518,1496,4900,3639,13241,16050,15814,43811,-14922,22,-60056,1261,-2809,-17623,-18820,-11585,-27997,3
2022-02-13 00:00:00,140347,196524,1257,18328,4349,22521,4532,15734,8291,21686,1341,1354,4443,3613,13330,15804,15785,42341,-13395,-13,-56177,830,-2474,-17071,-18172,-11202,-26556,3
2022-02-13 01:00:00,137999,192645,1265,17818,4366,22028,4567,15481,9178,20889,1165,1247,4358,3579,13478,15888,15631,41708,-11711,-82,-54646,779,-2410,-16553,-17662,-10914,-26077,3
2022-02-13 02:00:00,138886,190866,1220,17568,4198,22011,4611,15487,10552,20544,828,1241,4186,3595,13558,15852,15176,40915,-9992,-413,-51980,591,-2294,-16348,-17813,-10876,-25739,3
2022-02-13 03:00:00,139611,190674,1096,17791,4160,22465,4665,15692,11330,20492,395,1202,4239,3624,13760,16153,14501,41438,-9162,-807,-51063,615,-2393,-16695,-18305,-11027,-26937,3
2022-02-13 04:00:00,143997,188778,1122,18333,3338,23841,4810,15999,11683,20898,239,1187,4299,3812,14089,16721,14465,42057,-9215,-948,-44781,487,-2632,-17211,-20503,-11189,-27592,3
2022-02-13 05:00:00,148505,193487,1213,19222,3890,24667,4991,16109,11593,21457,253,1208,4387,4070,14206,17598,15029,43020,-9864,-955,-44982,317,-3392,-18009,-20777,-11118,-27991,3
2022-02-13 06:00:00,154161,201979,2219,19906,6329,26556,5272,16191,12021,21896,375,1235,4707,4292,14430,18077,15155,44384,-9875,-860,-47818,415,-3647,-17687,-20227,-10919,-29229,3
2022-02-13 07:00:00,174220,215735,4029,20085,8801,28153,5558,16271,13388,24028,259,1326,5446,4452,14606,18355,15392,46029,-10640,-1067,-41515,994,-3749,-16056,-19352,-10713,-30637,3
2022-02-13 08:00:00,201733,225457,5319,20071,10322,28689,5845,16344,16680,25673,122,1476,5442,4577,14883,18677,15512,46518,-8993,-1354,-23724,865,-3794,-14752,-18367,-10499,-31006,3
2022-02-13 09:00:00,224654,230846,6064,19920,11062,28738,6228,16274,20423,26162,110,1667,5471,4654,14884,18763,14840,44149,-5739,-1557,-6192,817,-3879,-13856,-17676,-10046,-29309,3
2022-02-13 10:00:00,237182,235903,6249,19877,10724,28471,6538,16423,23674,26215,77,1907,5312,4627,14750,18457,13866,41881,-2541,-1830,1279,685,-3707,-13628,-17747,-9885,-28015,2
2022-02-13 11:00:00,238855,229773,5955,19476,10999,27018,6610,16773,24451,26896,222,2036,5031,4653,14635,18297,14206,41081,-2445,-1814,9082,378,-3662,-13521,-16019,-10163,-26875,2
2022-02-13 12:00:00,230369,220143,5232,19259,10093,26241,6072,16870,24075,26836,449,2113,4828,4642,14669,18455,14748,42275,-2761,-1664,10226,186,-3786,-14027,-16148,-10798,-27527,2
2022-02-13 13:00:00,207514,213831,4010,19673,7534,26717,5501,17367,23810,25714,559,2166,4938,4578,14887,18360,14454,43425,-1904,-1607,-6317,360,-3473,-15663,-19183,-11866,-28971,3
2022-02-13 14:00:00,175084,212108,2419,20508,4806,27463,5285,18239,22433,25031,571,2064,4951,4507,15464,18791,15168,46142,-2598,-1493,-37024,444,-3327,-18089,-22657,-12954,-30974,3
2022-02-13 15:00:00,158611,217939,1212,21687,4209,29518,5784,19422,19967,25217,734,1981,4915,4963,15604,19285,16535,50385,-5250,-1247,-59328,-48,-3681,-20475,-25309,-13638,-33850,3
2022-02-13 16:00:00,171378,240154,1002,23167,6426,33310,6532,20009,17090,26510,945,1978,5082,5097,15886,19325,16861,56119,-9420,-1033,-68776,-15,-3439,-22165,-26884,-13477,-39258,3
2022-02-13 17:00:00,187352,252170,935,23565,7307,34758,6631,20230,15529,29031,1003,2108,5087,4833,15639,18670,17047,56666,-13502,-1105,-64818,254,-3031,-22630,-27451,-13599,-39619,3
2022-02-13 18:00:00,190923,245840,942,23456,6311,33541,6688,19721,16200,30430,1155,2302,4750,4594,15312,18442,17067,54623,-14230,-1147,-54917,156,-3130,-22514,-27230,-13033,-37556,3
2022-02-13 19:00:00,193191,234067,1056,22803,4754,31248,6332,18980,16047,30133,1074,2232,4176,4405,15114,17813,17098,52287,-14086,-1158,-40876,-229,-2699,-21747,-26494,-12648,-35189,3
2022-02-13 20:00:00,194369,230448,1194,21765,3832,28786,5808,18333,15501,28399,648,2058,4615,4139,14535,17159,17009,49662,-12898,-1410,-36079,476,-2624,-20571,-24954,-12525,-32653,3
2022-02-13 21:00:00,193632,228215,1351,20676,3971,26136,5570,17335,15642,26023,675,1925,4323,3995,14156,16869,16867,47020,-10381,-1250,-34583,328,-2713,-19325,-22165,-11765,-30153,3
2022-02-13 22:00:00,196269,217631,1328,19628,3915,23758,5474,16547,15294,24172,847,1761,4280,3897,13772,17223,16848,44038,-8878,-914,-21362,383,-3451,-18300,-19843,-11073,-27190,3
2022-02-13 23:00:00,194944,209392,1291,18749,4896,22486,5449,16180,15051,22585,857,1551,4856,3737,13206,16874,16945,41961,-7534,-694,-14448,1119,-3668,-17458,-17590,-10731,-25016,3
2022-02-14 00:00:00,196330,204201,1361,18265,5688,21990,5456,16079,16223,21656,868,1367,4754,3659,12511,16290,16899,40983,-5433,-499,-7871,1095,-3779,-16904,-16302,-10623,-24084,3
2022-02-14 01:00:00,194962,202884,1372,17778,6126,21946,5382,16129,15694,21307,942,1255,4963,3669,12642,16194,16884,40464,-5613,-313,-7922,1294,-3552,-16406,-15820,-10747,-23580,3
2022-02-14 02:00:00,194294,205514,1328,17741,6177,22774,5411,16503,16143,21398,1125,1252,4575,3736,13123,16331,16798,40396,-5255,-127,-11220,839,-3208,-16413,-16597,-11092,-23598,3
2022-02-14 03:00:00,193040,213378,1291,18767,4927,25085,5552,17731,16048,22310,1470,1225,4529,3970,13798,17092,16935,41056,-6262,245,-20338,559,-3294,-17476,-20158,-12179,-24121,3
2022-02-14 04:00:00,190646,232533,1338,21118,5404,31670,5677,20631,15399,25556,1646,1179,5138,4485,14800,18761,16953,43754,-10157,467,-41887,653,-3961,-19780,-26266,-14954,-26801,3
2022-02-14 05:00:00,190791,265212,1385,24309,7754,37934,5854,22289,15267,29842,2062,1174,5503,5092,14604,19963,16535,48711,-14575,888,-74421,411,-5359,-22924,-30180,-16435,-32176,1
2022-02-14 06:00:00,191325,282616,1997,25006,10669,42754,6239,22601,16569,31625,2326,1253,5414,5216,15287,20707,16482,55608,-15056,1073,-91291,198,-5420,-23009,-32085,-16362,-39126,1
2022-02-14 07:00:00,206475,293090,3164,24513,10809,44109,6835,22279,19863,32436,2484,1521,5873,5154,15228,21161,16308,59497,-12573,963,-86615,719,-5933,-21349,-33300,-15444,-43189,1
2022-02-14 08:00:00,226425,293726,4273,23749,10457,43568,7152,21567,21993,32697,2644,1868,5781,5236,14888,21078,16294,59187,-10704,776,-67301,545,-6190,-19476,-33111,-14415,-42893,1
2022-02-14 09:00:00,235321,294987,5178,23241,11911,44000,7463,21541,24249,32464,2808,2096,5918,5253,14454,20764,16657,57000,-8215,712,-59666,665,-6310,-18063,-32089,-14078,-40343,1
2022-02-14 10:00:00,238711,298444,5883,23082,11288,42174,7650,21509,25374,32420,2610,2201,5992,5146,14254,20661,16840,54610,-7046,409,-59733,846,-6407,-17199,-30886,-13859,-37770,3
2022-02-14 11:00:00,228935,296359,5712,23100,10272,42161,7420,21737,26654,32350,2822,2213,6151,5232,14128,20430,16884,52173,-5696,609,-67424,919,-6302,-17388,-31889,-14317,-35289,3
2022-02-14 12:00:00,209129,289002,5166,23085,10132,42799,6964,21818,27138,31821,2790,2196,6239,5204,14142,20370,16937,50987,-4683,594,-79873,1035,-6228,-17919,-32667,-14854,-34050,3
2022-02-14 13:00:00,186096,283282,3809,23815,9582,43507,6372,22580,26941,31253,2613,2198,6217,4943,14365,20551,16908,51021,-4312,415,-97186,1274,-6186,-20006,-33925,-16208,-34113,3
2022-02-14 14:00:00,164266,279699,2242,24468,9481,43583,5857,23121,25962,30915,2066,2091,5979,4972,14572,20558,16774,52973,-4953,-25,-115433,1007,-5986,-22226,-34102,-17264,-36199,3
2022-02-14 15:00:00,150025,278089,1379,25064,9228,43572,6095,24086,23015,30873,1362,2098,6007,5317,14879,20817,16193,56837,-7858,-736,-128064,690,-5938,-23685,-34344,-17991,-40644,3
2022-02-14 16:00:00,150250,288150,1318,25780,9265,44406,6283,24269,19115,31449,955,2178,6122,5190,15165,20239,16477,62313,-12334,-1223,-137900,932,-5074,-24462,-35141,-17986,-45836,3
2022-02-14 17:00:00,154753,293457,1422,25838,8948,43661,6231,24144,18401,33897,674,2385,6013,4873,15266,19838,16068,62173,-15496,-1711,-138704,1140,-4572,-24416,-34713,-17913,-46105,3
2022-02-14 18:00:00,148605,284656,1433,25478,7790,41076,6037,23561,17899,34911,564,2652,5781,4546,15162,18972,16194,60049,-17012,-2088,-136051,1235,-3810,-24045,-33286,-17524,-43855,3
2022-02-14 19:00:00,144740,267555,1447,24618,6967,37814,5233,22115,17082,33955,549,2594,5597,4484,15047,18179,15953,57053,-16873,-2045,-122815,1113,-3132,-23171,-30847,-16882,-41100,3
2022-02-14 20:00:00,142484,253643,1443,23534,6231,33905,4652,20672,15755,31084,1258,2398,5580,4308,14319,17330,12882,53688,-15329,-1140,-111159,1272,-3011,-22091,-27674,-16020,-40806,3
2022-02-14 21:00:00,141712,240393,1299,22651,6139,30900,4546,19449,14375,28067,1914,2180,5456,4057,13759,16374,10704,50057,-13692,-266,-98681,1399,-2615,-21352,-24761,-14903,-39353,3
2022-02-14 22:00:00,146010,226724,1210,21529,5907,28255,4287,18463,12520,26731,2331,1944,4904,3864,13986,16121,9680,46694,-14211,387,-80714,1040,-2135,-20319,-22348,-14176,-37014,3
2022-02-14 23:00:00,151044,218778,1065,20292,6572,26781,4048,17889,12049,25181,2785,1646,5095,3718,13552,15747,9924,44712,-13132,1139,-67734,1377,-2195,-19227,-20209,-13841,-34788,3
2022-02-15 00:00:00,143718,213419,930,19448,6746,26051,3798,17510,12049,24017,2970,1395,4154,3701,13387,15384,9851,43219,-11968,1575,-69701,453,-1997,-18518,-19305,-13712,-33368,1
2022-02-15 01:00:00,139937,210666,874,18820,7128,25839,3693,17535,11640,23543,2678,1264,4320,3609,13642,15382,9418,42339,-11903,1414,-70729,711,-1740,-17946,-18711,-13842,-32921,1
2022-02-15 02:00:00,132075,213624,798,18757,6985,26264,3588,17884,12116,23496,2279,1209,4222,3714,13818,15336,8749,41894,-11380,1070,-81549,508,-1518,-17959,-19279,-14296,-33145,1
2022-02-15 03:00:00,123002,221548,708,19506,6748,28092,3543,18704,11973,24320,2134,1159,4064,3984,14430,16054,9100,42326,-12347,975,-98546,80,-1624,-18798,-21344,-15161,-33226,1
2022-02-15 04:00:00,120456,235911,729,21399,6573,33359,3615,21147,11900,27042,2330,1120,4233,4435,15517,17647,8276,44489,-15142,1210,-115455,-202,-2130,-20670,-26786,-17532,-36213,1
2022-02-15 05:00:00,120119,265736,713,24203,9488,39331,3840,22661,13541,31340,2333,1138,4659,4862,16206,19361,8144,50106,-17799,1195,-145617,-203,-3155,-23490,-29843,-18821,-41962,1
2022-02-15 06:00:00,122811,284915,1243,24793,11329,43794,4044,23356,14466,32818,2318,1273,4463,5127,16356,19851,7342,57195,-18352,1045,-162104,-664,-3495,-23550,-32465,-19312,-49853,1
2022-02-15 07:00:00,126443,292673,2545,24381,13254,45722,4219,23216,16542,33236,1900,1578,4474,5398,16339,19991,7460,59494,-16694,322,-166230,-924,-3652,-21836,-32468,-18997,-52034,1
2022-02-15 08:00:00,129810,293942,3610,23671,13749,45792,4181,22679,18235,33097,1666,1935,5119,4962,16390,20127,8605,57417,-14862,-269,-164132,157,-3737,-20061,-32043,-18498,-48812,3
2022-02-15 09:00:00,141554,296839,4394,23041,13987,45394,4629,23070,20129,32694,1242,1055,5621,5317,16267,20041,11741,52659,-12565,187,-155285,304,-3774,-18647,-31407,-18441,-40918,3
2022-02-15 10:00:00,154856,300120,4913,22741,12815,43261,4672,23175,21420,32348,1114,0,5441,5159,16201,19722,14680,49151,-10928,1114,-145264,282,-3521,-17828,-30446,-18503,-34471,1
2022-02-15 11:00:00,160238,296213,4873,22553,13302,43638,4494,23529,22814,32108,1094,0,5121,5146,16217,19806,15125,47992,-9294,1094,-135975,-25,-3589,-17680,-30336,-19035,-32867,1
2022-02-15 12:00:00,160453,288555,4205,22427,12359,44016,4112,23525,23876,31545,1130,0,4724,5020,16085,19475,16651,50542,-7669,1130,-128102,-296,-3390,-18222,-31657,-19413,-33891,1
2022-02-15 13:00:00,158318,284396,2960,23016,11436,44019,3182,23474,24597,30851,824,0,5059,4945,15972,19601,17156,54189,-6254,824,-126078,114,-3629,-20056,-32583,-20292,-37033,1
2022-02-15 14:00:00,150288,281618,1643,23823,10614,43869,2857,23603,23827,30590,990,0,4823,5009,16056,19918,17162,57538,-6763,990,-131330,-186,-3862,-22180,-33255,-20746,-40376,1
2022-02-15 15:00:00,143986,279794,731,24469,9846,43424,3228,24444,19605,30659,1130,0,5400,5389,15970,20911,17437,60844,-11054,1130,-135808,11,-4941,-23738,-33578,-21216,-43407,1
2022-02-15 16:00:00,153194,290207,649,25451,10848,44605,3577,24538,15496,31397,1307,0,5942,5310,15805,20725,17496,64199,-15901,1307,-137013,632,-4920,-24802,-33757,-20961,-46703,1
2022-02-15 17:00:00,174745,298611,714,25738,10944,44210,4124,24322,16302,34038,1567,1291,6127,5042,15512,20387,17063,62750,-17736,276,-123866,1085,-4875,-25024,-33266,-20198,-45687,3
2022-02-15 18:00:00,190323,295050,825,25344,9605,41439,4383,23695,17318,35235,1939,2682,5666,4879,15201,19572,17298,60228,-17917,-743,-104727,787,-4371,-24519,-31834,-19312,-42930,3
2022-02-15 19:00:00,206453,278138,853,24439,8578,38321,4250,22154,16086,33994,2427,2494,5348,4558,15049,18935,16414,57016,-17908,-67,-71685,790,-3886,-23586,-29743,-17904,-40602,3
2022-02-15 20:00:00,209850,263944,812,23421,7249,34344,4134,20652,14136,30935,2988,2288,5224,4317,14642,18241,15160,53542,-16799,700,-54094,907,-3599,-22609,-27095,-16518,-38382,3
2022-02-15 21:00:00,202466,250970,764,22542,6514,31127,4265,19287,13797,28053,2976,2092,4960,4134,14405,17352,14301,50011,-14256,884,-48504,826,-2947,-21778,-24613,-15022,-35710,1
2022-02-15 22:00:00,203064,235400,866,21424,6130,28522,4579,18302,14158,26690,3042,1856,4614,4002,13652,16650,12823,46904,-12532,1186,-32336,612,-2998,-20558,-22392,-13723,-34081,1
2022-02-15 23:00:00,200216,224227,837,20184,5496,26899,4896,17752,15300,25153,3022,1587,3874,3924,13334,16295,12427,44540,-9853,1435,-24011,-50,-2961,-19347,-21403,-12856,-32113,1
2022-02-16 00:00:00,190094,217374,792,19310,5715,26159,5187,17400,16681,24137,3136,1364,3841,3809,13287,15986,12733,43036,-7456,1772,-27280,32,-2699,-18518,-20444,-12213,-30303,1
2022-02-16 01:00:00,178701,213106,814,18717,5700,25970,5431,17490,17476,23635,3100,1206,3324,3783,13582,16068,12799,42378,-6159,1894,-34405,-459,-2486,-17903,-20270,-12059,-29579,1
2022-02-16 02:00:00,176930,214957,838,18646,5018,26440,5600,17777,17969,23580,2831,1188,3309,3752,13794,16380,13483,42578,-5611,1643,-38027,-443,-2586,-17808,-21422,-12177,-29095,1
2022-02-16 03:00:00,172879,223617,822,19487,4639,28458,5796,18654,17552,24273,2834,1126,3673,3922,13941,17124,15074,42925,-6721,1708,-50738,-249,-3183,-18665,-23819,-12858,-27851,1
2022-02-16 04:00:00,178015,239217,703,21414,5334,34056,5898,20994,16688,27058,2824,1092,3683,4388,14810,18892,16078,44874,-10370,1732,-61202,-705,-4082,-20711,-28722,-15096,-28796,1
2022-02-16 05:00:00,186941,267263,708,24224,6634,39833,6016,22554,15906,31140,2842,1113,3580,5045,15171,20167,16860,50005,-15234,1729,-80322,-1465,-4996,-23516,-33199,-16538,-33145,1
2022-02-16 06:00:00,199076,286626,1075,25025,9877,44443,6271,23211,16914,32752,3058,1201,3163,5384,15413,20677,17226,56618,-15838,1857,-87550,-2221,-5264,-23950,-34566,-16940,-39392,1
2022-02-16 07:00:00,213421,296517,2040,24895,12368,45640,6758,23036,19339,33162,2727,1478,3299,5462,15425,20686,17010,60314,-13823,1249,-83096,-2163,-5261,-22855,-33272,-16278,-43304,1
2022-02-16 08:00:00,223464,300671,3256,24394,11734,44077,7055,22457,21840,33202,2476,1806,3541,5527,15153,20844,17210,60396,-11362,670,-77207,-1986,-5691,-21138,-32343,-15402,-43186,1
2022-02-16 09:00:00,231006,299971,3887,24103,11899,43156,7496,22656,24198,32745,3060,2092,3843,5555,14895,20818,17188,58179,-8547,968,-68965,-1712,-5923,-20216,-31257,-15160,-40991,1
2022-02-16 10:00:00,230764,302695,4357,23621,11581,40605,7971,22933,25893,32421,3738,2223,4316,5486,14615,20832,17327,58183,-6528,1515,-71931,-1170,-6217,-19264,-29024,-14962,-40856,1
2022-02-16 11:00:00,225768,300113,4698,23233,12535,40520,8227,23146,26948,32384,3474,2262,4712,5447,14439,20617,17214,58189,-5436,1212,-74345,-735,-6178,-18535,-27985,-14919,-40975,1
2022-02-16 12:00:00,222522,295098,4641,22783,12120,41848,8017,23028,27218,31767,3496,2265,5031,5387,14301,20610,17367,58524,-4549,1231,-72576,-356,-6309,-18142,-29728,-15011,-41157,1
2022-02-16 13:00:00,217566,292083,3992,23082,11121,42295,7731,23129,27194,31078,3056,2301,5415,5246,14319,20816,17356,58496,-3884,755,-74517,169,-6497,-19090,-31174,-15398,-41140,1
2022-02-16 14:00:00,212225,288256,2676,23743,9438,42615,7678,23332,26156,30683,3169,2175,5418,5122,14305,20954,17251,59312,-4527,994,-76031,296,-6649,-21067,-33177,-15654,-42061,1
2022-02-16 15:00:00,208777,284643,1447,24607,8821,42817,7783,23935,21929,30533,3216,2137,5007,5497,14570,21659,17020,60861,-8604,1079,-75866,-490,-7089,-23160,-33996,-16152,-43841,1
2022-02-16 16:00:00,211218,291932,1345,25705,9904,44852,7928,23955,17788,31148,3593,2173,4895,5465,14556,21399,16219,63684,-13360,1420,-80714,-570,-6843,-24360,-34948,-16027,-47465,1
2022-02-16 17:00:00,214073,297722,1331,25913,9738,44336,7819,23853,18293,33670,3318,2305,4936,5079,14362,20903,13678,62239,-15377,1013,-83649,-143,-6541,-24582,-34598,-16034,-48561,1
2022-02-16 18:00:00,212814,288527,1330,25525,7725,41780,7632,23213,20002,34597,3452,2478,4959,4842,13908,20183,11995,59762,-14595,974,-75713,117,-6275,-24195,-34055,-15581,-47767,1
2022-02-16 19:00:00,214541,272111,1325,24647,6006,38455,7312,21698,19121,33648,3546,2368,4800,4699,13813,19452,10557,56401,-14527,1178,-57570,101,-5639,-23322,-32449,-14386,-45844,1
2022-02-16 20:00:00,215695,257265,1209,23472,5131,34650,7153,20133,16134,30683,3238,2198,4850,4334,13177,18626,10664,53133,-14549,1040,-41570,516,-5449,-22263,-29519,-12980,-42469,1
2022-02-16 21:00:00,216271,245896,1146,22639,5251,31258,7116,18880,15333,27689,3047,2003,4448,4168,12773,17822,12835,49915,-12356,1044,-29625,280,-5049,-21493,-26007,-11764,-37080,1
2022-02-16 22:00:00,220113,231957,1232,21464,4926,28488,7081,17824,14990,26583,2757,1783,4807,3900,12687,17394,14089,46958,-11593,974,-11844,907,-4707,-20232,-23562,-10743,-32869,1
2022-02-16 23:00:00,217745,223685,1350,20206,4710,26789,6993,17249,14786,25078,2768,1522,4974,3800,12653,16973,14984,44930,-10292,1246,-5940,1174,-4320,-18856,-22079,-10256,-29946,1
2022-02-17 00:00:00,217274,215773,1340,19378,5545,25994,6651,16758,15588,24123,2859,1303,4734,3769,12523,16704,14861,42892,-8535,1556,1501,965,-4181,-18038,-20449,-10107,-28031,1
2022-02-17 01:00:00,207179,212480,1388,18789,5509,25916,6564,16767,16472,23667,2724,1188,4562,3714,12447,16604,14061,41679,-7195,1536,-5301,848,-4157,-17401,-20407,-10203,-27618,1
2022-02-17 02:00:00,194708,214374,1581,18573,4507,26390,6421,16908,16203,23721,2563,1190,4350,3727,13005,16754,13230,41157,-7518,1373,-19666,623,-3749,-16992,-21883,-10487,-27927,1
2022-02-17 03:00:00,187414,220762,1699,19321,4425,28234,6154,17886,14150,24423,2710,1137,4275,3917,13357,17377,12268,41330,-10273,1573,-33348,358,-4020,-17622,-23809,-11732,-29062,1
2022-02-17 04:00:00,184265,236618,1440,21326,4915,33782,6200,20111,13100,27175,2644,1095,4620,4233,14404,19129,12097,43875,-14075,1549,-52353,387,-4725,-19886,-28867,-13911,-31778,1
2022-02-17 05:00:00,198114,263765,1305,24030,6781,39690,6387,21700,12641,30981,2230,1125,4239,4975,14626,20342,13566,49398,-18340,1105,-65651,-736,-5716,-22725,-32909,-15313,-35832,1
2022-02-17 06:00:00,215240,282581,1766,24886,10646,43729,6970,22770,13646,32325,2385,1238,4424,5241,14475,20556,14468,56100,-18679,1147,-67341,-817,-6081,-23120,-33083,-15800,-41632,1
2022-02-17 07:00:00,222615,292660,2172,25108,11409,44303,7400,23225,15614,32789,1956,1556,4492,5150,14892,20713,15218,57659,-17175,400,-70045,-658,-5821,-22936,-32894,-15825,-42441,1
2022-02-17 08:00:00,238334,296078,3468,24300,13529,44131,7622,22984,16981,32561,1348,1872,4981,5190,15005,20901,16057,55169,-15580,-524,-57744,-209,-5896,-20832,-30602,-15362,-39112,3
2022-02-17 09:00:00,251019,295733,5164,23124,13961,43173,7752,23237,17877,32213,1250,2146,5679,5167,15000,20766,16040,50915,-14336,-896,-44714,512,-5766,-17960,-29212,-15485,-34875,3
2022-02-17 10:00:00,262081,296474,6246,22437,15526,40203,7610,23156,18824,32011,1534,2318,6025,5224,14897,20533,16290,46935,-13187,-784,-34393,801,-5636,-16191,-24677,-15546,-30645,3
2022-02-17 11:00:00,272040,295585,5832,23014,16135,39739,7695,23273,18781,31745,1338,2351,5802,5192,14844,20706,17091,46359,-12964,-1013,-23545,610,-5862,-17182,-23604,-15578,-29268,3
2022-02-17 12:00:00,265376,288854,5304,23197,14329,40348,7661,23067,18615,31150,1222,2333,5711,5202,14680,20626,17177,47441,-12535,-1111,-23478,509,-5946,-17893,-26019,-15406,-30264,3
2022-02-17 13:00:00,254252,284731,4263,23572,12357,41096,7421,23033,18485,30557,1294,2309,5954,5159,14608,20421,17203,49786,-12072,-1015,-30479,795,-5813,-19309,-28739,-15612,-32583,3
2022-02-17 14:00:00,241240,281543,2996,24013,10274,41235,7269,23143,17156,30061,1299,2201,5844,5147,14802,20795,17119,53842,-12905,-902,-40303,697,-5993,-21017,-30961,-15874,-36723,3
2022-02-17 15:00:00,230631,279114,1919,24543,8201,41530,7620,23877,13541,29889,916,2184,5714,5390,15184,21498,15887,57718,-16348,-1268,-48483,324,-6314,-22624,-33329,-16257,-41831,3
2022-02-17 16:00:00,223721,288460,1773,25327,9739,43790,7717,23954,10408,30210,996,2267,5540,5432,15190,21329,14316,61817,-19802,-1271,-64739,108,-6139,-23554,-34051,-16237,-47501,3
2022-02-17 17:00:00,221474,296517,1767,25582,10337,43748,7646,23809,10868,32939,847,2448,5661,5138,15316,20995,15254,62542,-22071,-1601,-75043,523,-5679,-23815,-33411,-16163,-47288,3
2022-02-17 18:00:00,212659,286982,1825,25249,8612,41384,7434,23308,11185,33997,926,2645,5321,4913,15259,20217,14719,60793,-22812,-1719,-74323,408,-4958,-23424,-32772,-15874,-46074,3
2022-02-17 19:00:00,205262,271755,1726,24439,7622,38255,7006,21695,10854,33107,784,2574,5121,4626,14975,19253,13544,57577,-22253,-1790,-66493,495,-4278,-22713,-30633,-14689,-44033,3
2022-02-17 20:00:00,200306,256913,1720,23292,7011,34203,6924,20258,10089,30444,484,2405,5218,4347,14751,18615,13602,53866,-20355,-1921,-56607,871,-3864,-21572,-27192,-13334,-40264,3
2022-02-17 21:00:00,196824,242830,1768,22379,6863,31080,6900,19076,7832,27649,463,2263,5408,4119,14727,17911,12082,50268,-19817,-1800,-46006,1289,-3184,-20611,-24217,-12176,-38186,3
2022-02-17 22:00:00,197050,229425,1812,21228,6517,28373,6805,18067,8387,26596,736,2022,5784,3993,13609,17080,10489,47040,-18209,-1286,-32375,1791,-3471,-19416,-21856,-11262,-36551,3
2022-02-17 23:00:00,193392,218025,1673,19943,8783,26890,6816,17414,8102,25042,765,1753,5574,3878,13332,16772,9790,44670,-16940,-988,-24633,1696,-3440,-18270,-18107,-10598,-34880,3
2022-02-18 00:00:00,180727,211087,1526,19098,8999,26018,6824,17161,8025,24072,1214,1503,5395,3828,13374,16898,9074,43174,-16047,-289,-30360,1567,-3524,-17572,-17019,-10337,-34100,3
2022-02-18 01:00:00,168450,208509,1571,18424,9206,25699,6800,17277,7678,23680,2014,1365,5345,3813,13512,16665,7522,42218,-16002,649,-40059,1532,-3153,-16853,-16493,-10477,-34696,3
2022-02-18 02:00:00,155884,206629,1638,18397,8705,26205,6731,17575,7848,23408,1907,1323,5150,3822,14082,17090,7710,41930,-15560,584,-50745,1328,-3008,-16759,-17500,-10844,-34220,3
2022-02-18 03:00:00,140119,214204,1337,19213,6581,28258,6668,18398,8008,24125,1381,1262,4809,3966,14703,17753,9465,43081,-16117,119,-74085,843,-3050,-17876,-21677,-11730,-33616,3
2022-02-18 04:00:00,134540,228287,1389,21034,5307,33734,6691,20754,9932,26842,765,1267,4731,4330,15909,19309,9947,45273,-16910,-502,-93747,401,-3400,-19645,-28427,-14063,-35326,3
2022-02-18 05:00:00,140288,256443,1007,23541,7097,39008,6651,22263,11431,30778,769,1300,4537,4782,16340,20274,12697,50141,-19347,-531,-116155,-245,-3934,-22534,-31911,-15612,-37444,3
2022-02-18 06:00:00,147338,274473,2029,23749,10555,42757,6804,22800,12448,32065,1002,1401,4109,5054,16389,20496,14856,56383,-19617,-399,-127135,-945,-4107,-21720,-32202,-15996,-41527,1
2022-02-18 07:00:00,159245,282128,3542,23198,10816,43533,7848,22870,14128,32250,1445,1646,3596,5109,16469,20616,15158,59811,-18122,-201,-122883,-1513,-4147,-19656,-32717,-15022,-44653,1
2022-02-18 08:00:00,171826,285672,4502,22969,10374,42930,8457,22801,15776,32092,2558,1929,3344,5205,16312,20332,16767,61334,-16316,629,-113846,-1861,-4020,-18467,-32556,-14344,-44567,1
2022-02-18 09:00:00,185262,290145,5052,22913,11214,42171,8357,23094,16427,31801,3132,2097,3121,5192,15897,19778,16984,61141,-15374,1035,-104883,-2071,-3881,-17861,-30957,-14737,-44157,1
2022-02-18 10:00:00,196954,291439,5794,22738,10771,40164,8170,23285,16616,31475,3158,2225,3384,5233,15322,19387,16684,60160,-14859,933,-94485,-1849,-4065,-16944,-29393,-15115,-43476,1
2022-02-18 11:00:00,212116,289071,6050,22084,10777,40109,7388,23179,16917,31263,3246,2277,3873,5199,14825,19150,16183,58582,-14346,969,-76955,-1326,-4325,-16034,-29332,-15791,-42399,1
2022-02-18 12:00:00,223480,282868,5116,21849,9581,40722,6564,23257,16101,30614,3368,2320,4453,5188,14509,19051,12344,57568,-14513,1048,-59388,-735,-4542,-16733,-31141,-16693,-45224,1
2022-02-18 13:00:00,225751,278661,4099,22328,8883,40978,5845,23393,15820,29820,3380,2317,5030,5209,14239,19238,8626,55331,-14000,1063,-52910,-179,-4999,-18229,-32095,-17548,-46705,1
2022-02-18 14:00:00,221421,275037,2658,23263,7785,41253,5733,23364,15648,29428,3238,2183,4768,5273,14404,19367,5617,53848,-13780,1055,-53616,-505,-4963,-20605,-33468,-17631,-48231,1
2022-02-18 15:00:00,214067,272045,1388,23979,8087,41771,6312,23900,14651,29369,3326,2096,5037,5465,14517,20173,4669,56350,-14718,1230,-57978,-428,-5656,-22591,-33684,-17588,-51681,1
2022-02-18 16:00:00,210765,279744,1389,24877,9717,43754,7058,23987,12077,29613,2627,2077,4575,5420,14604,19913,4531,60421,-17536,550,-68979,-845,-5309,-23488,-34037,-16929,-55890,1
2022-02-18 17:00:00,205831,282552,1607,25030,9763,43092,7383,23806,13419,31968,2592,2231,3429,5067,14730,19575,4434,59940,-18549,361,-76721,-1638,-4845,-23423,-33329,-16423,-55506,1
2022-02-18 18:00:00,193511,272342,1741,24507,7259,40646,7252,23094,14160,32660,2590,2425,3503,4737,14685,19123,5200,57159,-18500,165,-78831,-1234,-4438,-22766,-33387,-15842,-51959,1
2022-02-18 19:00:00,183804,255280,1657,23694,6376,37456,7099,21459,13967,31915,2938,2386,3302,4493,14666,18584,5474,54111,-17948,552,-71476,-1191,-3918,-22037,-31080,-14360,-48637,1
2022-02-18 20:00:00,181441,243626,1591,22745,6723,33938,6883,19937,13740,29368,2411,2182,2974,4364,14431,17861,5695,50651,-15628,229,-62185,-1390,-3430,-21154,-27215,-13054,-44956,1
2022-02-18 21:00:00,175448,231274,1624,21995,7099,30703,6504,18721,13544,26915,2176,2035,2651,4194,14264,17305,6189,47714,-13371,141,-55826,-1543,-3041,-20371,-23604,-12217,-41525,1
2022-02-18 22:00:00,175524,215689,1562,20845,6903,27874,5760,17458,14246,26161,2434,1825,3418,3970,14156,16728,7239,44956,-11915,609,-40165,-552,-2572,-19283,-20971,-11698,-37717,1
2022-02-18 23:00:00,176548,206183,1386,19626,6624,26061,5345,16853,14891,24708,2494,1592,3348,3785,14037,16419,11192,42649,-9817,902,-29635,-437,-2382,-18240,-19437,-11508,-31457,1
2022-02-19 00:00:00,178800,199716,1312,18731,6470,25210,5296,16561,15802,23444,2273,1389,4577,3742,13872,16421,12810,41293,-7642,884,-20916,835,-2549,-17419,-18740,-11265,-28483,1
2022-02-19 01:00:00,188110,200549,1301,17988,6556,25192,5250,16432,16070,22702,1221,1246,4882,3734,13463,16507,14251,40498,-6632,-25,-12439,1148,-3044,-16687,-18636,-11182,-26247,3
2022-02-19 02:00:00,193336,203159,1290,17737,6665,25174,4964,16356,16177,22391,856,1216,4712,3730,12173,16374,15279,40634,-6214,-360,-9823,982,-4201,-16447,-18509,-11392,-25355,3
2022-02-19 03:00:00,197048,204063,1413,17986,6412,25918,4785,16547,15723,22215,639,1193,4494,3755,12447,16810,15453,40583,-6492,-554,-7015,739,-4363,-16573,-19506,-11762,-25130,3
2022-02-19 04:00:00,201018,203882,1489,18482,6427,28303,4623,17091,14584,22791,615,1173,4761,3843,12844,17465,15513,41188,-8207,-558,-2864,918,-4621,-16993,-21876,-12468,-25675,3
2022-02-19 05:00:00,203166,209113,1364,19648,8520,31098,4448,17613,13916,23978,590,1203,5019,4132,13239,17833,15635,43531,-10062,-613,-5947,887,-4594,-18284,-22578,-13165,-27896,3
2022-02-19 06:00:00,214150,219460,1483,21032,10729,34063,4569,18454,12985,25230,366,1278,5243,4398,14022,18193,15979,46579,-12245,-912,-5310,845,-4171,-19549,-23334,-13885,-30600,3
2022-02-19 07:00:00,234906,234582,1622,22248,11827,35512,5126,19226,14214,27392,191,1445,5538,4612,14166,18729,16028,48362,-13178,-1254,324,926,-4563,-20626,-23685,-14100,-32334,3
2022-02-19 08:00:00,257864,245372,1928,23008,11700,35041,5323,19580,17040,29058,80,1672,5316,4697,14321,19499,15929,46482,-12018,-1592,12492,619,-5178,-21080,-23341,-14257,-30553,2
2022-02-19 09:00:00,270545,252694,2154,23515,10997,33642,5598,19818,19445,29465,53,1929,4608,4645,14044,19153,16115,44497,-10020,-1876,17851,-37,-5109,-21361,-22645,-14220,-28382,2
2022-02-19 10:00:00,273419,254988,2459,23607,10690,31849,5798,19883,19637,29254,138,2135,4525,4594,13723,18641,15308,43219,-9617,-1997,18431,-69,-4918,-21148,-21159,-14085,-27911,2
2022-02-19 11:00:00,265945,249474,2813,22950,9848,30090,5943,19647,19612,29428,357,2230,4767,4421,13441,18255,13866,41988,-9816,-1873,16471,346,-4814,-20137,-20242,-13704,-28122,2
2022-02-19 12:00:00,253743,242017,3230,21728,8880,29828,6132,19400,19113,28927,582,2187,5164,4561,12804,18071,14616,43752,-9814,-1605,11726,603,-5267,-18498,-20948,-13268,-29136,2
2022-02-19 13:00:00,245969,239972,3090,21175,7804,29944,6215,19325,18958,27593,862,2167,5328,4582,12765,18035,16441,47269,-8635,-1305,5997,746,-5270,-18085,-22140,-13110,-30828,2
2022-02-19 14:00:00,233039,235556,2128,21473,6761,30739,6150,19288,17859,26962,1100,2079,5602,4553,13740,18808,16041,50563,-9103,-979,-2517,1049,-5068,-19345,-23978,-13138,-34522,3
2022-02-19 15:00:00,199887,232161,1448,21900,6794,32578,6448,20056,16317,26714,960,2042,5664,4786,14043,19211,15881,53247,-10397,-1082,-32274,878,-5168,-20452,-25784,-13608,-37366,3
2022-02-19 16:00:00,185647,244365,1317,22687,9084,35808,6702,20462,12334,27106,1092,2036,5555,5072,14102,19190,15005,56528,-14772,-944,-58718,483,-5088,-21370,-26724,-13760,-41523,3
2022-02-19 17:00:00,183842,252619,1369,22807,9528,36514,6558,20406,12021,29353,1416,2150,5419,4790,14117,18808,15139,56541,-17332,-734,-68777,629,-4691,-21438,-26986,-13848,-41402,3
2022-02-19 18:00:00,181427,245391,1325,22572,7583,34151,6567,19972,12978,30396,2052,2380,5288,4582,14136,18525,14691,54731,-17418,-328,-63964,706,-4389,-21247,-26568,-13405,-40040,3
2022-02-19 19:00:00,185242,231576,1236,21873,5400,31546,6024,18908,12421,30096,2440,2295,5232,4327,13938,17763,14183,52176,-17675,145,-46334,905,-3825,-20637,-26146,-12884,-37993,3
2022-02-19 20:00:00,176727,223931,1141,20885,5110,28775,5642,18055,10925,28114,3223,2066,5285,4041,13669,17274,12951,49519,-17189,1157,-47204,1244,-3605,-19744,-23665,-12413,-36568,3
2022-02-19 21:00:00,164832,218247,887,19902,5112,26597,5362,16998,9385,26095,3407,1882,4883,3806,13530,17057,12090,47314,-16710,1525,-53415,1077,-3527,-19015,-21485,-11636,-35224,1
2022-02-19 22:00:00,151540,206385,945,18877,4906,24609,5299,16083,8859,24666,3370,1704,4352,3591,13383,16893,11498,44890,-15807,1666,-54845,761,-3510,-17932,-19703,-10784,-33392,1
2022-02-19 23:00:00,144955,194287,1109,17915,5609,22861,5150,15471,8251,23103,3146,1485,3785,3482,13288,16918,9389,43380,-14852,1661,-49332,303,-3630,-16806,-17252,-10321,-33991,1
2022-02-20 00:00:00,140514,185877,1229,17415,6092,21883,4926,15175,8940,21965,2900,1282,3173,3347,13212,16687,7359,42027,-13025,1618,-45363,-174,-3475,-16186,-15791,-10249,-34668,1
2022-02-20 01:00:00,137585,182384,1206,16883,6190,21540,4687,14945,9259,21284,2781,1139,2852,3334,13101,16565,4598,41243,-12025,1642,-44799,-482,-3464,-15677,-15350,-10258,-36645,1
2022-02-20 02:00:00,140086,181903,1283,16575,6106,21520,4400,14977,9087,20927,2565,1095,2604,3373,13091,16827,5212,40475,-11840,1470,-41817,-769,-3736,-15292,-15414,-10577,-35263,1
2022-02-20 03:00:00,138909,182931,1258,16795,6124,22035,4112,15098,8707,21003,2560,1040,2420,3438,13342,17080,9643,41415,-12296,1520,-44022,-1018,-3738,-15537,-15911,-10986,-31772,1
2022-02-20 04:00:00,140608,182360,1204,17300,5535,23171,3920,15183,8455,21356,2552,995,2709,3642,13425,17510,12742,41585,-12901,1557,-41752,-933,-4085,-16096,-17636,-11263,-28843,1
2022-02-20 05:00:00,150838,183355,1347,18184,5834,23846,3994,15636,8523,21957,2668,985,3084,3898,13515,17928,14516,42590,-13434,1683,-32517,-814,-4413,-16837,-18012,-11642,-28074,1
2022-02-20 06:00:00,166319,190830,2314,18957,7705,25777,4393,16568,8811,22379,2763,1013,3447,4144,13576,18155,16061,44227,-13568,1750,-24511,-697,-4579,-16643,-18072,-12175,-28166,1
2022-02-20 07:00:00,182807,206727,3823,19321,8853,27423,4900,17654,11595,24491,2646,1111,3840,4266,13583,18517,16339,46729,-12896,1535,-23920,-426,-4934,-15498,-18570,-12754,-30390,1
2022-02-20 08:00:00,196006,220183,4490,20037,10298,27922,5429,18561,15273,25864,2938,1208,4648,4342,13621,18932,16467,48909,-10591,1730,-24177,306,-5311,-15547,-17624,-13132,-32442,1
2022-02-20 09:00:00,209116,230389,4986,20196,11857,27515,5363,18920,19349,26116,3412,1380,4985,4521,13383,18634,16554,49930,-6767,2032,-21273,464,-5251,-15210,-15658,-13557,-33376,1
2022-02-20 10:00:00,225233,239852,5011,20469,12748,27275,5606,19103,21190,25903,3718,1619,5381,4484,13181,18323,16492,51148,-4713,2099,-14619,897,-5142,-15458,-14527,-13497,-34656,1
2022-02-20 11:00:00,236680,237457,4865,19855,12811,25875,5549,19168,20623,26384,3640,899,5396,4617,13072,18125,16459,51810,-5761,2741,-777,779,-5053,-14990,-13064,-13619,-35351,1
2022-02-20 12:00:00,243270,232647,4193,19268,12861,25764,5128,18491,20430,26271,3818,999,5675,4662,13135,18178,16372,52185,-5841,2819,10623,1013,-5043,-15075,-12903,-13363,-35813,2
2022-02-20 13:00:00,238241,230659,3156,19581,11193,25897,4733,18314,20256,25136,3880,2069,5689,4734,13267,18622,16283,52092,-4880,1811,7582,955,-5355,-16425,-14704,-13581,-35809,2
2022-02-20 14:00:00,232271,229634,1985,20138,7464,26222,4628,18264,18476,24463,3662,1012,5900,4884,13643,19100,16162,52167,-5987,2650,2637,1016,-5457,-18153,-18758,-13636,-36005,1
2022-02-20 15:00:00,223812,230887,982,20952,5648,27875,5138,19189,14769,24264,3462,957,5981,5079,14299,19999,15898,53451,-9495,2505,-7075,902,-5700,-19970,-22227,-14051,-37553,1
2022-02-20 16:00:00,228288,242895,985,22198,7601,31736,6017,19714,9963,25120,3468,1912,5946,4990,14501,20330,14176,56437,-15157,1556,-14607,956,-5829,-21213,-24135,-13697,-42261,1
2022-02-20 17:00:00,226187,250355,1238,22791,8997,33271,6809,19702,10690,28198,3456,2052,5790,4663,14574,19923,12552,56425,-17508,1404,-24168,1127,-5349,-21553,-24274,-12893,-43873,1
2022-02-20 18:00:00,225669,241709,1167,22608,7663,32168,7069,19251,11773,29882,3608,2226,5502,4427,14393,19380,10801,54531,-18109,1382,-16040,1075,-4987,-21441,-24505,-12182,-43730,1
2022-02-20 19:00:00,224428,228855,1102,21898,6913,30254,6942,18330,12310,29963,3646,2228,5209,4402,14209,18567,9288,52356,-17653,1418,-4427,807,-4358,-20796,-23341,-11388,-43068,1
2022-02-20 20:00:00,220915,222878,1029,20828,5600,27769,6666,17615,10822,28204,3494,2080,4754,4251,14281,17890,12444,50161,-17382,1414,-1963,503,-3609,-19799,-22169,-10949,-37717,1
2022-02-20 21:00:00,219182,218501,927,19740,5287,25000,6739,16768,9560,25899,3497,1899,4665,3995,13486,17224,14887,48100,-16339,1598,681,670,-3738,-18813,-19713,-10029,-33213,1
2022-02-20 22:00:00,217636,209238,976,18705,5660,22946,6808,16046,8651,24262,3176,1702,4486,3884,11894,16925,15626,45442,-15611,1474,8398,602,-5031,-17729,-17286,-9238,-29816,2
2022-02-20 23:00:00,214585,202689,936,17694,6651,21825,6840,15623,8996,22838,2938,1489,5067,3750,11685,16876,15144,42982,-13842,1449,11896,1317,-5191,-16758,-15174,-8783,-27838,2
2022-02-21 00:00:00,211626,200473,866,17212,8051,21279,6902,15528,9588,22078,2454,1288,5095,3791,11383,16768,15081,41871,-12490,1166,11153,1304,-5385,-16346,-13228,-8626,-26790,2
2022-02-21 01:00:00,212514,200518,818,16801,8693,21364,6953,15551,9502,21755,2081,1194,5509,3843,11412,16699,14929,41496,-12253,887,11996,1666,-5287,-15983,-12671,-8598,-26567,2
2022-02-21 02:00:00,211522,204633,855,16887,8828,21940,7003,16025,9795,21885,1630,1228,5612,3848,11372,17018,14961,41499,-12090,402,6889,1764,-5646,-16032,-13112,-9022,-26538,2
2022-02-21 03:00:00,214852,214395,832,17804,8028,24350,7011,17249,9946,22837,1512,1202,5980,4004,12936,18313,15395,41940,-12891,310,457,1976,-5377,-16972,-16322,-10238,-26545,3
2022-02-21 04:00:00,210387,230541,935,20099,8408,30534,6960,19977,9437,26065,1750,1206,6041,4634,15036,20015,15654,44427,-16628,544,-20154,1407,-4979,-19164,-22126,-13017,-28773,3
2022-02-21 05:00:00,220472,260916,948,23050,10703,36076,7006,22007,11700,30271,2280,1210,6464,5098,15443,21338,15768,50068,-18571,1070,-40444,1366,-5895,-22102,-25373,-15001,-34300,3
2022-02-21 06:00:00,224799,279046,1370,24226,14494,40508,7454,23321,13568,32015,2920,1333,6437,5282,15537,21765,15898,56154,-18447,1587,-54247,1155,-6228,-22856,-26014,-15867,-40256,1
2022-02-21 07:00:00,228630,288245,1699,24656,15668,41543,7798,23892,16152,32570,3274,1647,6306,5323,15699,21955,15969,59111,-16418,1627,-59615,983,-6256,-22957,-25875,-16094,-43142,1
2022-02-21 08:00:00,241778,293202,2083,24763,17349,41892,7873,23826,19246,32401,3228,2034,6361,5400,15822,21716,15786,61126,-13155,1194,-51424,961,-5894,-22680,-24543,-15953,-45340,1
2022-02-21 09:00:00,254225,295393,2135,24931,18105,41742,8251,24281,21828,31988,3180,2196,5916,5441,15961,21704,15020,62397,-10160,984,-41168,475,-5743,-22796,-23637,-16030,-47377,1
2022-02-21 10:00:00,253660,295500,2124,25194,17760,39585,8341,24276,22397,31480,3284,2274,5866,5314,16240,21692,14890,62283,-9083,1010,-41840,552,-5452,-23070,-21825,-15935,-47393,1
2022-02-21 11:00:00,255556,296030,2460,25604,17560,39271,8452,24272,22548,31268,2972,2238,5978,5202,16341,21475,14872,60834,-8720,734,-40474,776,-5134,-23144,-21711,-15820,-45962,3
2022-02-21 12:00:00,246679,293633,1869,25578,16280,39909,8267,23655,23264,30731,2413,2202,6100,5083,16526,21537,15324,58634,-7467,211,-46954,1017,-5011,-23709,-23629,-15388,-43310,3
2022-02-21 13:00:00,225610,290835,1373,25661,14651,39953,8196,23618,24030,30051,2036,2188,5859,5049,16324,21358,16085,56746,-6021,-152,-65225,810,-5034,-24288,-25302,-15422,-40661,3
2022-02-21 14:00:00,215014,287498,1407,25449,12868,40198,7703,23727,23054,29678,2068,2150,5622,5095,16826,21886,16462,56644,-6624,-82,-72484,527,-5060,-24042,-27330,-16024,-40182,3
2022-02-21 15:00:00,210092,285186,1157,25208,10931,40195,7225,24300,18993,29457,1448,2187,5217,5409,16889,22643,15972,58700,-10464,-739,-75094,-192,-5754,-24051,-29264,-17075,-42728,3
2022-02-21 16:00:00,211043,291201,905,25497,11489,41875,7491,24628,14780,29801,763,2287,4852,5405,16768,22556,15401,62598,-15021,-1524,-80158,-553,-5788,-24592,-30386,-17137,-47197,3
2022-02-21 17:00:00,210394,298055,831,25604,11635,41787,7457,24519,15691,32552,787,2515,4744,5105,16761,22018,15026,62760,-16861,-1728,-87661,-361,-5257,-24773,-30152,-17062,-47734,3
2022-02-21 18:00:00,203774,288118,781,25194,10258,39517,7502,23882,16358,33790,1524,2704,4847,4793,16545,21190,15958,60606,-17432,-1180,-84344,54,-4645,-24413,-29259,-16380,-44648,3
2022-02-21 19:00:00,198741,272200,811,24317,9646,36765,7139,22491,15868,32987,1974,2592,4846,4598,16354,20643,15789,57756,-17119,-618,-73459,248,-4289,-23506,-27119,-15352,-41967,3
2022-02-21 20:00:00,194734,257992,846,23259,8936,33005,6945,20912,13691,30209,2136,2361,4725,4457,15893,19684,14564,54012,-16518,-225,-63258,268,-3791,-22413,-24069,-13967,-39448,3
2022-02-21 21:00:00,194013,246724,928,22332,8009,30028,6943,19730,12154,27359,2240,2148,4492,4159,15515,19083,12947,50570,-15205,92,-52711,333,-3568,-21404,-22019,-12787,-37623,3
2022-02-21 22:00:00,201379,233435,845,21258,7714,27620,6913,18665,11243,26055,2784,1912,4401,3934,15327,18572,11948,47658,-14812,872,-32056,467,-3245,-20413,-19906,-11752,-35710,1
2022-02-21 23:00:00,201235,223775,1021,20010,8730,26145,6784,17977,11643,24526,2994,1626,4117,3797,15203,18381,11820,45067,-12883,1368,-22540,320,-3178,-18989,-17415,-11193,-33247,1
2022-02-22 00:00:00,199620,217643,1205,19171,9089,25509,6674,17617,11969,23589,2854,1405,3913,3760,15159,18188,10553,43269,-11620,1449,-18023,153,-3029,-17966,-16420,-10943,-32716,1
2022-02-22 01:00:00,201288,215465,1418,18534,10001,25323,6572,17682,11371,23217,2848,1280,3470,3730,15096,18383,9073,42421,-11846,1568,-14177,-260,-3287,-17116,-15322,-11110,-33348,1
2022-02-22 02:00:00,196207,218321,1516,18398,10601,25761,6425,18053,10638,23228,2401,1250,3121,3799,15010,18875,9005,42267,-12590,1151,-22114,-678,-3865,-16882,-15160,-11628,-33262,1
2022-02-22 03:00:00,189677,227031,1497,19162,10228,27551,6185,19021,10123,23999,2332,1139,2762,4012,14858,19177,8400,42858,-13876,1193,-37354,-1250,-4319,-17665,-17323,-12836,-34458,1
2022-02-22 04:00:00,178538,241544,1545,21083,9668,32812,5856,21354,9992,26752,2276,1101,2361,4574,15383,20734,6981,45031,-16760,1175,-63006,-2213,-5351,-19538,-23144,-15498,-38050,1
2022-02-22 05:00:00,177902,266102,1549,23652,11765,38204,5876,23031,11676,30514,2435,1112,1939,5091,15374,21850,6579,50298,-18838,1323,-88200,-3152,-6476,-22103,-26439,-17155,-43719,1
2022-02-22 06:00:00,169718,278381,2686,23782,16167,42152,5944,23806,12643,31976,2052,1209,1671,5292,15129,22003,6930,56033,-19333,843,-108663,-3621,-6874,-21096,-25985,-17862,-49103,1
2022-02-22 07:00:00,168584,285778,4937,22816,17265,43011,6342,24182,15317,32538,1942,1619,1653,5367,14366,22023,11140,57781,-17221,323,-117194,-3714,-7657,-17879,-25746,-17840,-46641,1
2022-02-22 08:00:00,174370,287183,6431,21972,17798,42021,6471,24248,18707,32117,2276,2047,1557,5473,14260,22112,12851,56573,-13410,229,-112813,-3916,-7852,-15541,-24223,-17777,-43722,1
2022-02-22 09:00:00,182752,289581,6799,21631,18844,41578,6490,24663,20481,31578,2610,2216,2052,5395,13708,21662,14330,57273,-11097,394,-106829,-3343,-7954,-14832,-22734,-18173,-42943,1
2022-02-22 10:00:00,192550,292744,6444,21873,19174,39425,6808,24507,21216,31249,3165,2293,2663,5109,13357,21369,15429,58348,-10033,872,-100194,-2446,-8012,-15429,-20251,-17699,-42919,1
2022-02-22 11:00:00,202224,292177,5867,22326,19301,39257,7029,24294,21908,31142,3616,2203,3314,5059,13213,21215,15968,58970,-9234,1413,-89953,-1745,-8002,-16459,-19956,-17265,-43002,1
2022-02-22 12:00:00,198786,288503,5272,22384,18694,40641,6422,23710,21972,30667,3350,2157,3927,5031,13106,21097,16191,58482,-8695,1193,-89717,-1104,-7991,-17112,-21947,-17288,-42291,1
2022-02-22 13:00:00,186088,283166,4269,22951,16519,40925,5617,23801,22483,30011,2910,2135,3982,5092,13086,21402,16285,58348,-7528,775,-97078,-1110,-8316,-18682,-24406,-18184,-42063,1
2022-02-22 14:00:00,176467,280109,3173,23679,14127,40810,4554,23853,21926,29666,3264,2009,4277,5151,13132,21603,16421,59237,-7740,1255,-103642,-874,-8471,-20506,-26683,-19299,-42816,1
2022-02-22 15:00:00,180606,281577,1956,24232,12842,40533,3918,24589,18295,29504,3130,2035,4430,5429,13313,22435,16477,60800,-11209,1095,-100971,-999,-9122,-22276,-27691,-20671,-44323,1
2022-02-22 16:00:00,191532,290686,1339,25160,13019,42743,4132,24940,13741,29675,2802,2128,4741,5556,13546,22330,16235,63192,-15934,674,-99154,-815,-8784,-23821,-29724,-20808,-46957,1
2022-02-22 17:00:00,199059,298913,940,25597,12947,42700,4630,24777,13153,32448,2370,2340,4692,5314,13854,21807,14588,62274,-19295,30,-99854,-622,-7953,-24657,-29753,-20147,-47686,1
2022-02-22 18:00:00,206077,290391,823,25185,11790,40432,4477,24051,14330,33725,2566,2479,5395,5041,14214,21221,13248,60301,-19395,87,-84314,354,-7007,-24362,-28642,-19574,-47053,3
2022-02-22 19:00:00,209649,275642,808,24342,10105,37409,4001,22546,13837,32934,2328,2481,5791,4651,14215,20319,13830,57527,-19097,-153,-65993,1140,-6104,-23534,-27304,-18545,-43697,3
2022-02-22 20:00:00,208549,262780,732,23297,9475,33505,4009,20967,12011,29793,2467,2314,5863,4383,14121,19407,15275,54287,-17782,153,-54231,1480,-5286,-22565,-24030,-16958,-39012,3
2022-02-22 21:00:00,208674,250037,635,22405,8856,30351,4123,19648,10341,26907,3090,2104,6209,4157,14087,18213,15023,50962,-16566,986,-41363,2052,-4126,-21770,-21495,-15525,-35939,3
2022-02-22 22:00:00,210539,232406,570,21340,9487,27687,4403,18567,9650,25824,2819,1886,5933,3963,13635,17542,13919,47937,-16174,933,-21867,1970,-3907,-20770,-18200,-14164,-34018,3
2022-02-22 23:00:00,208435,219139,571,20211,8992,26340,4850,17981,9308,24555,2305,1600,5826,3891,13832,17232,12915,45036,-15247,705,-10704,1935,-3400,-19640,-17348,-13131,-32121,3
2022-02-23 00:00:00,200617,211848,726,19337,8277,25557,5210,17702,9343,23434,2504,1327,5784,3811,13977,17432,12436,43413,-14091,1177,-11231,1973,-3455,-18611,-17280,-12492,-30977,3
2022-02-23 01:00:00,190917,210501,853,18700,8507,25557,5702,17769,9918,23084,2486,1186,5572,3858,13979,17538,11762,42829,-13166,1300,-19584,1714,-3559,-17847,-17050,-12067,-31067,3
2022-02-23 02:00:00,186951,212974,852,18537,8703,25873,6107,18113,9431,23065,2267,1182,5442,3882,14165,18101,10675,42582,-13634,1085,-26023,1560,-3936,-17685,-17170,-12006,-31907,3
2022-02-23 03:00:00,176252,220471,835,19332,8061,27784,6432,18885,8910,23722,2138,1129,5511,4100,14176,18811,9533,42985,-14812,1009,-44219,1411,-4635,-18497,-19723,-12453,-33452,3
2022-02-23 04:00:00,160459,235002,947,21188,8324,33181,6677,21168,7992,26485,2132,1092,4461,4773,14982,20492,8323,45400,-18493,1040,-74543,-312,-5510,-20241,-24857,-14491,-37077,1
2022-02-23 05:00:00,166015,266571,1057,23779,11795,38444,6916,22884,9090,30513,2560,1098,3991,5332,15248,21806,7677,50798,-21423,1462,-100556,-1341,-6558,-22722,-26649,-15968,-43121,1
2022-02-23 06:00:00,169040,282521,1428,24617,15855,42595,7367,23786,10530,31907,3412,1207,4106,5425,15315,21814,6882,56306,-21377,2205,-113481,-1319,-6499,-23189,-26740,-16419,-49424,1
2022-02-23 07:00:00,176653,287321,2301,24936,18471,42969,7792,24199,12264,32387,3531,1555,4523,5308,15341,21613,7423,55705,-20123,1976,-110668,-785,-6272,-22635,-24498,-16407,-48282,1
2022-02-23 08:00:00,190438,284612,3115,24606,20401,41933,7819,23700,12867,32325,3556,1957,5000,5265,15231,21069,9060,50578,-19458,1599,-94174,-265,-5838,-21491,-21532,-15881,-41518,1
2022-02-23 09:00:00,208242,281776,4474,23859,19959,40864,8162,23940,13480,31829,3699,2132,5135,5235,15309,20668,10901,45871,-18349,1567,-73534,-100,-5359,-19385,-20905,-15778,-34970,1
2022-02-23 10:00:00,227433,282749,5466,23335,19130,38523,8216,23813,13966,31585,3867,2222,5325,5151,15444,20683,11789,42691,-17619,1645,-55316,174,-5239,-17869,-19393,-15597,-30902,1
2022-02-23 11:00:00,239066,282854,5832,22823,18308,38352,8411,23926,14204,31363,3794,2262,5035,5189,15530,20244,13362,40941,-17159,1532,-43788,-154,-4714,-16991,-20044,-15515,-27579,1
2022-02-23 12:00:00,235089,278422,5716,22225,17131,39476,8227,23626,14115,30941,3653,2262,5112,5051,15307,19941,14357,41761,-16826,1391,-43333,61,-4634,-16509,-22345,-15399,-27404,1
2022-02-23 13:00:00,206763,273205,5175,22454,15345,40206,7478,23685,13458,30286,3474,2320,4963,4836,15398,19924,14087,43659,-16828,1154,-66442,127,-4526,-17279,-24861,-16207,-29572,1
2022-02-23 14:00:00,175916,267532,3625,23064,12843,40189,6513,23926,12944,29594,3418,2235,5875,4911,15733,20160,13400,47755,-16650,1183,-91616,964,-4427,-19439,-27346,-17413,-34355,1
2022-02-23 15:00:00,137924,266381,1508,23862,11207,40021,5129,24486,11143,29590,3374,2247,6066,5212,16109,20926,13906,54395,-18447,1127,-128457,854,-4817,-22354,-28814,-19357,-40489,1
2022-02-23 16:00:00,123466,275251,691,25007,12015,42905,4738,24878,10814,29767,3066,2265,6175,5303,16505,20755,14173,60784,-18953,801,-151785,872,-4250,-24316,-30890,-20140,-46611,3
2022-02-23 17:00:00,132355,289874,671,25597,12109,43062,4468,24848,10756,32396,3261,2447,6326,4917,16787,20089,13797,61593,-21640,814,-157519,1409,-3302,-24926,-30953,-20380,-47796,3
2022-02-23 18:00:00,135936,284635,674,25347,10586,40683,4055,24240,11073,33614,3286,2567,6059,4790,16872,19789,13848,59618,-22541,719,-148699,1269,-2917,-24673,-30097,-20185,-45770,3
2022-02-23 19:00:00,137049,271495,745,24594,8619,37499,3648,22680,10161,32700,2771,2513,5976,4577,16829,19274,14384,57242,-22539,258,-134446,1399,-2445,-23849,-28880,-19032,-42858,3
2022-02-23 20:00:00,136545,258387,730,23480,6841,33722,3330,21214,8765,29833,2181,2356,5876,4320,16311,18265,15033,53945,-21068,-175,-121842,1556,-1954,-22750,-26881,-17884,-38912,3
2022-02-23 21:00:00,137403,243844,622,22603,5833,30308,3219,19943,7072,27169,2024,2161,4767,4120,16081,17334,15127,50446,-20097,-137,-106441,647,-1253,-21981,-24475,-16724,-35319,3
2022-02-23 22:00:00,146264,232138,483,21560,6883,27816,3528,18834,6252,25982,2074,1940,4669,3962,15570,17029,15339,47468,-19730,134,-85874,707,-1459,-21077,-20933,-15306,-32129,3
2022-02-23 23:00:00,149190,223323,453,20416,7086,26200,3806,18193,5765,24508,2038,1687,4774,3827,15087,16669,15313,44431,-18743,351,-74133,947,-1582,-19963,-19114,-14387,-29118,3
2022-02-24 00:00:00,156319,217092,441,19604,7009,25566,4006,17939,4787,23435,2328,1471,4677,3767,14830,16164,15468,42848,-18648,857,-60773,910,-1334,-19163,-18557,-13933,-27380,3
2022-02-24 01:00:00,159297,215938,465,19007,7179,25437,4233,17955,4498,23029,2412,1342,4016,3775,14640,15980,15192,42031,-18531,1070,-56641,241,-1340,-18542,-18258,-13722,-26839,1
2022-02-24 02:00:00,160529,217386,489,18864,7026,25725,4548,18389,4208,23114,1892,1323,3907,3829,14748,16163,14832,41500,-18906,569,-56857,78,-1415,-18375,-18699,-13841,-26668,1
2022-02-24 03:00:00,160228,224280,560,19667,6469,27565,4712,19236,4319,23680,2000,1277,3826,4047,15228,17254,14903,41974,-19361,723,-64052,-221,-2026,-19107,-21096,-14524,-27071,1
2022-02-24 04:00:00,151271,240162,637,21677,5286,32913,4894,21505,5169,26265,1639,1248,3824,4594,16432,19507,14991,44254,-21096,391,-88891,-770,-3075,-21040,-27627,-16611,-29263,1
2022-02-24 05:00:00,159957,269831,1034,24119,8619,38159,5336,22737,6937,30164,1659,1266,4072,5072,16710,20215,15253,49060,-23227,393,-109874,-1000,-3505,-23085,-29540,-17401,-33807,1
2022-02-24 06:00:00,162756,283937,2949,23970,12270,41867,6021,22686,9007,31636,1453,1378,4378,5277,16681,20219,15353,55017,-22629,75,-121181,-899,-3538,-21021,-29597,-16665,-39664,1
2022-02-24 07:00:00,165347,288633,4808,22901,13037,42378,6515,22363,10593,32138,1590,1693,4424,5327,16762,20247,15620,57167,-21545,-103,-123286,-903,-3485,-18093,-29341,-15848,-41547,1
2022-02-24 08:00:00,173977,286744,6180,21736,13341,41445,6854,21834,11810,32070,1783,2130,4881,5366,16776,20206,15613,55723,-20260,-347,-112767,-485,-3430,-15556,-28104,-14980,-40110,1
2022-02-24 09:00:00,189362,290537,7199,21218,13293,40406,7431,22095,11935,31716,2188,2291,5021,5288,16643,19999,14176,52151,-19781,-103,-101175,-267,-3356,-14019,-27113,-14664,-37975,1
2022-02-24 10:00:00,204234,296027,7582,21064,12513,38353,7926,22257,13025,31571,2416,2412,4779,5247,16562,19491,13355,50243,-18546,4,-91793,-468,-2929,-13482,-25840,-14331,-36888,1
2022-02-24 11:00:00,218139,292981,7467,21091,12222,38416,7758,22580,13509,31417,2398,2385,4376,5229,16522,19015,14890,52735,-17908,13,-74842,-853,-2493,-13624,-26194,-14822,-37845,1
2022-02-24 12:00:00,218709,288570,6843,21157,10797,39256,7522,22808,14192,31121,2352,2374,3592,5200,16704,19553,13802,55574,-16929,-22,-69861,-1608,-2849,-14314,-28459,-15286,-41772,1
2022-02-24 13:00:00,213397,283442,5611,21897,9700,40046,6770,23306,14821,30496,2856,2416,2901,5062,16625,20299,13654,58861,-15675,440,-70045,-2161,-3674,-16286,-30346,-16536,-45207,1
2022-02-24 14:00:00,208992,283101,3749,22901,7830,40105,6347,23461,15272,30381,2818,2341,2694,5145,16377,20292,12437,59144,-15109,477,-74109,-2451,-3915,-19152,-32275,-17114,-46707,1
2022-02-24 15:00:00,195537,282611,1681,23873,7655,40154,6657,24018,14686,30373,3174,2313,2809,5477,16149,20573,14032,59385,-15687,861,-87074,-2668,-4424,-22192,-32499,-17361,-45353,1
2022-02-24 16:00:00,192843,289221,1147,25064,9265,42597,6822,24199,14049,30641,3214,2346,3259,5514,15926,20129,15285,62399,-16592,868,-96378,-2255,-4203,-23917,-33332,-17377,-47114,1
2022-02-24 17:00:00,196655,296122,1269,25732,9840,42622,7200,24168,16165,32871,2687,2487,3456,5131,15913,19877,15634,63095,-16706,200,-99467,-1675,-3964,-24463,-32782,-16968,-47461,1
2022-02-24 18:00:00,200465,292680,1405,25376,7304,40186,7100,23637,15650,33763,2315,2637,3916,4849,15594,19459,15303,61359,-18113,-322,-92215,-933,-3865,-23971,-32882,-16537,-46056,1
2022-02-24 19:00:00,196735,278077,1272,24541,6215,37322,7008,22159,15064,32751,2090,2576,4131,4842,15210,19076,15295,58534,-17687,-486,-81342,-711,-3866,-23269,-31107,-15151,-43239,1
2022-02-24 20:00:00,191367,262260,1173,23419,5200,33448,6998,20688,14639,29884,1978,2435,4608,4607,14521,18315,15410,54847,-15245,-457,-70893,1,-3794,-22246,-28248,-13690,-39437,3
2022-02-24 21:00:00,182650,250828,1042,22487,4805,30169,6944,19511,14717,27151,2164,2221,4755,4217,14271,17723,15746,51497,-12434,-57,-68178,538,-3452,-21445,-25364,-12567,-35751,3
2022-02-24 22:00:00,180202,235857,934,21353,6872,27674,6973,18406,14145,25840,2230,1964,4879,3979,14574,17284,15673,48657,-11695,266,-55655,900,-2710,-20419,-20802,-11433,-32984,3
2022-02-24 23:00:00,190129,226051,812,20134,7106,26266,7039,17863,14854,24389,2463,1697,4687,3967,14652,16667,15622,46166,-9535,766,-35922,720,-2015,-19322,-19160,-10824,-30544,1
2022-02-25 00:00:00,191589,217999,703,19314,7321,25503,6923,17564,15720,23416,2422,1450,4523,3927,14886,16474,15746,44344,-7696,972,-26410,596,-1588,-18611,-18182,-10641,-28598,1
2022-02-25 01:00:00,192514,217249,580,18727,7449,25284,6721,17574,16164,23038,2080,1333,4606,3950,14830,16362,15794,43405,-6874,747,-24735,656,-1532,-18147,-17835,-10853,-27611,1
2022-02-25 02:00:00,190273,219564,537,18659,7523,25697,6526,18041,17064,23072,834,1326,4525,3959,14901,16794,15880,42959,-6008,-492,-29291,566,-1893,-18122,-18174,-11515,-27079,3
2022-02-25 03:00:00,183604,227425,532,19534,7320,27565,6491,18913,17432,23590,445,1259,4761,4037,15003,17176,16024,43336,-6158,-814,-43821,724,-2173,-19002,-20245,-12422,-27312,3
2022-02-25 04:00:00,180914,241214,508,21441,6790,32815,6355,21020,17159,26232,976,1229,4611,4693,15479,18898,15795,45229,-9073,-253,-60300,-82,-3419,-20933,-26025,-14665,-29434,3
2022-02-25 05:00:00,189890,269160,763,23770,9037,37929,6331,22731,16813,29816,1029,1283,4625,5260,15555,20039,15648,49943,-13003,-254,-79270,-635,-4484,-23007,-28892,-16400,-34295,1
2022-02-25 06:00:00,197617,286440,2204,23975,12983,41966,6569,23473,17610,31260,781,1415,4630,5303,15708,20824,15727,55544,-13650,-634,-88823,-673,-5116,-21771,-28983,-16904,-39817,1
2022-02-25 07:00:00,213476,294237,4272,23071,13579,42536,7315,23644,19029,32368,650,1747,4610,5289,15641,20931,15528,57004,-13339,-1097,-80761,-679,-5290,-18799,-28957,-16329,-41476,3
2022-02-25 08:00:00,243432,296929,5694,22205,13534,41609,7875,23505,20498,32862,686,2149,4614,5347,15243,20648,15964,55197,-12364,-1463,-53497,-733,-5405,-16511,-28075,-15630,-39233,3
2022-02-25 09:00:00,255977,297515,6310,21892,13357,40224,7995,23491,20944,32904,820,2327,4929,5409,15030,20382,16073,54020,-11960,-1507,-41538,-480,-5352,-15582,-26867,-15496,-37947,3
2022-02-25 10:00:00,251617,299071,6346,22016,13585,38354,8064,23385,20495,32808,908,2419,5415,5231,14740,19861,15976,52702,-12313,-1511,-47454,184,-5121,-15670,-24769,-15321,-36726,3
2022-02-25 11:00:00,248826,295757,5693,22374,13148,37940,7810,23410,19968,32599,1032,2442,5924,5092,14515,18946,15308,50529,-12631,-1410,-46931,832,-4431,-16681,-24792,-15600,-35221,3
2022-02-25 12:00:00,237728,288992,4191,22823,12260,38867,7431,23464,19549,31921,1598,2456,5922,5082,14646,18939,15361,49380,-12372,-858,-51264,840,-4293,-18632,-26607,-16033,-34019,3
2022-02-25 13:00:00,217337,284483,2740,23546,10633,39202,6101,23434,18232,30864,2268,2453,5755,4946,14956,19060,14399,48679,-12632,-185,-67146,809,-4104,-20806,-28569,-17333,-34280,3
2022-02-25 14:00:00,199907,281220,1916,24178,8125,39048,5225,23621,17426,30287,2266,2292,4873,4953,15121,19169,12122,49747,-12861,-26,-81313,-80,-4048,-22262,-30923,-18396,-37625,1
2022-02-25 15:00:00,174664,274926,1233,24641,8850,39434,4572,24267,16354,30194,2512,2248,4581,5239,15288,19295,10565,53223,-13840,264,-100262,-658,-4007,-23408,-30584,-19695,-42658,1
2022-02-25 16:00:00,167061,278701,892,25186,11273,41864,4354,24634,17201,30452,2570,2221,4415,5273,15555,19344,8764,58682,-13251,349,-111640,-858,-3789,-24294,-30591,-20280,-49918,1
2022-02-25 17:00:00,164383,284391,803,25321,10903,42057,4189,24394,17507,32484,2596,2340,3840,5019,15785,18814,7523,60357,-14977,256,-120008,-1179,-3029,-24518,-31154,-20205,-52834,1
2022-02-25 18:00:00,155006,275041,847,24781,7893,39606,4122,23682,17248,33034,2923,2474,3964,4737,15878,18242,6857,58452,-15786,449,-120035,-773,-2364,-23934,-31713,-19560,-51595,1
2022-02-25 19:00:00,149338,257998,933,23943,6448,36667,3615,22157,15609,32018,3225,2436,3972,4529,15885,17761,5759,55587,-16409,789,-108660,-557,-1876,-23010,-30219,-18542,-49828,1
2022-02-25 20:00:00,145139,246924,966,22997,5940,33160,3035,20771,14122,29327,3162,2273,3575,4297,15426,17348,4737,52414,-15205,889,-101785,-722,-1922,-22031,-27220,-17736,-47677,1
2022-02-25 21:00:00,139635,238083,813,22224,5649,30000,2495,19568,13073,26946,3232,2091,3170,4101,15274,16816,3924,49777,-13873,1141,-98448,-931,-1542,-21411,-24351,-17073,-45853,1
2022-02-25 22:00:00,138428,224091,807,21048,6272,27703,2239,18705,12908,26133,3584,1869,2738,3948,14584,16402,3604,47278,-13225,1715,-85663,-1210,-1818,-20241,-21431,-16466,-43674,1
2022-02-25 23:00:00,132069,213435,843,19854,5793,25965,2107,18043,11336,24674,3536,1657,2946,3815,14256,16436,2841,45002,-13338,1879,-81366,-869,-2180,-19011,-20172,-15936,-42161,1
2022-02-26 00:00:00,119837,203035,963,18920,6277,24905,2012,17773,10188,23334,3037,1425,2681,3623,13973,16484,2136,43368,-13146,1612,-83198,-942,-2511,-17957,-18628,-15761,-41232,1
2022-02-26 01:00:00,103818,196274,1010,18299,6225,24471,1734,17738,10633,22674,2948,1257,2404,3557,13603,16478,1261,42601,-12041,1691,-92456,-1153,-2875,-17289,-18246,-16004,-41340,1
2022-02-26 02:00:00,88735,194586,979,18117,6013,24498,1492,17819,10500,22329,2749,1206,2130,3563,13563,16884,1011,42473,-11829,1543,-105851,-1433,-3321,-17138,-18485,-16327,-41462,1
2022-02-26 03:00:00,78666,195505,1073,18411,5389,25524,1307,17974,10132,22328,2680,1131,1848,3604,13218,17384,992,42217,-12196,1549,-116839,-1756,-4166,-17338,-20135,-16667,-41225,1
2022-02-26 04:00:00,73111,196653,1030,18929,5972,28069,1149,18615,10265,22938,2630,1101,1503,3785,12826,18298,916,42870,-12673,1529,-123542,-2282,-5472,-17899,-22097,-17466,-41954,1
2022-02-26 05:00:00,70232,201947,1098,20065,9413,30751,1224,19481,10090,24005,2627,1083,1372,4040,12694,18806,881,45265,-13915,1544,-131715,-2668,-6112,-18967,-21338,-18257,-44384,1
2022-02-26 06:00:00,70169,212295,1835,21120,12437,33373,1717,20517,11436,25304,2750,542,1482,4300,12747,19202,970,47346,-13868,2208,-142126,-2818,-6455,-19285,-20936,-18800,-46376,1
2022-02-26 07:00:00,77960,224645,3045,21392,12826,34393,2294,21222,12410,27752,2967,0,1720,4414,12651,19267,1195,46665,-15342,2967,-146685,-2694,-6616,-18347,-21567,-18928,-45470,1
2022-02-26 08:00:00,82925,233494,4401,21067,13545,33944,2760,21646,12610,29294,3066,766,1964,4445,12477,18579,1448,43550,-16684,2300,-150569,-2481,-6102,-16666,-20399,-18886,-42102,1
2022-02-26 09:00:00,98269,237870,5175,20706,14652,33043,2997,21955,13297,29514,3512,1696,2125,4395,12296,17685,1828,39910,-16217,1816,-139601,-2270,-5389,-15531,-18391,-18958,-38082,1
2022-02-26 10:00:00,110382,238538,5711,20451,14808,31373,3234,21963,14766,29371,3390,1921,2183,4301,12225,16650,2202,37720,-14605,1469,-128156,-2118,-4425,-14740,-16565,-18729,-35518,1
2022-02-26 11:00:00,115780,233481,5589,20259,16824,30380,2884,21836,15945,29446,3391,1979,2113,4141,12558,16133,2194,36347,-13501,1412,-117701,-2028,-3575,-14670,-13556,-18952,-34153,1
2022-02-26 12:00:00,113276,225853,4795,20046,15744,29872,2555,21395,15446,29063,3531,1978,2071,4035,12953,16283,2189,35901,-13617,1553,-112577,-1964,-3330,-15251,-14128,-18840,-33712,1
2022-02-26 13:00:00,99733,218584,3609,20315,12057,29907,2126,21032,14537,27799,3778,1970,1959,4065,13173,16464,2247,36758,-13262,1808,-118851,-2106,-3291,-16706,-17850,-18906,-34511,1
2022-02-26 14:00:00,79878,214639,2408,20945,9955,30606,1729,20933,12695,27087,3618,1892,1536,4097,13786,16789,2262,39467,-14392,1726,-134761,-2561,-3003,-18537,-20651,-19204,-37205,1
2022-02-26 15:00:00,60951,216116,1489,21651,8613,31988,2032,21483,11412,26654,3448,1855,1396,4447,14357,18177,2407,44784,-15242,1593,-155165,-3051,-3820,-20162,-23375,-19451,-42377,1
2022-02-26 16:00:00,51390,227303,1329,22511,11089,35615,2001,21867,11447,26902,3339,1862,1492,4678,14663,18817,3448,52009,-15455,1477,-175913,-3186,-4154,-21182,-24526,-19866,-48561,1
2022-02-26 17:00:00,62698,240450,1454,23049,11418,36684,1891,21561,11182,28913,3264,1974,1593,4392,14682,18444,4148,55286,-17731,1290,-177752,-2799,-3762,-21595,-25266,-19670,-51138,1
2022-02-26 18:00:00,64150,233912,1401,22854,9234,34198,1707,21009,11487,29958,3829,2127,1676,4165,14409,18019,5180,54211,-18471,1702,-169762,-2489,-3610,-21453,-24964,-19302,-49031,1
2022-02-26 19:00:00,59808,222599,1283,22136,7612,31468,1667,19888,11366,29791,3800,2129,1675,3986,14271,17540,7096,51943,-18425,1671,-162791,-2311,-3269,-20853,-23856,-18221,-44847,1
2022-02-26 20:00:00,62534,214314,1172,20989,7423,28869,1646,18790,10238,27992,3343,1972,1764,3797,14044,17109,6980,49309,-17754,1371,-151780,-2033,-3065,-19817,-21446,-17144,-42329,1
2022-02-26 21:00:00,70867,208738,1175,20008,7776,26528,1634,17793,8992,25998,3075,1798,1986,3644,13958,16515,9452,47369,-17006,1277,-137871,-1658,-2557,-18833,-18752,-16159,-37917,1
2022-02-26 22:00:00,80267,200183,1136,19032,8092,24724,1543,16799,8373,24533,2773,1634,2121,3544,13666,16622,10527,45378,-16160,1139,-119916,-1423,-2956,-17896,-16632,-15256,-34851,1
2022-02-26 23:00:00,87962,193474,974,18076,8283,22902,1546,16203,7449,23025,2247,1447,2221,3461,13604,16364,10181,43204,-15576,800,-105512,-1240,-2760,-17102,-14619,-14657,-33023,1
2022-02-27 00:00:00,90604,186903,1041,17385,9379,21951,1564,15920,7381,21743,1793,1254,2254,3404,13443,16061,10377,41751,-14362,539,-96299,-1150,-2618,-16344,-12572,-14356,-31374,1
2022-02-27 01:00:00,89412,185351,1084,16836,9869,21559,1495,15757,6888,21142,1085,1111,2375,3388,13512,16134,10716,40940,-14254,-26,-95939,-1013,-2622,-15752,-11690,-14262,-30224,1
2022-02-27 02:00:00,83324,184000,1087,16579,9873,21572,1455,15811,6916,20759,683,1095,2434,3394,13669,16211,10353,40588,-13843,-412,-100676,-960,-2542,-15492,-11699,-14356,-30235,1
2022-02-27 03:00:00,82015,184907,1283,16777,9160,22174,1313,16043,6889,20793,433,1037,2501,3461,13717,16268,10468,40510,-13904,-604,-102892,-960,-2551,-15494,-13014,-14730,-30042,1
2022-02-27 04:00:00,83076,183459,1335,17236,8477,23314,1194,16140,6699,21149,423,1014,2582,3677,13760,16511,9673,40891,-14450,-591,-100383,-1095,-2751,-15901,-14837,-14946,-31218,1
2022-02-27 05:00:00,86426,185111,1421,18030,8785,24222,1250,16500,6550,21630,272,1018,2500,3925,13798,16679,8844,42090,-15080,-746,-98685,-1425,-2881,-16609,-15437,-15250,-33246,1
2022-02-27 06:00:00,96704,194840,1845,19295,11526,26908,1739,17013,7140,22051,382,1043,2676,4189,13985,17308,8766,42912,-14911,-661,-98136,-1513,-3323,-17450,-15382,-15274,-34146,1
2022-02-27 07:00:00,125229,208611,2381,20442,13692,28651,2308,17611,8723,24271,807,1126,2841,4334,13952,17487,8404,41283,-15548,-319,-83382,-1493,-3535,-18061,-14959,-15303,-32879,1
2022-02-27 08:00:00,156454,218539,3194,20879,16026,29586,2784,17868,9477,25616,834,1230,3026,4354,13858,17627,7965,38013,-16139,-396,-62085,-1328,-3769,-17685,-13560,-15084,-30048,1
2022-02-27 09:00:00,182549,223395,3974,20750,16463,29787,3024,18138,9628,25958,1221,1390,3359,4316,13630,17068,7783,34469,-16330,-169,-40846,-957,-3438,-16776,-13324,-15114,-26686,1
2022-02-27 10:00:00,202081,226190,4532,20365,16433,29471,3297,18537,10591,26319,1768,1576,3421,4370,13492,16280,9161,32307,-15728,192,-24109,-949,-2788,-15833,-13038,-15240,-23146,1
2022-02-27 11:00:00,210028,221354,4423,19554,16053,27146,3578,18976,10940,26673,2902,1705,3232,4305,13661,15827,9968,31224,-15733,1197,-11326,-1073,-2166,-15131,-11093,-15398,-21256,1
2022-02-27 12:00:00,199479,210687,4194,18914,14491,26159,2910,18406,10550,26316,3622,1822,2821,4203,13661,16116,9145,30953,-15766,1800,-11208,-1382,-2455,-14720,-11668,-15496,-21808,1
2022-02-27 13:00:00,179434,203940,3496,19043,12271,26139,2497,18377,10538,25346,3289,1954,2378,4149,13819,16701,9156,32322,-14808,1335,-24506,-1771,-2882,-15547,-13868,-15880,-23166,1
2022-02-27 14:00:00,147126,204498,2232,19900,9722,26651,1976,18717,10316,24569,3252,1905,2069,4195,13932,17266,7858,35681,-14253,1347,-57372,-2126,-3334,-17668,-16929,-16741,-27823,1
2022-02-27 15:00:00,113029,207210,1117,20863,8296,28403,1769,19502,8815,24113,3239,1857,2007,4525,14316,18201,7819,41964,-15298,1382,-94181,-2518,-3885,-19746,-20107,-17733,-34145,1
2022-02-27 16:00:00,98265,219622,820,22082,8946,32011,2348,20492,6279,24697,3276,1901,2352,4749,14249,18757,7584,50131,-18418,1375,-121357,-2397,-4508,-21262,-23065,-18144,-42547,1
2022-02-27 17:00:00,110144,234993,920,22916,10535,33657,2454,20695,6139,27374,3640,1985,2877,4498,14291,18773,9542,53872,-21235,1655,-124849,-1621,-4482,-21996,-23122,-18241,-44330,1
2022-02-27 18:00:00,112576,232481,1125,22776,9461,32571,2172,20268,6756,28919,3814,2146,3099,4364,14166,18400,12621,53393,-22163,1668,-119905,-1265,-4234,-21651,-23110,-18096,-40772,1
2022-02-27 19:00:00,114101,224021,1055,22147,8117,30570,2190,19488,6927,29008,3704,2137,3078,4204,13953,17752,14183,51476,-22081,1567,-109920,-1126,-3799,-21092,-22453,-17298,-37293,1
2022-02-27 20:00:00,113167,220686,986,21142,6998,27995,2196,18725,6139,27751,3654,2010,3123,4013,13704,17171,14451,49470,-21612,1644,-107519,-890,-3467,-20156,-20997,-16529,-35019,1
2022-02-27 21:00:00,109293,216870,931,20132,6424,25214,1986,17748,5220,25931,3284,1875,3239,3868,13427,16770,13574,47061,-20711,1409,-107577,-629,-3343,-19201,-18790,-15762,-33487,1
2022-02-27 22:00:00,109844,206610,1047,19051,6985,23210,1750,16976,4769,24224,3080,1688,3263,3813,13626,16293,13096,44378,-19455,1392,-96766,-550,-2667,-18004,-16225,-15226,-31282,1
2022-02-27 23:00:00,108461,198837,1099,18077,7098,21970,1547,16711,3921,22865,2463,1457,3237,3770,13424,15815,12606,42467,-18944,1006,-90376,-533,-2391,-16978,-14872,-15164,-29861,1
2022-02-28 00:00:00,103068,194395,1087,17591,7441,21554,1393,16517,3444,21889,2975,1218,3078,3571,13299,16083,12255,41201,-18445,1757,-91327,-493,-2784,-16504,-14113,-15124,-28946,1
2022-02-28 01:00:00,95393,192998,1114,17162,7974,21560,1333,16600,3372,21379,2543,1145,3051,3658,13264,16413,12318,40876,-18007,1398,-97605,-607,-3149,-16048,-13586,-15267,-28558,1
2022-02-28 02:00:00,86032,195324,1070,17129,7900,22200,1286,17109,3684,21383,1524,1151,2988,3720,12969,16722,12080,41183,-17699,373,-109292,-732,-3753,-16059,-14300,-15823,-29103,1
2022-02-28 03:00:00,80574,202779,1011,18030,6883,24677,1252,18475,3904,22103,830,1146,2961,3913,13066,17561,12125,41770,-18199,-316,-122205,-952,-4495,-17019,-17794,-17223,-29645,1
2022-02-28 04:00:00,82852,219459,1074,20313,7969,30704,1268,21263,4152,24774,1003,1109,2934,4534,13372,19441,11772,44029,-20622,-106,-136607,-1600,-6069,-19239,-22735,-19995,-32257,1
2022-02-28 05:00:00,89820,247928,1336,23320,11283,36489,1464,22961,5324,27840,1178,1172,3086,5050,13645,20889,10782,49132,-22516,6,-158108,-1964,-7244,-21984,-25206,-21497,-38350,1
2022-02-28 06:00:00,99987,264261,1848,24259,14066,41398,2199,23396,6699,29199,1294,1314,3352,5190,14094,21077,9028,53783,-22500,-20,-164274,-1838,-6983,-22411,-27332,-21197,-44755,1
2022-02-28 07:00:00,120143,273542,2716,24361,14985,42017,2968,23274,9735,30462,982,1646,3589,5177,13808,20087,7148,52556,-20727,-664,-153399,-1588,-6279,-21645,-27032,-20306,-45408,1
2022-02-28 08:00:00,132905,274912,3560,24099,15479,41259,3579,22663,13574,31021,810,2036,3716,5210,13778,19685,7069,47979,-17447,-1226,-142007,-1494,-5907,-20539,-25780,-19084,-40910,1
2022-02-28 09:00:00,146219,275585,3747,24160,15866,40631,4357,23278,15384,30825,612,2234,4030,5146,13753,18968,6449,43305,-15441,-1622,-129366,-1116,-5215,-20413,-24765,-18921,-36856,3
2022-02-28 10:00:00,168682,275054,3645,24551,16041,39228,4382,23440,16290,30703,706,2347,4592,5098,13815,18491,5915,40087,-14413,-1641,-106372,-506,-4676,-20906,-23187,-19058,-34172,3
2022-02-28 11:00:00,185017,272716,3521,24945,15853,39198,4165,23536,16307,30709,816,2360,5003,5179,14095,18159,5539,38371,-14402,-1544,-87699,-176,-4064,-21424,-23345,-19371,-32832,3
2022-02-28 12:00:00,181919,267700,3355,24664,14266,39886,3732,23487,16516,30086,1052,2368,5000,5014,14209,18358,5936,38348,-13570,-1316,-85781,-14,-4149,-21309,-25620,-19755,-32412,3
2022-02-28 13:00:00,164658,261606,2950,24707,11857,40325,2896,23492,16766,29271,1124,2376,4734,4759,14277,18756,6210,40022,-12505,-1252,-96948,-25,-4479,-21757,-28468,-20596,-33812,3
2022-02-28 14:00:00,136309,259875,1882,25092,10048,40446,2118,23802,15110,28726,1200,2281,4163,4756,14461,19060,5953,43522,-13616,-1081,-123566,-593,-4599,-23210,-30398,-21684,-37569,3
2022-02-28 15:00:00,111572,257023,1201,25203,8402,40241,2167,24359,12874,28548,1137,2246,3905,5022,14772,19408,5616,49584,-15674,-1109,-145451,-1117,-4636,-24002,-31839,-22192,-43968,1
2022-02-28 16:00:00,108457,266842,829,25795,10000,42621,2420,25055,9171,28521,850,2242,3751,5250,15188,19274,6293,57366,-19350,-1392,-158385,-1499,-4086,-24966,-32621,-22635,-51073,1
2022-02-28 17:00:00,122783,280901,1075,26298,10939,43011,2318,24942,8187,31157,596,2404,4163,5018,15660,18933,6964,59755,-22970,-1808,-158118,-855,-3273,-25223,-32072,-22624,-52791,3
2022-02-28 18:00:00,125609,278280,1313,25936,10445,40609,2031,24531,8817,32464,533,2512,4343,4766,15734,18605,7861,58525,-23647,-1979,-152671,-423,-2871,-24623,-30164,-22500,-50664,3
2022-02-28 19:00:00,130153,266915,1224,25172,7885,37534,1989,22985,8191,31763,557,2544,4585,4589,15796,18421,7750,56083,-23572,-1987,-136762,-4,-2625,-23948,-29649,-20996,-48333,3
2022-02-28 20:00:00,139602,256797,1103,24006,7104,33698,1920,21559,6784,29148,474,2408,4764,4250,15386,17996,8023,52931,-22364,-1934,-117195,514,-2610,-22903,-26594,-19639,-44908,3
2022-02-28 21:00:00,140858,246091,1057,23035,7050,30535,1840,20319,5454,26473,563,2239,4722,3995,14869,17527,8329,49702,-21019,-1676,-105233,727,-2658,-21978,-23485,-18479,-41373,3
2022-02-28 22:00:00,140819,233551,997,22022,8156,28405,1723,19288,6268,25288,487,2001,4743,3805,14299,17057,7688,46647,-19020,-1514,-92732,938,-2758,-21025,-20249,-17565,-38959,3
2022-02-28 23:00:00,134983,223098,836,20865,8785,26931,1741,18700,5637,23865,378,1729,4710,3699,14168,16735,6657,44130,-18228,-1351,-88115,1011,-2567,-20029,-18146,-16959,-37473,3
2022-03-01 00:00:00,133069,219490,775,20042,9202,26028,1676,18468,7062,22857,320,1515,4574,3695,13756,16582,5708,42310,-15795,-1195,-86421,879,-2826,-19267,-16826,-16792,-36602,3
2022-03-01 01:00:00,125539,218192,807,19416,9281,25892,1625,18562,7654,22529,264,1401,4386,3657,13720,16666,4417,41592,-14875,-1137,-92653,729,-2946,-18609,-16611,-16937,-37175,3
2022-03-01 02:00:00,110399,217463,853,19229,8821,26211,1679,19003,7966,22516,157,1408,4061,3686,14237,16820,3457,41250,-14550,-1251,-107064,375,-2583,-18376,-17390,-17324,-37793,3
2022-03-01 03:00:00,96924,222215,882,19998,8381,28047,1666,19919,7540,23275,60,1371,3851,3943,14589,17512,2927,41791,-15735,-1311,-125291,-92,-2923,-19116,-19666,-18253,-38864,3
2022-03-01 04:00:00,92272,237761,873,21894,7728,32928,1713,22076,8403,25964,61,1349,3621,4570,15256,18876,2498,44224,-17561,-1288,-145489,-949,-3620,-21021,-25200,-20363,-41726,3
2022-03-01 05:00:00,99173,264869,1094,24293,10207,38358,1943,23443,10167,29543,50,1366,3485,4997,15902,19773,2145,49345,-19376,-1316,-165696,-1512,-3871,-23199,-28151,-21500,-47200,1
2022-03-01 06:00:00,110770,279369,2490,24171,14063,43598,2673,23619,11379,31150,24,1476,3316,5197,16232,20381,1698,55010,-19771,-1452,-168599,-1881,-4149,-21681,-29535,-20946,-53312,1
2022-03-01 07:00:00,121223,285903,4246,23246,15518,45070,3262,23186,13841,31770,55,1814,3236,5215,16007,19949,1427,56941,-17929,-1759,-164680,-1979,-3942,-19000,-29552,-19924,-55514,1
2022-03-01 08:00:00,135696,284790,5804,22479,15522,44597,3966,22649,15897,31733,170,2225,3012,5217,15646,19900,1205,57173,-15836,-2055,-149094,-2205,-4254,-16675,-29075,-18683,-55968,1
2022-03-01 09:00:00,156219,287348,6916,21754,17374,44756,4455,22683,16977,31426,275,2368,2446,5215,15344,19805,1262,55359,-14449,-2093,-131129,-2769,-4461,-14838,-27382,-18228,-54097,1
2022-03-01 10:00:00,161973,286129,7183,21376,17446,42207,4552,22660,16709,31407,344,2412,2028,5092,15009,19614,1348,53959,-14698,-2068,-124156,-3064,-4605,-14193,-24761,-18108,-52611,1
2022-03-01 11:00:00,161034,282762,6620,21583,16710,41371,4368,22783,17147,31211,376,2349,1834,5119,14703,19537,1250,52157,-14064,-1973,-121728,-3285,-4834,-14963,-24661,-18415,-50907,1
2022-03-01 12:00:00,142320,274104,5851,21648,16227,42177,3825,22848,17491,30760,425,2308,1806,5061,14620,19598,1053,53737,-13269,-1883,-131784,-3255,-4978,-15797,-25950,-19023,-52684,1
2022-03-01 13:00:00,114335,267343,4604,22380,14712,42472,2985,23387,17215,29945,521,2292,1645,4945,14533,19903,1080,54920,-12730,-1771,-153008,-3300,-5370,-17776,-27760,-20402,-53840,1
2022-03-01 14:00:00,85847,260889,2918,23346,12590,42363,1996,23962,16501,29612,395,2168,1511,4979,14420,20088,851,56156,-13111,-1773,-175042,-3468,-5668,-20428,-29773,-21966,-55305,1
2022-03-01 15:00:00,59566,260558,1394,24219,10866,41904,1821,24576,14087,29424,325,2145,1317,5259,14468,20366,687,57864,-15337,-1820,-200992,-3942,-5898,-22825,-31038,-22755,-57177,1
2022-03-01 16:00:00,50804,268352,819,25368,15814,44174,2165,25160,11964,29578,228,2191,1308,5212,14454,20142,715,61291,-17614,-1963,-217548,-3904,-5688,-24549,-28360,-22995,-60576,1
2022-03-01 17:00:00,57350,280169,835,26180,16018,44609,2386,25113,12210,32180,560,2390,1301,4983,14654,19928,947,61492,-19970,-1830,-222819,-3682,-5274,-25345,-28591,-22727,-60545,1
2022-03-01 18:00:00,58010,273484,971,25919,9939,41900,1910,24557,13314,33667,926,2529,1247,4702,14629,19332,1197,59549,-20353,-1603,-215474,-3455,-4703,-24948,-31961,-22647,-58352,1
2022-03-01 19:00:00,51523,258008,1100,25070,8865,38753,1644,23089,12350,32678,1217,2590,1155,4398,14346,18376,1608,56594,-20328,-1373,-206485,-3243,-4030,-23970,-29888,-21445,-54986,1
2022-03-01 20:00:00,45906,245717,1107,24001,8378,34890,1465,21618,11172,29883,1920,2461,1120,4167,13850,17589,1856,53117,-18711,-541,-199811,-3047,-3739,-22894,-26512,-20153,-51261,1
2022-03-01 21:00:00,41143,234189,1021,23068,8439,31553,1282,20398,9348,27065,2372,2259,1066,3923,13285,17096,1974,49756,-17717,113,-193046,-2857,-3811,-22047,-23114,-19116,-47782,1
2022-03-01 22:00:00,40590,221385,901,21982,8161,28630,1094,19449,9425,25663,2804,2029,1060,3785,13463,16852,2420,46810,-16238,775,-180795,-2725,-3389,-21081,-20469,-18355,-44390,1
2022-03-01 23:00:00,42581,212044,854,20843,8000,26982,965,18834,9840,24134,3052,1724,1119,3690,12859,16161,2531,43870,-14294,1328,-169463,-2571,-3302,-19989,-18982,-17869,-41339,1
2022-03-02 00:00:00,48511,206847,869,20038,7920,26290,922,18577,9660,23160,2674,1480,1094,3655,12816,16014,2285,42255,-13500,1194,-158336,-2561,-3198,-19169,-18370,-17655,-39970,1
2022-03-02 01:00:00,51030,206430,927,19479,7471,26094,876,18691,9591,22715,2446,1308,1095,3661,12826,16290,2193,41574,-13124,1138,-155400,-2566,-3464,-18552,-18623,-17815,-39381,1
2022-03-02 02:00:00,53618,208746,978,19435,7215,26629,825,19125,9590,22709,2176,1283,1094,3724,13053,16591,2741,41603,-13119,893,-155128,-2630,-3538,-18457,-19414,-18300,-38862,1
2022-03-02 03:00:00,51156,215898,927,20255,6879,28714,777,20035,9417,23245,1734,1237,1143,3982,13311,17499,3003,42113,-13828,497,-164742,-2839,-4188,-19328,-21835,-19258,-39110,1
2022-03-02 04:00:00,42810,231053,886,22150,7391,34108,870,22163,9776,26014,1728,1216,1230,4587,13926,19100,3816,44015,-16238,512,-188243,-3357,-5174,-21264,-26717,-21293,-40199,1
2022-03-02 05:00:00,47419,256485,1130,24570,9843,39557,1337,23696,11055,29608,1787,1232,1260,5075,14341,20136,4207,49629,-18553,555,-209066,-3815,-5795,-23440,-29714,-22359,-45422,1
2022-03-02 06:00:00,60948,272442,2418,24593,13500,43596,2239,24070,12332,31311,2152,1347,1442,5163,14454,20544,4230,54389,-18979,805,-211494,-3721,-6090,-22175,-30096,-21831,-50159,1
2022-03-02 07:00:00,76840,279415,4048,23736,15032,44404,2957,23599,15213,31968,2462,1645,1596,5156,14408,20294,4375,53405,-16755,817,-202575,-3560,-5886,-19688,-29372,-20642,-49030,1
2022-03-02 08:00:00,94382,280322,5565,22706,16117,43356,3499,22796,16899,31940,2408,2054,1799,5259,14180,19665,4258,49153,-15041,354,-185940,-3460,-5485,-17141,-27239,-19297,-44895,1
2022-03-02 09:00:00,108242,282024,6709,21903,16005,42546,3823,22825,18802,31826,2292,2253,2004,5144,13939,19115,4179,44413,-13024,39,-173782,-3140,-5176,-15194,-26541,-19002,-40234,1
2022-03-02 10:00:00,122583,283599,7195,21603,15602,40234,3873,22846,19804,31906,2328,2317,2118,4955,13987,18867,4147,40950,-12102,11,-161016,-2837,-4880,-14408,-24632,-18973,-36803,1
2022-03-02 11:00:00,123939,280677,6915,21541,15192,39969,3727,23053,20325,31915,2446,2329,2179,4898,14045,18518,3862,39437,-11590,117,-156738,-2719,-4473,-14626,-24777,-19326,-35575,1
2022-03-02 12:00:00,120123,275828,6243,21492,14353,40868,3315,23149,20607,31458,2636,2352,2036,4803,14079,18341,3377,40032,-10851,284,-155705,-2767,-4262,-15249,-26515,-19834,-36655,1
2022-03-02 13:00:00,107743,268390,5005,22173,13630,42030,2641,23477,21719,30894,2544,2399,1885,4660,14238,18571,3495,41594,-9175,145,-160647,-2775,-4333,-17168,-28400,-20836,-38099,1
2022-03-02 14:00:00,86510,262599,3279,23200,10783,42694,1886,23996,21036,30525,2480,2337,1606,4711,14270,18987,3656,45065,-9489,143,-176089,-3105,-4717,-19921,-31911,-22110,-41409,1
2022-03-02 15:00:00,61360,261337,1509,24213,8729,42671,1551,24441,17772,30107,2546,2300,1397,5005,14442,19679,3818,50870,-12335,246,-199977,-3608,-5237,-22704,-33942,-22890,-47052,1
2022-03-02 16:00:00,51092,270277,893,25371,9896,44807,1872,25205,15138,30023,2825,2342,1402,5155,14900,20026,3615,57998,-14885,483,-219185,-3753,-5126,-24478,-34911,-23333,-54383,1
2022-03-02 17:00:00,61009,282289,952,26229,10244,45002,2073,25349,14989,32404,2770,2518,1414,4908,15029,19326,4314,59790,-17415,252,-221280,-3494,-4297,-25277,-34758,-23276,-55476,1
2022-03-02 18:00:00,59085,276223,1024,25976,6963,42542,1624,24768,15213,33693,2793,2594,1389,4641,15246,18948,5280,58714,-18480,199,-217138,-3252,-3702,-24952,-35579,-23144,-53434,1
2022-03-02 19:00:00,53161,262057,1047,25137,5783,39223,1103,23249,13763,32750,2697,2467,1308,4352,15255,18573,6037,56000,-18987,230,-208896,-3044,-3318,-24090,-33440,-22146,-49963,1
2022-03-02 20:00:00,48146,247986,1030,24036,5154,35091,866,21621,12689,30023,2365,2329,1265,4088,15052,17871,6047,52894,-17334,36,-199840,-2823,-2819,-23006,-29937,-20755,-46847,1
2022-03-02 21:00:00,46581,235718,1003,23183,5032,31502,844,20472,11158,27120,2451,2149,1223,3887,14616,16803,5856,49479,-15962,302,-189137,-2664,-2187,-22180,-26470,-19628,-43623,1
2022-03-02 22:00:00,44048,222846,1001,22119,5588,28984,831,19455,10640,25694,2343,1908,1224,3766,14155,16511,5449,46577,-15054,435,-178798,-2542,-2356,-21118,-23396,-18624,-41128,1
2022-03-02 23:00:00,43856,211739,1037,20900,5268,27330,845,18879,10028,24224,1991,1633,1211,3645,13742,16399,5094,43766,-14196,358,-167883,-2434,-2657,-19863,-22062,-18034,-38672,1
2022-03-03 00:00:00,46369,207240,993,20001,6496,26389,851,18619,9316,23267,1826,1385,1182,3597,13703,16012,5063,42123,-13951,441,-160871,-2415,-2309,-19008,-19893,-17768,-37060,1
2022-03-03 01:00:00,49730,206620,982,19417,5945,26302,927,18735,8460,22951,1875,1265,1186,3597,13688,15870,4621,41462,-14491,610,-156890,-2411,-2182,-18435,-20357,-17808,-36841,1
2022-03-03 02:00:00,50306,209158,1135,19332,6124,26667,977,19022,7593,22910,1322,1277,1232,3678,13891,16295,4000,41235,-15317,45,-158852,-2446,-2404,-18197,-20543,-18045,-37235,1
2022-03-03 03:00:00,51158,216735,1142,20203,4361,28489,1001,19864,7033,23353,648,1251,1239,3924,13925,16928,3719,41849,-16320,-603,-165577,-2685,-3003,-19061,-24128,-18863,-38130,1
2022-03-03 04:00:00,48280,231279,1140,22155,5207,33704,1061,22138,9211,25993,1185,1215,1352,4553,14568,18604,3339,44253,-16782,-30,-182999,-3201,-4036,-21015,-28497,-21077,-40914,1
2022-03-03 05:00:00,55961,259628,1274,24593,10599,39041,1385,23810,10631,29666,1442,1235,1467,5058,14573,19613,3820,49724,-19035,207,-203667,-3591,-5040,-23319,-28442,-22425,-45904,1
2022-03-03 06:00:00,72550,275157,2517,24639,11047,43256,2043,24288,11770,31328,1310,1380,1596,5288,14285,20235,4658,54169,-19558,-70,-202607,-3692,-5950,-22122,-32209,-22245,-49511,1
2022-03-03 07:00:00,99902,280470,4286,23502,12136,44136,2634,24181,12906,32101,1086,1744,1797,5277,13967,20330,4817,52715,-19195,-658,-180568,-3480,-6363,-19216,-32000,-21547,-47898,1
2022-03-03 08:00:00,120792,281202,5768,22385,13233,43636,2950,23698,12495,32102,822,2170,1835,5132,13279,19747,4406,47644,-19607,-1348,-160410,-3297,-6468,-16617,-30403,-20748,-43238,1
2022-03-03 09:00:00,138565,279329,6605,21743,13150,42669,3321,23784,12887,31943,636,2301,2022,4964,13053,19344,3686,42811,-19056,-1665,-140764,-2942,-6291,-15138,-29519,-20463,-39125,1
2022-03-03 10:00:00,152639,279274,6582,21758,12703,40199,3719,23881,13204,32062,727,2410,2135,4812,12910,18868,4094,39771,-18858,-1683,-126635,-2677,-5958,-15176,-27496,-20162,-35677,1
2022-03-03 11:00:00,162327,277806,5964,22029,12013,39674,3741,24224,13117,32294,536,2365,2204,4754,12726,18395,4932,38250,-19177,-1829,-115479,-2550,-5669,-16065,-27661,-20483,-33318,1
2022-03-03 12:00:00,157960,270896,5221,22181,10872,40402,3528,24175,13607,31973,487,2376,2120,4636,12610,17939,4385,38169,-18366,-1889,-112936,-2516,-5329,-16960,-29530,-20647,-33784,1
2022-03-03 13:00:00,144276,266227,3913,22914,9675,41105,2936,24339,13498,31426,481,2384,1929,4527,12772,18270,3967,39710,-17928,-1903,-121951,-2598,-5498,-19001,-31430,-21403,-35743,1
2022-03-03 14:00:00,115350,262398,2357,23784,7789,41574,2681,24459,14397,31171,263,2309,1626,4560,12734,18734,3708,43176,-16774,-2046,-147048,-2934,-6000,-21427,-33785,-21778,-39468,1
2022-03-03 15:00:00,82370,260436,1260,24478,7004,41529,3008,24805,14735,31293,234,2313,1465,4889,13008,19664,4206,49298,-16558,-2079,-178066,-3424,-6656,-23218,-34525,-21797,-45092,1
2022-03-03 16:00:00,69339,269598,862,25367,10808,43601,2965,25324,14282,31212,215,2355,1553,5025,13240,19806,4693,56967,-16930,-2140,-200259,-3472,-6566,-24505,-32793,-22359,-52274,1
2022-03-03 17:00:00,84901,282133,902,26152,10247,43791,2795,25305,15745,33077,190,2508,1794,4825,13359,19346,6287,59801,-17332,-2318,-197232,-3031,-5987,-25250,-33544,-22510,-53514,1
2022-03-03 18:00:00,85977,277196,951,25818,6505,41470,2327,24737,17084,33858,210,2626,1831,4559,13375,19008,8494,59037,-16774,-2416,-191219,-2728,-5633,-24867,-34965,-22410,-50543,1
2022-03-03 19:00:00,79541,261120,941,24987,4497,38364,1811,23241,17165,32779,219,2685,1864,4377,13390,18717,8650,56236,-15614,-2466,-181579,-2513,-5327,-24046,-33867,-21430,-47586,1
2022-03-03 20:00:00,75684,247090,951,23900,4122,34404,1550,21663,16037,30245,211,2575,1947,4139,12795,18148,8400,52598,-14208,-2364,-171406,-2192,-5353,-22949,-30282,-20113,-44198,3
2022-03-03 21:00:00,73088,236378,947,22943,4195,31049,1515,20415,14818,27560,315,2392,1953,3906,12470,17679,9545,49529,-12742,-2077,-163290,-1953,-5209,-21996,-26854,-18900,-39984,3
2022-03-03 22:00:00,72640,221788,970,21801,6549,28558,1648,19370,15103,25815,498,2125,1797,3754,12478,17572,9088,46488,-10712,-1627,-149148,-1957,-5094,-20831,-22009,-17722,-37400,1
2022-03-03 23:00:00,69041,213118,1052,20613,6541,26741,1699,18821,16495,24465,644,1847,1599,3684,12314,17418,7758,43855,-7970,-1203,-144077,-2085,-5104,-19561,-20200,-17122,-36097,1
2022-03-04 00:00:00,71388,208043,1106,19774,5999,25842,1732,18552,17094,23528,853,1594,1351,3612,12211,17424,6803,42171,-6434,-741,-136655,-2261,-5213,-18668,-19843,-16820,-35368,1
2022-03-04 01:00:00,67397,205978,1086,19173,5616,25555,1761,18579,17186,23160,940,1449,1254,3623,12095,17591,5583,41313,-5974,-509,-138581,-2369,-5496,-18087,-19939,-16818,-35730,1
2022-03-04 02:00:00,64986,209420,1091,19022,5577,26099,1789,18913,17830,23132,554,1430,1246,3723,12158,17951,4959,41102,-5302,-876,-144434,-2477,-5793,-17931,-20522,-17124,-36143,1
2022-03-04 03:00:00,61582,216961,999,19863,5365,28206,1771,19745,18277,23843,483,1352,1279,3969,12223,18657,4736,41595,-5566,-869,-155379,-2690,-6434,-18864,-22841,-17974,-36859,1
2022-03-04 04:00:00,53793,230389,974,21768,4322,33057,1783,21889,17388,26510,592,1344,1353,4594,12956,20335,4973,44097,-9122,-752,-176596,-3241,-7379,-20794,-28735,-20106,-39124,1
2022-03-04 05:00:00,56149,256317,1145,24175,10071,38741,1758,23939,16616,29763,663,1364,1486,5012,13028,21034,5018,49396,-13147,-701,-200168,-3526,-8006,-23030,-28670,-22181,-44378,1
2022-03-04 06:00:00,71797,274013,2139,24707,13261,42866,1967,24947,17608,31622,653,1473,1695,5103,13075,20641,4688,53857,-14014,-820,-202216,-3408,-7566,-22568,-29605,-22980,-49169,1
2022-03-04 07:00:00,91237,280622,3615,24253,12187,44008,2513,25215,19437,32497,469,1759,1955,5039,13206,20241,4292,52996,-13060,-1290,-189385,-3084,-7035,-20638,-31821,-22702,-48704,1
2022-03-04 08:00:00,109528,282324,4711,23663,11818,43242,3201,25155,20431,32667,405,2170,2246,5034,13256,19939,3635,48514,-12236,-1765,-172796,-2788,-6683,-18952,-31424,-21954,-44879,1
2022-03-04 09:00:00,130420,283619,5188,23437,11767,42386,3509,25515,21534,32636,547,2332,2492,4895,13218,19205,3800,43494,-11102,-1785,-153199,-2403,-5987,-18249,-30619,-22006,-39694,1
2022-03-04 10:00:00,147007,284295,5108,23612,12356,40125,3445,25536,21619,32629,644,2367,2571,4765,13104,18624,3883,39819,-11010,-1723,-137288,-2194,-5520,-18504,-27769,-22091,-35936,1
2022-03-04 11:00:00,154942,280677,4703,23875,12641,39942,3272,25508,21143,32369,874,2313,2538,4610,13033,18178,3756,37959,-11226,-1439,-125735,-2072,-5145,-19172,-27301,-22236,-34203,1
2022-03-04 12:00:00,147787,271312,3785,23657,11982,40948,2908,25238,20267,31846,1147,2283,2372,4497,12862,17933,3862,37845,-11579,-1136,-123525,-2125,-5071,-19872,-28966,-22330,-33983,1
2022-03-04 13:00:00,126396,264194,2959,23966,9435,41236,2622,24885,19439,30946,924,2268,2148,4364,12680,17915,4328,39244,-11507,-1344,-137798,-2216,-5235,-21007,-31801,-22263,-34916,1
2022-03-04 14:00:00,103325,260178,2118,24420,7071,41377,2283,24393,19160,30417,747,2147,1825,4404,12564,18396,3941,42639,-11257,-1400,-156853,-2579,-5832,-22302,-34306,-22110,-38698,1
2022-03-04 15:00:00,83251,260504,1254,24854,7688,41475,2226,24713,17972,30003,593,2099,1574,4726,12645,18996,3756,48424,-12031,-1506,-177253,-3152,-6351,-23600,-33787,-22487,-44668,1
2022-03-04 16:00:00,77963,266727,894,25519,10846,43515,2546,25322,16058,29946,326,2114,1586,4876,12645,19251,4251,55939,-13888,-1788,-188764,-3290,-6606,-24625,-32669,-22776,-51688,1
2022-03-04 17:00:00,87730,277111,1027,26139,11722,43770,2685,25113,16292,31660,259,2282,1677,4628,12728,18674,5209,58921,-15368,-2023,-189381,-2951,-5946,-25112,-32048,-22428,-53712,1
2022-03-04 18:00:00,87935,271219,1115,25640,7992,41005,2384,24375,16887,32664,337,2419,1609,4358,12899,18307,5611,58064,-15777,-2082,-183284,-2749,-5408,-24525,-33013,-21991,-52453,1
2022-03-04 19:00:00,80865,255055,1052,24870,4511,37755,2275,22925,14854,31815,301,2529,1599,4170,12890,17796,7058,55039,-16961,-2228,-174190,-2571,-4906,-23818,-33244,-20650,-47981,1
2022-03-04 20:00:00,78257,242169,1050,23835,4070,34060,1974,21442,13442,29576,265,2412,1726,3969,12548,17570,8058,51841,-16134,-2147,-163912,-2243,-5022,-22785,-29990,-19468,-43783,1
2022-03-04 21:00:00,76137,231450,986,22985,4589,30824,1636,20252,11692,27181,340,2225,1797,3829,12538,17320,7472,49052,-15489,-1885,-155313,-2032,-4782,-21999,-26235,-18616,-41580,1
2022-03-04 22:00:00,77951,220431,900,21843,4446,28280,1431,19376,10809,26062,321,2000,1953,3704,12453,16743,7197,46431,-15253,-1679,-142480,-1751,-4290,-20943,-23834,-17945,-39234,1
2022-03-04 23:00:00,77838,212136,852,20606,4313,26670,1267,18683,10520,24401,200,1795,1993,3593,12395,16711,6549,44125,-13881,-1595,-134298,-1600,-4316,-19754,-22357,-17416,-37576,1
2022-03-05 00:00:00,74127,205414,825,19680,5094,25685,1152,18306,9276,22935,277,1589,1895,3540,12480,16891,5640,42118,-13659,-1312,-131287,-1645,-4411,-18855,-20591,-17154,-36478,1
2022-03-05 01:00:00,72320,200960,799,18988,6004,25355,1016,18227,8902,22541,500,1464,1772,3527,12624,16963,4502,41190,-13639,-964,-128640,-1755,-4339,-18189,-19351,-17211,-36688,1
2022-03-05 02:00:00,68878,200159,788,18674,5891,25257,1015,18301,8864,22050,367,1429,1668,3539,12741,17114,3814,41003,-13186,-1062,-131281,-1871,-4373,-17886,-19366,-17286,-37189,1
2022-03-05 03:00:00,66403,201770,754,18974,5502,26119,979,18474,8452,21802,340,1364,1543,3577,12703,17249,3196,41018,-13350,-1024,-135367,-2034,-4546,-18220,-20617,-17495,-37822,1
2022-03-05 04:00:00,62962,200608,732,19482,6389,28501,878,18810,8265,22299,339,1339,1512,3758,13205,17755,3305,41798,-14034,-1000,-137646,-2246,-4550,-18750,-22112,-17932,-38493,1
2022-03-05 05:00:00,62546,205906,979,20569,9435,31682,999,19938,8620,23189,317,1335,1586,4033,13466,18037,3628,43829,-14569,-1018,-143360,-2447,-4571,-19590,-22247,-18939,-40201,1
2022-03-05 06:00:00,74294,217327,1868,21505,12085,35164,1422,21030,9287,24556,403,1384,1687,4225,13780,18603,3435,45164,-15269,-981,-143033,-2538,-4823,-19637,-23079,-19608,-41729,1
2022-03-05 07:00:00,100755,230556,3107,21891,13504,36807,1970,21798,12341,26909,414,1536,1898,4266,13761,18586,3383,43680,-14568,-1122,-129801,-2368,-4825,-18784,-23303,-19828,-40297,1
2022-03-05 08:00:00,129119,238891,4215,21822,14576,36894,2428,22186,14306,28266,460,1734,1944,4353,13793,18535,3066,40843,-13960,-1274,-109772,-2409,-4742,-17607,-22318,-19758,-37777,1
2022-03-05 09:00:00,161034,244571,4837,21558,15528,35951,2942,22862,14828,28100,602,1936,1873,4310,13924,18673,2793,37482,-13272,-1334,-83537,-2437,-4749,-16721,-20423,-19920,-34689,1
2022-03-05 10:00:00,162317,243498,4467,21933,17175,34055,2519,22588,15316,28021,663,2047,1722,4227,13586,18495,2648,34485,-12705,-1384,-81181,-2505,-4909,-17466,-16880,-20069,-31837,1
2022-03-05 11:00:00,150927,234542,3473,22340,17204,32273,2166,22124,15778,28202,706,2042,1628,4125,13162,17709,2543,32811,-12424,-1336,-83615,-2497,-4547,-18867,-15069,-19958,-30268,1
2022-03-05 12:00:00,137708,224976,2760,21990,16055,31138,2201,21893,15962,27784,720,2014,1572,4096,12986,17147,2339,32355,-11822,-1294,-87268,-2524,-4161,-19230,-15083,-19692,-30016,1
2022-03-05 13:00:00,114674,219851,2195,22003,13962,30804,2024,21871,15872,26746,635,1991,1353,4068,12868,17348,2541,33409,-10874,-1356,-105177,-2715,-4480,-19808,-16842,-19847,-30868,1
2022-03-05 14:00:00,89809,217165,1658,22237,11575,31354,1332,21546,15435,25912,498,1890,1258,4161,13448,17882,3002,36993,-10477,-1392,-127356,-2903,-4434,-20579,-19779,-20214,-33991,1
2022-03-05 15:00:00,68264,219334,1063,22646,11102,32811,1019,21791,14663,25541,331,1843,1096,4502,13656,18152,4091,43299,-10878,-1512,-151070,-3406,-4496,-21583,-21709,-20772,-39208,1
2022-03-05 16:00:00,62124,230031,818,23240,15510,36764,1122,22434,13643,25920,222,1873,1067,4688,13986,18553,5719,51111,-12277,-1651,-167907,-3621,-4567,-22422,-21254,-21312,-45392,1
2022-03-05 17:00:00,76334,242653,842,23765,17147,37981,1102,22217,14161,28023,204,2019,1081,4442,14108,18451,7272,54759,-13862,-1815,-166319,-3361,-4343,-22923,-20834,-21115,-47487,1
2022-03-05 18:00:00,76651,238406,881,23515,13155,35553,811,21633,13837,29314,340,2224,1106,4212,14149,18024,8253,54111,-15477,-1884,-161755,-3106,-3875,-22634,-22398,-20822,-45858,1
2022-03-05 19:00:00,69479,224292,860,22799,9888,32591,719,20598,12542,29251,341,2337,1122,4035,13829,17267,9040,51622,-16709,-1996,-154813,-2913,-3438,-21939,-22703,-19879,-42582,1
2022-03-05 20:00:00,59704,216332,889,21786,10059,30115,746,19481,11104,27187,191,2214,1144,3878,13570,16893,9142,49076,-16083,-2023,-156628,-2734,-3323,-20897,-20056,-18735,-39934,1
2022-03-05 21:00:00,55551,209944,890,20664,8987,27423,462,18333,10614,25264,147,2066,1180,3682,13354,16455,9391,46859,-14650,-1919,-154393,-2502,-3101,-19774,-18436,-17871,-37468,1
2022-03-05 22:00:00,52073,199392,903,19616,8502,25294,573,17421,10060,23721,80,1905,1219,3554,13129,16138,10074,44648,-13661,-1825,-147319,-2335,-3009,-18713,-16792,-16848,-34574,1
2022-03-05 23:00:00,48493,188121,834,18677,9089,23747,459,16871,9540,22097,54,1721,1199,3472,13034,15885,11441,42559,-12557,-1667,-139628,-2273,-2851,-17843,-14658,-16412,-31118,1
2022-03-06 00:00:00,47117,182576,801,18131,8427,22584,440,16342,9524,21128,125,1565,1157,3403,13098,15825,11546,40931,-11604,-1440,-135459,-2246,-2727,-17330,-14157,-15902,-29385,1
2022-03-06 01:00:00,48992,179742,803,17577,8511,22153,455,16239,10231,20491,154,1441,1210,3398,13163,15813,11286,39804,-10260,-1287,-130750,-2188,-2650,-16774,-13642,-15784,-28518,1
2022-03-06 02:00:00,50187,178948,803,17331,8319,22200,476,16331,10183,20161,135,1438,1229,3384,13298,16023,10802,39273,-9978,-1303,-128761,-2155,-2725,-16528,-13881,-15855,-28471,1
2022-03-06 03:00:00,49583,180677,792,17631,8004,22774,456,16312,9991,20179,157,1376,1215,3440,13409,16402,10498,39260,-10188,-1219,-131094,-2225,-2993,-16839,-14770,-15856,-28762,1
2022-03-06 04:00:00,49550,180470,796,18100,8129,23633,457,16355,8881,20576,199,1329,1269,3595,13534,16595,10693,39672,-11695,-1130,-130920,-2326,-3061,-17304,-15504,-15898,-28979,1
2022-03-06 05:00:00,49596,181562,1179,18789,9095,24970,621,16908,9027,20823,220,1319,1355,3822,13566,16736,10793,40814,-11796,-1099,-131966,-2467,-3170,-17610,-15875,-16287,-30021,1
2022-03-06 06:00:00,58810,190967,2609,19296,12136,27793,1297,17772,10703,21453,323,1346,1522,4088,13685,17080,10266,41253,-10750,-1023,-132157,-2566,-3395,-16687,-15657,-16475,-30987,1
2022-03-06 07:00:00,79336,204857,4332,19415,14569,29528,1610,18758,13269,23279,410,1432,1810,4149,13607,17040,9954,40054,-10010,-1022,-125521,-2339,-3433,-15083,-14959,-17148,-30100,1
2022-03-06 08:00:00,106729,216175,5538,19396,15904,29967,1788,19328,16118,24995,442,1549,2242,4152,13653,16978,9123,37363,-8877,-1107,-109446,-1910,-3325,-13858,-14063,-17540,-28240,1
2022-03-06 09:00:00,119955,220161,6116,19292,15400,30006,2016,19817,18020,25727,640,1725,2432,4080,13660,16669,8919,34166,-7707,-1085,-100206,-1648,-3009,-13176,-14606,-17801,-25247,1
2022-03-06 10:00:00,124962,226243,6053,19346,15112,29206,2319,20258,17882,25966,688,1889,2350,3959,13609,16214,8170,31573,-8084,-1201,-101281,-1609,-2605,-13293,-14094,-17939,-23403,1
2022-03-06 11:00:00,127366,222931,5544,19089,14397,28250,2245,20271,16621,26641,595,1941,2349,3888,13639,16107,8828,31544,-10020,-1346,-95565,-1539,-2468,-13545,-13853,-18026,-22716,1
2022-03-06 12:00:00,127036,217263,4742,19017,13604,27889,1986,20237,14617,26783,729,1980,2402,3906,13893,16069,8923,32369,-12166,-1251,-90227,-1504,-2176,-14275,-14285,-18251,-23446,1
2022-03-06 13:00:00,118423,213620,3660,19475,12115,27724,1575,19794,13652,25500,774,2023,2251,3892,13641,15977,9639,34400,-11848,-1249,-95197,-1641,-2336,-15815,-15609,-18219,-24761,1
2022-03-06 14:00:00,99740,213932,2464,20193,8969,27779,1209,19489,12655,24910,664,1946,1971,4016,13819,16615,9898,37272,-12255,-1282,-114192,-2045,-2796,-17729,-18810,-18280,-27374,1
2022-03-06 15:00:00,72978,215759,1446,21176,7531,29235,1008,19908,11080,24560,765,1876,1702,4404,14314,17810,9858,42997,-13480,-1111,-142781,-2702,-3496,-19730,-21704,-18900,-33139,1
2022-03-06 16:00:00,57070,223950,1004,22402,10340,33341,1427,20912,10227,25083,750,1879,1641,4606,14673,18389,9806,50927,-14856,-1129,-166880,-2965,-3716,-21398,-23001,-19485,-41121,1
2022-03-06 17:00:00,59481,236016,1035,23515,11267,34999,1514,21011,11058,27658,893,2023,1726,4447,14874,18228,9710,54554,-16600,-1130,-176535,-2721,-3354,-22480,-23732,-19497,-44844,1
2022-03-06 18:00:00,59726,232465,1242,23429,9943,33772,1080,20560,11970,29383,1256,2184,1612,4220,14619,18057,9098,54047,-17413,-928,-172739,-2608,-3438,-22187,-23829,-19480,-44949,1
2022-03-06 19:00:00,53374,221326,1305,22787,7373,31720,987,19651,11802,29345,1268,2299,1512,4012,14326,17659,8232,51860,-17543,-1031,-167952,-2500,-3333,-21482,-24347,-18664,-43628,1
2022-03-06 20:00:00,50780,216098,1316,21752,6072,29189,1109,18956,10249,27485,1156,2189,1328,3768,13703,16777,7094,49391,-17236,-1033,-165318,-2440,-3074,-20436,-23117,-17847,-42297,1
2022-03-06 21:00:00,49674,212792,1326,20784,4860,26237,1114,17933,8579,25132,1086,2022,1253,3664,13247,16292,6110,47053,-16553,-936,-163118,-2411,-3045,-19458,-21377,-16819,-40943,1
2022-03-06 22:00:00,47075,202344,1336,19674,3852,24097,1200,17142,6218,23424,1256,1830,1285,3439,12947,16098,4990,44249,-17206,-574,-155269,-2154,-3151,-18338,-20245,-15942,-39259,1
2022-03-06 23:00:00,45938,195836,1288,18657,4587,22765,1284,16736,5618,22063,1020,1594,1218,3415,12632,16046,4181,42406,-16445,-574,-149898,-2197,-3414,-17369,-18178,-15452,-38225,1
2022-03-07 00:00:00,44830,190646,1281,18144,5831,22137,1201,16572,5195,21241,1784,1391,1202,3376,12616,16159,3383,41240,-16046,393,-145816,-2174,-3543,-16863,-16306,-15371,-37857,1
2022-03-07 01:00:00,43872,189787,1367,17734,6777,22300,1290,16742,5183,20969,2072,1277,1211,3395,12521,16157,2584,40875,-15786,795,-145915,-2184,-3636,-16367,-15523,-15452,-38291,1
2022-03-07 02:00:00,45618,193833,1357,17713,6048,22924,1440,17267,5006,21114,1674,1267,1246,3489,12652,16442,2459,40882,-16108,407,-148215,-2243,-3790,-16356,-16876,-15827,-38423,1
2022-03-07 03:00:00,45833,201430,1379,18696,4838,25677,1614,18427,4833,21998,1661,1227,1334,3771,12613,17450,2715,41527,-17165,434,-155597,-2437,-4837,-17317,-20839,-16813,-38812,1
2022-03-07 04:00:00,52049,220934,1338,20869,6524,32024,1922,21050,6257,25045,1601,1218,1379,4442,12929,18809,2713,44206,-18788,383,-168885,-3063,-5880,-19531,-25500,-19128,-41493,1
2022-03-07 05:00:00,67275,251716,1657,23814,8743,38052,2305,23273,8009,29049,1567,1238,1501,4958,12880,19668,2867,49987,-21040,329,-184441,-3457,-6788,-22157,-29309,-20968,-47120,1
2022-03-07 06:00:00,80489,268984,2546,24615,11559,42635,2575,24072,10204,31387,1715,1362,1738,5036,12750,19693,3173,54554,-21183,353,-188495,-3298,-6943,-22069,-31076,-21497,-51381,1
2022-03-07 07:00:00,98413,275380,3669,24787,13086,43997,3466,24354,10983,32423,1896,1682,2041,4977,12585,19063,3444,52611,-21440,214,-176967,-2936,-6478,-21118,-30911,-20888,-49167,1
2022-03-07 08:00:00,124237,275036,4431,24690,13380,43335,4070,23720,11221,32932,2001,2087,2274,4889,12506,18602,4003,47960,-21711,-86,-150799,-2615,-6096,-20259,-29955,-19650,-43957,1
2022-03-07 09:00:00,149307,279000,4598,24705,13451,42888,4708,23694,11996,32916,2838,2255,2328,4889,12450,18472,4448,43352,-20920,583,-129693,-2561,-6022,-20107,-29437,-18986,-38904,1
2022-03-07 10:00:00,165824,283481,4515,25081,13300,41082,5394,23967,13056,33159,2982,2311,2339,4794,12318,17927,4937,40626,-20103,671,-117657,-2455,-5609,-20566,-27782,-18573,-35689,1
2022-03-07 11:00:00,177016,283547,4274,25304,13191,40939,5269,24124,13502,33010,3114,2244,2323,4732,12311,17403,5085,39111,-19508,870,-106531,-2409,-5092,-21030,-27748,-18855,-34026,1
2022-03-07 12:00:00,173982,279978,3713,25317,12090,41571,4790,23974,13519,32472,3036,2203,2302,4631,12641,17407,5082,39048,-18953,833,-105996,-2329,-4766,-21604,-29481,-19184,-33966,1
2022-03-07 13:00:00,151313,272759,3240,25528,11608,42145,4158,24109,14140,31709,3004,2222,2164,4508,12954,17780,5955,40306,-17569,782,-121446,-2344,-4826,-22288,-30537,-19951,-34351,1
2022-03-07 14:00:00,120911,266539,2622,25616,10833,42193,3485,24227,14116,31179,2941,2174,1823,4580,12885,18120,7918,43962,-17063,767,-145628,-2757,-5235,-22994,-31360,-20742,-36044,1
2022-03-07 15:00:00,89514,262247,1970,25554,9784,41903,2910,24428,14524,31064,2888,2168,1558,4911,13002,18966,8894,49949,-16540,720,-172733,-3353,-5964,-23584,-32119,-21518,-41055,1
2022-03-07 16:00:00,66130,268548,1612,25988,10008,43387,2897,25110,12385,30987,2674,2268,1419,5045,13210,19796,8793,57563,-18602,406,-202418,-3626,-6586,-24376,-33379,-22213,-48770,1
2022-03-07 17:00:00,71061,281048,1413,26799,11243,44059,2985,25201,13407,33065,2160,2444,1437,4835,13372,19488,8789,60346,-19658,-284,-209987,-3398,-6116,-25386,-32816,-22216,-51557,1
2022-03-07 18:00:00,75251,276110,1415,26475,9783,41634,2701,24594,13562,34150,1026,2551,1332,4522,13257,19023,9468,59882,-20588,-1525,-200859,-3190,-5766,-25060,-31851,-21893,-50414,1
2022-03-07 19:00:00,69762,261349,1320,25687,7711,38476,2162,23082,12458,33184,1016,2489,1293,4265,13044,18567,10180,56972,-20726,-1473,-191587,-2972,-5523,-24367,-30765,-20920,-46792,1
2022-03-07 20:00:00,65174,248298,1187,24505,7494,34409,1929,21635,12274,30210,2125,2375,1253,4036,12748,17929,10624,53519,-17936,-250,-183124,-2783,-5181,-23318,-26915,-19706,-42895,1
2022-03-07 21:00:00,66638,237132,1180,23451,6869,30979,1621,20265,12214,27227,2349,2185,1186,3833,12484,17263,10685,49950,-15013,164,-170494,-2647,-4779,-22271,-24110,-18644,-39265,1
2022-03-07 22:00:00,65179,223722,1156,22295,7464,28282,1516,19460,13397,25708,2717,1938,1049,3681,12051,17026,10816,46837,-12311,779,-158543,-2632,-4975,-21139,-20818,-17944,-36021,1
2022-03-07 23:00:00,61131,212829,1192,20995,7564,26437,1228,18945,14371,24001,2721,1645,1030,3588,11864,17131,11090,43912,-9630,1076,-151698,-2558,-5267,-19803,-18873,-17717,-32822,1
2022-03-08 00:00:00,66626,208711,1127,20183,7746,25730,1189,18648,14826,22987,2814,1395,1022,3561,11627,17030,10957,42048,-8161,1419,-142085,-2539,-5403,-19056,-17984,-17459,-31091,1
2022-03-08 01:00:00,66341,207751,1112,19604,8091,25509,1173,18708,14491,22585,2635,1253,1086,3573,11593,16891,11518,41355,-8094,1382,-141410,-2487,-5298,-18492,-17418,-17535,-29837,1
2022-03-08 02:00:00,64021,208740,1156,19561,8244,25877,1196,19162,14012,22540,2236,1256,1084,3671,11725,17252,11034,41290,-8528,980,-144719,-2587,-5527,-18405,-17633,-17966,-30256,1
2022-03-08 03:00:00,62135,215594,1161,20432,7763,27667,1163,19844,13156,23049,2292,1196,1081,3906,11920,18083,10709,41929,-9893,1096,-153459,-2825,-6163,-19271,-19904,-18681,-31220,1
2022-03-08 04:00:00,61881,230858,1170,22126,7873,32906,1096,21921,11127,25454,2480,1157,1119,4518,12542,19591,10606,44331,-14327,1323,-168977,-3399,-7049,-20956,-25033,-20825,-33725,1
2022-03-08 05:00:00,73599,255912,1587,24405,11223,39006,1405,23664,11176,29237,2907,1163,1301,4954,12859,20310,10679,49612,-18061,1744,-182313,-3653,-7451,-22818,-27783,-22259,-38933,1
2022-03-08 06:00:00,98448,270107,2940,24544,14801,44510,1889,24508,12880,31275,3536,1277,1554,5028,12841,19942,10103,53249,-18395,2259,-171659,-3474,-7101,-21604,-29709,-22619,-43146,1
2022-03-08 07:00:00,124509,278592,4266,23697,16939,46824,2387,24677,13657,32190,3838,1589,1692,5137,12852,19552,10674,51363,-18533,2249,-154083,-3445,-6700,-19431,-29885,-22290,-40689,1
2022-03-08 08:00:00,150201,277791,5252,22842,17876,46441,2751,24048,14773,32445,3534,2007,1858,5101,12746,19533,10868,46788,-17672,1527,-127590,-3243,-6787,-17590,-28565,-21297,-35920,1
2022-03-08 09:00:00,180949,277925,5486,22639,18052,45429,3342,23959,15182,32440,3778,2204,2058,4971,12647,19066,11086,42396,-17258,1574,-96976,-2913,-6419,-17153,-27377,-20617,-31310,1
2022-03-08 10:00:00,203888,279427,4821,23206,17310,42489,3902,23998,15290,32408,3876,2298,2126,4790,12479,19002,11238,39268,-17118,1578,-75539,-2664,-6523,-18385,-25179,-20096,-28030,1
2022-03-08 11:00:00,207346,279187,4491,23625,17006,41839,3998,23946,15065,32350,3746,2318,2052,4731,12680,18854,10627,37214,-17285,1428,-71841,-2679,-6174,-19134,-24833,-19948,-26587,1
2022-03-08 12:00:00,198162,275363,4450,23090,16307,42452,3525,23755,15439,31781,3750,2345,1992,4673,12534,18472,9911,37534,-16342,1405,-77201,-2681,-5938,-18640,-26145,-20230,-27623,1
2022-03-08 13:00:00,177865,267887,4407,23062,15942,43046,2717,23779,16196,30969,3714,2397,1776,4567,12495,18895,9755,39224,-14773,1317,-90022,-2791,-6400,-18655,-27104,-21062,-29469,1
2022-03-08 14:00:00,145035,262182,3424,23473,13052,42731,2125,24149,14398,30207,3710,2338,1504,4543,12381,19208,8996,43035,-15809,1372,-117147,-3039,-6827,-20049,-29679,-22024,-34039,1
2022-03-08 15:00:00,108274,258926,1963,24021,10146,42046,1717,24419,13347,29992,3614,2294,1284,4869,12462,19862,8215,48835,-16645,1320,-150652,-3585,-7400,-22058,-31900,-22702,-40620,1
2022-03-08 16:00:00,84655,267609,1232,24971,10459,43778,1874,25128,10953,29815,3479,2315,1251,4979,12465,20111,8611,56256,-18862,1164,-182954,-3728,-7646,-23739,-33319,-23254,-47645,1
2022-03-08 17:00:00,98509,280619,1189,26112,10936,44561,1813,25212,10859,32018,3489,2457,1345,4830,12537,20036,9322,59507,-21159,1032,-182110,-3485,-7499,-24923,-33625,-23399,-50185,1
2022-03-08 18:00:00,104039,277254,1248,25908,9505,41794,1607,24590,9823,33645,3432,2528,1523,4557,12426,19625,9272,59196,-23822,904,-173215,-3034,-7199,-24660,-32289,-22983,-49924,1
2022-03-08 19:00:00,98294,261944,1273,25221,7755,38413,1406,23036,9358,32876,2998,2469,1626,4297,12160,19110,8821,56149,-23518,529,-163650,-2671,-6950,-23948,-30658,-21630,-47328,1
2022-03-08 20:00:00,93855,247478,1101,24142,7207,34754,1334,21592,7964,30006,2850,2350,1809,4101,11699,18562,9054,52689,-22042,500,-153623,-2292,-6863,-23041,-27547,-20258,-43635,1
2022-03-08 21:00:00,88760,233654,1086,23177,7206,31431,1322,20450,6578,26903,2923,2175,1813,3885,11360,17859,9667,49560,-20325,748,-144894,-2072,-6499,-22091,-24225,-19128,-39893,1
2022-03-08 22:00:00,83958,218904,1185,21995,7920,28592,1278,19475,6766,25324,2970,1932,1768,3726,11463,17415,9150,46726,-18558,1038,-134946,-1958,-5952,-20810,-20672,-18197,-37576,1
2022-03-08 23:00:00,82367,209112,1193,20842,7887,26921,1145,18853,7108,23664,2669,1700,1610,3644,11437,17164,8812,43531,-16556,969,-126745,-2034,-5727,-19649,-19034,-17708,-34719,1
2022-03-09 00:00:00,80615,205167,1171,20056,7945,26115,1186,18551,8388,22734,2860,1418,1575,3598,11366,16906,8117,41762,-14346,1442,-124552,-2023,-5540,-18885,-18170,-17365,-33645,1
2022-03-09 01:00:00,75604,204157,1194,19397,8101,25971,1240,18615,9039,22423,2948,1299,1642,3614,11516,17150,7425,40828,-13384,1649,-128553,-1972,-5634,-18203,-17870,-17375,-33403,1
2022-03-09 02:00:00,67609,206844,1171,19300,8180,26453,1307,19015,9092,22316,2624,1240,1686,3699,11536,17342,7264,40739,-13224,1384,-139235,-2013,-5806,-18129,-18273,-17708,-33475,1
2022-03-09 03:00:00,59014,212922,1142,20076,7894,28477,1366,19774,8161,22971,2616,1160,1698,3945,11718,17889,6826,41331,-14810,1456,-153908,-2247,-6171,-18934,-20583,-18408,-34505,1
2022-03-09 04:00:00,58924,230688,1146,21893,8113,33716,1375,21729,8437,25529,2755,1125,1811,4496,12202,19462,6242,43709,-17092,1630,-171764,-2685,-7260,-20747,-25603,-20354,-37467,1
2022-03-09 05:00:00,73926,257693,1391,24380,10637,39290,1515,23510,10791,29412,3016,1136,1953,4980,12332,20477,5445,48990,-18621,1880,-183767,-3027,-8145,-22989,-28653,-21995,-43545,1
2022-03-09 06:00:00,92119,270035,2063,25026,13546,43345,1854,24215,13141,31446,3832,1260,1930,5165,12325,20424,5216,52698,-18305,2572,-177916,-3235,-8099,-22963,-29799,-22361,-47482,1
2022-03-09 07:00:00,117402,277189,2898,24834,16626,44358,2450,24034,14976,31935,3412,1615,2057,5147,12388,20436,4924,50991,-16959,1797,-159787,-3090,-8048,-21936,-27732,-21584,-46067,1
2022-03-09 08:00:00,136019,277221,3987,24283,18180,43421,3046,23583,17696,31817,2168,2027,2197,5140,12442,20029,4715,46519,-14121,141,-141202,-2943,-7587,-20296,-25241,-20537,-41804,1
2022-03-09 09:00:00,156958,275093,4653,23709,19265,42791,3776,23730,21516,31681,1166,2192,2365,5026,12295,19413,3930,41748,-10165,-1026,-118135,-2661,-7118,-19056,-23526,-19954,-37818,1
2022-03-09 10:00:00,177027,275269,4940,23390,19424,40320,4009,23962,23400,31830,597,2358,2534,4894,12310,18985,3829,38742,-8430,-1761,-98242,-2360,-6675,-18450,-20896,-19953,-34913,1
2022-03-09 11:00:00,185160,273281,4690,23473,19012,39840,3984,23988,23266,31687,340,2487,2571,4814,12159,18540,4480,36993,-8421,-2147,-88121,-2243,-6381,-18783,-20828,-20004,-32513,1
2022-03-09 12:00:00,180019,267020,4133,23449,17933,40550,3761,23630,23113,31135,312,2568,2681,4784,12115,18333,4806,37339,-8022,-2256,-87001,-2103,-6218,-19316,-22617,-19869,-32533,3
2022-03-09 13:00:00,158756,261909,3296,24069,16671,41017,3290,23834,21711,30409,223,2621,2590,4721,11971,18546,4856,38926,-8698,-2398,-103153,-2131,-6575,-20773,-24346,-20544,-34070,3
2022-03-09 14:00:00,120358,255475,2330,24661,13529,41088,2680,24062,18012,29886,159,2551,2336,4637,12090,18546,4740,42302,-11874,-2392,-135117,-2301,-6456,-22331,-27559,-21382,-37562,3
2022-03-09 15:00:00,84476,252446,1569,24764,10597,40813,1992,24293,15104,29547,140,2513,2073,4966,12622,19178,4499,48280,-14443,-2373,-167970,-2893,-6556,-23195,-30216,-22301,-43781,1
2022-03-09 16:00:00,69440,259877,1202,25260,9888,43019,2141,24974,14238,29476,86,2576,2042,5087,13344,19809,4663,56050,-15238,-2490,-190437,-3045,-6465,-24058,-33131,-22833,-51387,1
2022-03-09 17:00:00,82590,274640,1206,26045,10254,43717,2612,25089,13323,31766,53,2741,2559,4915,13794,19784,5598,58771,-18443,-2688,-192050,-2356,-5990,-24839,-33463,-22477,-53173,3
2022-03-09 18:00:00,92510,273150,1269,25707,9111,41255,2622,24481,12975,33274,135,2799,2645,4651,14053,19405,6676,58415,-20299,-2664,-180640,-2006,-5352,-24438,-32144,-21859,-51739,3
2022-03-09 19:00:00,91430,259842,1384,24926,8352,38090,2725,23014,12135,32305,122,2737,2638,4389,14044,18819,6424,55441,-20170,-2615,-168412,-1751,-4775,-23542,-29738,-20289,-49017,3
2022-03-09 20:00:00,90506,244788,1313,23848,7963,34375,2726,21408,10283,29495,30,2602,2765,4123,13848,17906,6281,52142,-19212,-2572,-154282,-1358,-4058,-22535,-26412,-18682,-45861,3
2022-03-09 21:00:00,85791,232961,1471,23010,7460,30904,2660,20154,8543,26763,11,2408,3147,3929,13565,17003,6498,48710,-18220,-2397,-147170,-782,-3438,-21539,-23444,-17494,-42212,3
2022-03-09 22:00:00,81858,219056,1475,21817,7616,27928,2587,19098,7616,25166,5,2172,3312,3721,13365,16699,6618,45862,-17550,-2167,-137198,-409,-3334,-20342,-20312,-16511,-39244,3
2022-03-09 23:00:00,78327,208205,1483,20551,7533,26219,2417,18505,8009,23721,8,1894,3486,3665,13375,16573,5490,43335,-15712,-1886,-129878,-179,-3198,-19068,-18686,-16088,-37845,3
2022-03-10 00:00:00,79545,202546,1411,19727,6987,25463,2281,18252,8067,22691,82,1668,3536,3649,13257,16300,5311,41620,-14624,-1586,-123001,-113,-3043,-18316,-18476,-15971,-36309,3
2022-03-10 01:00:00,81517,201820,1476,19104,6796,25193,2266,18385,8461,22295,75,1526,3611,3671,13211,16390,5543,41017,-13834,-1451,-120303,-60,-3179,-17628,-18397,-16119,-35474,3
2022-03-10 02:00:00,85059,206222,1419,19030,6637,25694,2420,18740,8410,22220,15,1530,3690,3731,13239,16745,4844,40933,-13810,-1515,-121163,-41,-3506,-17611,-19057,-16320,-36089,3
2022-03-10 03:00:00,84143,214765,1488,19880,5834,27764,2558,19382,7938,22794,58,1481,3648,3978,13457,17426,3900,41382,-14856,-1423,-130622,-330,-3969,-18392,-21930,-16824,-37482,3
2022-03-10 04:00:00,83629,230941,1298,21699,7643,32859,2715,21325,8447,25296,78,1449,3659,4540,13989,18942,3553,43580,-16849,-1371,-147312,-881,-4953,-20401,-25216,-18610,-40027,3
2022-03-10 05:00:00,99092,258358,1580,23975,10055,38635,2848,22615,9794,28939,154,1440,3723,4994,14360,19848,3745,48548,-19145,-1286,-159266,-1271,-5488,-22395,-28580,-19767,-44803,3
2022-03-10 06:00:00,123523,272539,2893,24299,12868,42374,3399,22833,12061,30907,404,1537,4063,5124,14184,19672,4027,52657,-18846,-1133,-149016,-1061,-5488,-21406,-29506,-19434,-48630,3
2022-03-10 07:00:00,144094,277491,4223,23655,14752,42781,4426,22729,14787,31673,609,1857,4316,5099,14271,19637,4483,51223,-16886,-1248,-133397,-783,-5366,-19432,-28029,-18303,-46740,3
2022-03-10 08:00:00,154495,275533,5320,22824,16193,41694,5388,22524,17033,31464,806,2245,4521,5088,14189,19432,4709,46467,-14431,-1439,-121038,-567,-5243,-17504,-25501,-17136,-41758,3
2022-03-10 09:00:00,179911,276254,6106,22249,17410,40741,5718,22684,19388,31369,1070,2410,4593,4999,13912,19049,4421,41535,-11981,-1340,-96343,-406,-5137,-16143,-23331,-16966,-37114,3
2022-03-10 10:00:00,205153,277732,6435,21990,18026,38411,5829,22811,21247,31222,1860,2471,4772,4763,13859,19032,4675,38464,-9975,-611,-72579,9,-5173,-15555,-20385,-16982,-33789,3
2022-03-10 11:00:00,211394,273427,6484,21788,17988,38115,5630,22869,21407,31141,2516,2381,5011,4738,13702,18933,5244,36709,-9734,135,-62033,273,-5231,-15304,-20127,-17239,-31465,3
2022-03-10 12:00:00,214732,267756,6194,21710,16939,39149,5100,22842,21885,30772,3180,2287,5108,4721,13588,18672,6632,36785,-8887,893,-53024,387,-5084,-15516,-22210,-17742,-30153,1
2022-03-10 13:00:00,201310,262452,5178,22319,14226,39696,4338,23328,22227,30007,3302,2231,5093,4776,13720,19049,7053,38595,-7780,1071,-61142,317,-5329,-17141,-25470,-18990,-31542,1
2022-03-10 14:00:00,175317,257611,3668,23154,10959,40159,3702,23991,21742,29523,3210,2119,4451,4874,13760,19296,6673,42539,-7781,1091,-82294,-423,-5536,-19486,-29200,-20289,-35866,1
2022-03-10 15:00:00,150771,257083,1794,24078,8701,39860,3619,24315,20190,29439,3302,2079,4244,5154,13895,19952,6330,48388,-9249,1223,-106312,-910,-6057,-22284,-31159,-20696,-42058,1
2022-03-10 16:00:00,142037,265087,835,25166,8750,42117,3970,25143,17291,29505,3172,2132,4489,5225,13919,20346,7017,55524,-12214,1040,-123050,-736,-6427,-24331,-33367,-21173,-48507,1
2022-03-10 17:00:00,160498,279813,889,26555,9452,43156,3973,25227,16235,31766,3176,2310,4513,4917,14139,19837,8171,58369,-15531,866,-119315,-404,-5698,-25666,-33704,-21254,-50198,1
2022-03-10 18:00:00,162258,278331,1250,26349,7100,40621,3779,24700,16126,33147,3345,2442,4130,4772,14134,19381,8994,58431,-17021,903,-116073,-642,-5247,-25099,-33521,-20921,-49437,1
2022-03-10 19:00:00,161334,263237,1213,25613,5930,37557,3749,23197,15489,32365,3360,2432,4243,4497,13963,18621,10347,55979,-16876,928,-101903,-254,-4658,-24400,-31627,-19448,-45632,1
2022-03-10 20:00:00,164933,248566,1252,24583,4827,33310,3535,21546,15714,29662,3435,2319,3821,4343,13729,17969,10968,52268,-13948,1116,-83633,-522,-4240,-23331,-28483,-18011,-41300,1
2022-03-10 21:00:00,162316,235727,1239,23610,4594,30296,3372,20340,16523,26772,3320,2125,3733,4143,13410,17519,11493,49092,-10249,1195,-73411,-410,-4109,-22371,-25702,-16968,-37599,1
2022-03-10 22:00:00,160966,223221,1215,22436,3546,27557,3234,19262,17411,25252,3184,1892,3297,3988,13116,17117,11867,46205,-7841,1292,-62255,-691,-4001,-21221,-24011,-16028,-34338,1
2022-03-10 23:00:00,165504,218445,1161,21240,3262,25795,2982,18805,17886,23846,3165,849,3062,3920,12905,16634,12592,43816,-5960,2316,-52941,-858,-3729,-20079,-22533,-15823,-31224,1
2022-03-11 00:00:00,166004,212978,994,20455,3174,24994,2870,18506,17994,22724,3034,665,3095,3825,12698,16323,14410,42284,-4730,2369,-46974,-730,-3625,-19461,-21820,-15636,-27874,1
2022-03-11 01:00:00,168174,211256,963,19849,3197,24734,2872,18605,18572,22314,2690,1234,3223,3838,12458,16541,14441,41238,-3742,1456,-43082,-615,-4083,-18886,-21537,-15733,-26797,1
2022-03-11 02:00:00,164215,213164,919,19759,3363,25238,2945,18857,19078,22327,2564,1202,3300,3903,12401,16540,14601,40856,-3249,1362,-48949,-603,-4139,-18840,-21875,-15912,-26255,1
2022-03-11 03:00:00,156778,219067,825,20497,3476,27193,2973,19743,19846,22964,2562,1152,3300,4132,12467,17078,15593,41275,-3118,1410,-62289,-832,-4611,-19672,-23717,-16770,-25682,1
2022-03-11 04:00:00,155727,235379,801,22205,3821,31912,3185,21587,19354,25549,2678,1126,3904,4672,13154,18660,15493,43417,-6195,1552,-79652,-768,-5506,-21404,-28091,-18402,-27924,1
2022-03-11 05:00:00,172954,261515,1491,24187,5858,37326,3542,22989,16613,28799,3035,1135,4612,5067,13447,19673,15671,48203,-12186,1900,-88561,-455,-6226,-22696,-31468,-19447,-32532,1
2022-03-11 06:00:00,191059,277502,3568,23699,9279,41527,4176,23199,16660,30738,3333,1264,5500,5150,13253,19797,14933,51566,-14078,2069,-86443,350,-6544,-20131,-32248,-19023,-36633,1
2022-03-11 07:00:00,207407,284434,5576,22627,11117,42791,5313,22791,16925,31697,3382,1579,6026,4957,13364,19991,14656,49738,-14772,1803,-77027,1069,-6627,-17051,-31674,-17478,-35082,1
2022-03-11 08:00:00,229116,280834,6942,21744,12049,42451,6183,22388,16718,32305,3392,1962,6428,5070,13033,19707,14329,45940,-15587,1430,-51718,1358,-6674,-14802,-30402,-16205,-31611,1
2022-03-11 09:00:00,263939,279836,7556,21238,12628,42060,6819,22417,17161,32287,3298,2140,6423,4978,12049,18383,14024,41659,-15126,1158,-15897,1445,-6334,-13682,-29432,-15598,-27635,3
2022-03-11 10:00:00,284503,280017,7698,21105,12490,40103,7201,22520,17450,32221,3014,2224,6054,4926,11250,17948,14623,38889,-14771,790,4486,1128,-6698,-13407,-27613,-15319,-24266,2
2022-03-11 11:00:00,281059,276584,7583,21079,12224,39234,7083,22692,18240,32170,2960,2219,5802,4855,10677,17358,14987,37419,-13930,741,4475,947,-6681,-13496,-27010,-15609,-22432,2
2022-03-11 12:00:00,270670,270884,7065,20940,11575,40542,6346,22549,18286,31627,2820,2251,6065,4608,10425,17136,15462,37687,-13341,569,-214,1457,-6711,-13875,-28967,-16203,-22225,3
2022-03-11 13:00:00,248973,262753,5903,21603,9687,40448,5396,23002,17219,30699,2034,2283,6267,4522,10895,17197,15856,39341,-13480,-249,-13780,1745,-6302,-15700,-30761,-17606,-23485,3
2022-03-11 14:00:00,234830,260767,4069,22691,7563,40624,4257,23811,15546,30381,1454,2180,5356,4722,12875,17930,16226,43364,-14835,-726,-25937,634,-5055,-18622,-33061,-19554,-27138,3
2022-03-11 15:00:00,200481,260070,1917,23794,5719,40244,3461,24143,13685,30194,1104,2151,4864,4999,13248,18788,16049,49835,-16509,-1047,-59589,-135,-5540,-21877,-34525,-20682,-33786,3
2022-03-11 16:00:00,187419,268248,821,24898,6643,42206,4035,25012,12323,30188,882,2180,4778,5079,13367,18946,15691,55747,-17865,-1298,-80829,-301,-5579,-24077,-35563,-20977,-40056,3
2022-03-11 17:00:00,193916,278344,768,26044,7730,43059,4186,25049,12834,31679,653,2281,4903,4763,13302,18349,16222,57202,-18845,-1628,-84428,140,-5047,-25276,-35329,-20863,-40980,3
2022-03-11 18:00:00,188173,274796,773,25776,5573,40273,3812,24333,11965,32478,479,2418,4591,4575,13352,17749,15801,56274,-20513,-1939,-86623,16,-4397,-25003,-34700,-20521,-40473,3
2022-03-11 19:00:00,175211,257365,783,25121,4140,37141,3720,22714,11169,31634,394,2474,4641,4381,13324,17174,15741,53304,-20465,-2080,-82154,260,-3850,-24338,-33001,-18994,-37563,3
2022-03-11 20:00:00,171230,241328,801,24153,4003,33328,3721,21162,10081,29076,241,2374,4373,4113,13282,16537,15640,50405,-18995,-2133,-70098,260,-3255,-23352,-29325,-17441,-34765,3
2022-03-11 21:00:00,162334,229717,890,23390,3755,30244,3570,20026,8929,26627,196,2193,4354,3943,13085,15827,15802,47465,-17698,-1997,-67383,411,-2742,-22500,-26489,-16456,-31663,3
2022-03-11 22:00:00,159763,218275,1050,22243,4004,27477,3504,19035,10451,25137,148,1997,4064,3834,12953,15878,15468,45009,-14686,-1849,-58512,230,-2925,-21193,-23473,-15531,-29541,3
2022-03-11 23:00:00,158127,206653,1027,21005,3472,25750,3421,18514,10529,23481,138,1779,3561,3676,12842,15987,15679,42160,-12952,-1641,-48526,-115,-3145,-19978,-22278,-15093,-26481,3
2022-03-12 00:00:00,153681,199665,1010,20221,3914,24854,3411,18132,10924,22221,196,1571,3397,3552,12769,16116,16125,40494,-11297,-1375,-45984,-155,-3347,-19211,-20940,-14721,-24369,3
2022-03-12 01:00:00,152925,198214,1095,19525,4130,24697,3330,18012,12214,21489,200,1437,3430,3523,12578,16024,16205,39655,-9275,-1237,-45289,-93,-3446,-18430,-20567,-14682,-23450,3
2022-03-12 02:00:00,146688,195086,1149,19225,4314,24693,3221,18166,13850,21307,172,1425,3588,3561,12538,16017,16130,39409,-7457,-1253,-48398,27,-3479,-18076,-20379,-14945,-23279,3
2022-03-12 03:00:00,142291,196450,1169,19547,4420,25399,3164,18189,13504,21338,264,1375,3589,3632,12708,16239,15870,39356,-7834,-1111,-54159,-43,-3531,-18378,-20979,-15025,-23486,3
2022-03-12 04:00:00,138821,198143,1082,19892,4935,27525,3059,18526,12568,21859,296,1348,3599,3800,12803,16496,15445,39824,-9291,-1052,-59322,-201,-3693,-18810,-22590,-15467,-24379,3
2022-03-12 05:00:00,146455,204125,1787,20542,6661,30285,3218,19321,13267,22590,316,1349,4215,3965,12989,16764,15224,41591,-9323,-1033,-57670,250,-3775,-18755,-23624,-16103,-26367,3
2022-03-12 06:00:00,156633,216735,3699,20634,10304,33479,3249,19817,15004,24104,652,1382,4866,4162,12945,17063,14691,42737,-9100,-730,-60102,704,-4118,-16935,-23175,-16568,-28046,3
2022-03-12 07:00:00,170745,228337,5562,20154,12339,34872,3957,20122,18535,26426,756,1504,4909,4254,12795,17436,13946,42705,-7891,-748,-57592,655,-4641,-14592,-22533,-16165,-28759,3
2022-03-12 08:00:00,194667,235961,6865,19630,13085,34335,4650,20201,20197,27641,732,1672,5147,4243,12573,17313,13001,41399,-7444,-940,-41294,904,-4740,-12765,-21250,-15551,-28398,3
2022-03-12 09:00:00,215791,239948,7494,19290,13625,32886,4979,20048,22244,27947,898,1856,5069,4129,12347,16709,13020,40449,-5703,-958,-24157,940,-4362,-11796,-19261,-15069,-27429,3
2022-03-12 10:00:00,222097,238750,7681,19142,13909,31166,5160,19849,25002,27727,880,2008,5119,4077,12109,16085,11827,38534,-2725,-1128,-16653,1042,-3976,-11461,-17257,-14689,-26707,3
2022-03-12 11:00:00,215407,230960,7557,18821,13701,29263,4984,19736,26888,27801,972,2064,4938,3951,11962,15663,9785,36155,-913,-1092,-15553,987,-3701,-11264,-15562,-14752,-26370,3
2022-03-12 12:00:00,197228,222333,6956,18584,13521,29523,4305,19367,26360,27312,1037,2038,4750,3865,11988,15644,7719,35285,-952,-1001,-25105,885,-3656,-11628,-16002,-15062,-27566,3
2022-03-12 13:00:00,169826,217404,5787,18923,12171,29989,3566,19634,24579,26060,1040,1954,4650,3825,11999,15859,5536,37433,-1481,-914,-47578,825,-3860,-13136,-17818,-16068,-31897,3
2022-03-12 14:00:00,139069,211924,4051,19895,8541,30746,2826,20437,21090,25169,621,1897,4259,3952,12200,16222,4717,40040,-4079,-1276,-72855,307,-4022,-15844,-22205,-17611,-35323,3
2022-03-12 15:00:00,116098,213672,2016,21234,7214,32102,2487,20914,17051,25081,610,936,3845,4297,12344,16756,5072,43807,-8030,-326,-97574,-452,-4412,-19218,-24888,-18427,-38735,1
2022-03-12 16:00:00,110076,225961,1051,22489,8928,35559,2924,21905,14614,25494,1146,0,3777,4464,12613,17315,5891,49633,-10880,1146,-115885,-687,-4702,-21438,-26631,-18981,-43742,1
2022-03-12 17:00:00,125059,240009,1073,23672,9347,37410,3155,21792,15283,27590,1699,0,3840,4238,12665,16877,6111,52514,-12307,1699,-114950,-398,-4212,-22599,-28063,-18637,-46403,1
2022-03-12 18:00:00,137921,236935,1120,23602,7253,34866,3018,21264,15439,28895,2739,1101,3883,4076,12649,16382,7370,51797,-13456,1638,-99014,-193,-3733,-22482,-27613,-18246,-44427,1
2022-03-12 19:00:00,141338,223396,1165,22936,5910,32166,2728,20204,14283,28596,3340,2181,3540,3962,12587,15973,8909,49528,-14313,1159,-82058,-422,-3386,-21771,-26256,-17476,-40619,1
2022-03-12 20:00:00,135413,214356,1241,22024,4874,29470,2648,19159,13930,26769,3350,1984,3142,3781,12580,15736,11114,47233,-12839,1366,-78943,-639,-3156,-20783,-24596,-16511,-36119,1
2022-03-12 21:00:00,127139,205698,1206,21045,4903,26883,2545,17924,12981,24756,3138,923,3272,3594,12386,15403,13346,45243,-11775,2215,-78559,-322,-3017,-19839,-21980,-15379,-31897,1
2022-03-12 22:00:00,119994,194733,1218,20020,6306,24793,2290,16896,13228,23137,2980,802,3037,3538,12440,15381,12946,42668,-9909,2178,-74739,-501,-2941,-18802,-18487,-14606,-29722,1
2022-03-12 23:00:00,113732,184749,1135,19131,5676,23096,2212,16298,12999,21631,2745,748,3236,3289,12254,15256,13247,40375,-8632,1997,-71017,-53,-3002,-17996,-17420,-14086,-27128,1
2022-03-13 00:00:00,110177,179483,1053,18605,5163,22156,2034,15948,12787,20519,3044,0,3426,3232,12327,15522,12604,38986,-7732,3044,-69306,194,-3195,-17552,-16993,-13914,-26382,1
2022-03-13 01:00:00,108842,178701,1079,17993,5123,21774,2025,15835,14343,19860,3014,582,3717,3232,12343,15745,13324,38129,-5517,2432,-69859,485,-3402,-16914,-16651,-13810,-24805,1
2022-03-13 02:00:00,108331,178395,1056,17658,5106,21689,2107,15969,13887,19592,2765,1125,3825,3345,12331,16285,13341,38213,-5705,1640,-70064,480,-3954,-16602,-16583,-13862,-24872,1
2022-03-13 03:00:00,109387,181559,1045,17919,5279,22351,2092,15938,14081,19573,2464,1041,3962,3317,12465,16717,12696,38054,-5492,1423,-72172,645,-4252,-16874,-17072,-13846,-25358,1
2022-03-13 04:00:00,114211,182280,1080,18181,5607,22785,2273,15810,13196,19980,2288,500,4375,3543,12419,17043,12229,38106,-6784,1788,-68069,832,-4624,-17101,-17178,-13537,-25877,1
2022-03-13 05:00:00,115159,180499,1649,18802,7372,23972,2791,16014,12681,20067,2537,467,4670,3646,12339,17276,11719,38730,-7386,2070,-65340,1024,-4937,-17153,-16600,-13223,-27011,1
2022-03-13 06:00:00,129989,190911,3226,19102,10817,26205,3309,16456,13303,20719,2688,988,4747,3814,12203,16885,12184,39814,-7416,1700,-60922,933,-4682,-15876,-15388,-13147,-27630,1
2022-03-13 07:00:00,152747,203449,4904,18848,13063,27699,4002,16656,14902,22671,3172,1043,4956,3870,12168,16773,12103,40244,-7769,2129,-50702,1086,-4605,-13944,-14636,-12654,-28141,1
2022-03-13 08:00:00,179551,211837,6406,18416,15020,28308,4933,16790,17916,24354,3141,1184,5163,4001,12177,16634,11536,38365,-6438,1957,-32286,1162,-4457,-12010,-13288,-11857,-26829,1
2022-03-13 09:00:00,203634,216240,7296,18027,15245,28136,5548,16866,19424,25000,3536,1388,4930,4036,11969,16198,10519,33962,-5576,2148,-12606,894,-4229,-10731,-12891,-11318,-23443,1
2022-03-13 10:00:00,214853,221054,7672,17677,15208,28191,5799,16947,20692,25097,3920,1612,5259,3832,11491,15697,9227,31392,-4405,2308,-6201,1427,-4206,-10005,-12983,-11148,-22165,1
2022-03-13 11:00:00,215891,212431,7596,17165,15063,26858,5740,16902,19788,25417,3826,1800,5190,3885,10781,15293,8116,30412,-5629,2026,3460,1305,-4512,-9569,-11795,-11162,-22296,2
2022-03-13 12:00:00,206975,203218,7090,16959,13930,26805,5397,16807,19889,25205,3782,1886,5068,3851,10955,15381,7932,30337,-5316,1896,3757,1217,-4426,-9869,-12875,-11410,-22405,2
2022-03-13 13:00:00,193857,197659,5956,17382,12101,26815,4748,16973,18995,24014,3452,1939,4776,3906,11804,15858,8089,32166,-5019,1513,-3802,870,-4054,-11426,-14714,-12225,-24077,1
2022-03-13 14:00:00,168963,196088,4222,18370,7892,27240,3819,17951,16955,23396,2998,1830,4845,4020,12161,16438,7873,35394,-6441,1168,-27125,825,-4277,-14148,-19348,-14132,-27521,1
2022-03-13 15:00:00,142331,203156,2200,19688,5469,28279,3381,18665,13284,23196,2862,1731,4931,4350,12677,16948,7554,40992,-9912,1131,-60825,581,-4271,-17488,-22810,-15284,-33438,1
2022-03-13 16:00:00,126811,217079,1167,21022,6207,31761,3998,19952,10371,23850,2790,1763,4822,4442,13151,17700,7613,48290,-13479,1027,-90268,380,-4549,-19855,-25554,-15954,-40677,1
2022-03-13 17:00:00,132593,230154,1234,22468,7426,33918,4569,20209,10325,26234,2765,1885,4779,4293,13416,18136,8709,51632,-15909,880,-97561,486,-4720,-21234,-26492,-15640,-42923,1
2022-03-13 18:00:00,131223,227551,1450,22435,6134,32549,4748,19800,11672,28333,2934,2039,4696,4093,13330,17870,9422,51428,-16661,895,-96328,603,-4540,-20985,-26415,-15052,-42006,1
2022-03-13 19:00:00,133365,217791,1584,21821,4627,30431,4770,18913,11639,28465,3013,2115,3848,4039,13208,16556,10056,49291,-16826,898,-84426,-191,-3348,-20237,-25804,-14143,-39235,1
2022-03-13 20:00:00,132245,212097,1571,21043,3785,27904,4589,18105,12192,26909,2742,2099,3904,3824,13075,15814,9422,46770,-14717,643,-79852,80,-2739,-19472,-24119,-13516,-37348,1
2022-03-13 21:00:00,120854,209291,1544,20127,2971,25431,4420,17272,11947,24670,2640,1930,3597,3656,12954,15350,8302,44214,-12723,710,-88437,-59,-2396,-18583,-22460,-12852,-35912,1
2022-03-13 22:00:00,117862,200466,1639,19250,2646,23501,4236,16537,11307,22998,2619,1743,2897,3544,12716,15264,7345,41927,-11691,876,-82604,-647,-2548,-17611,-20855,-12301,-34582,1
2022-03-13 23:00:00,114853,191987,1760,18301,3376,22176,3889,16139,11250,21683,2540,1511,2935,3447,12567,15464,6551,40202,-10433,1029,-77134,-512,-2897,-16541,-18800,-12250,-33651,1
2022-03-14 00:00:00,110937,184836,1813,17732,3952,21439,3668,15981,12417,20956,2783,1330,3464,3383,12515,15513,5890,38967,-8539,1453,-73899,81,-2998,-15919,-17487,-12313,-33077,1
2022-03-14 01:00:00,101773,183186,1776,17246,3916,21523,3610,16117,13708,20677,2698,1218,3665,3426,12612,15519,4254,37733,-6969,1480,-81413,239,-2907,-15470,-17607,-12507,-33479,1
2022-03-14 02:00:00,94905,189141,1787,17066,3588,22017,3599,16715,15138,20666,2502,1194,3367,3548,12573,16234,3997,37816,-5528,1308,-94236,-181,-3661,-15279,-18429,-13116,-33819,1
2022-03-14 03:00:00,93486,198501,1776,17509,3070,24399,3565,17759,15891,21551,2488,1150,3711,3704,12745,17476,4711,38595,-5660,1338,-105015,7,-4731,-15733,-21329,-14194,-33884,1
2022-03-14 04:00:00,92746,218308,1712,18186,3733,29807,3612,20364,16664,24562,2603,1082,4047,4358,13210,19070,4251,41010,-7898,1521,-125562,-311,-5860,-16474,-26074,-16752,-36759,1
2022-03-14 05:00:00,96254,250543,2334,18632,6310,35475,3665,21952,17957,28114,2181,1117,4158,4765,13121,20160,3238,46176,-10157,1064,-154289,-607,-7039,-16298,-29165,-18287,-42938,1
2022-03-14 06:00:00,104695,271596,4145,18630,10019,39827,3932,22425,19314,30657,1756,1258,4019,4892,12984,19999,3937,51858,-11343,498,-166901,-873,-7015,-14485,-29808,-18493,-47921,1
2022-03-14 07:00:00,116852,279239,5986,18167,11937,41207,4785,22194,19891,32014,1472,1558,3709,4845,12789,19655,4298,54273,-12123,-86,-162387,-1136,-6866,-12181,-29270,-17409,-49975,1
2022-03-14 08:00:00,127185,279162,7380,17659,12812,40636,5796,21698,20630,32897,1602,2000,3504,4866,12701,18983,3413,53903,-12267,-398,-151977,-1362,-6282,-10279,-27824,-15902,-50490,1
2022-03-14 09:00:00,137143,281014,7895,17243,13190,39887,6315,21774,21352,33265,2276,2223,3275,4799,12587,17891,3641,52000,-11913,53,-143871,-1524,-5304,-9348,-26697,-15459,-48359,1
2022-03-14 10:00:00,139448,282547,7961,17145,13426,37807,6620,21879,22528,33443,2213,2311,3172,4663,12372,17082,3981,48955,-10915,-98,-143099,-1491,-4710,-9184,-24381,-15259,-44974,1
2022-03-14 11:00:00,137944,278794,7708,16905,13459,38158,6555,22192,23594,33346,1937,2280,2979,4600,12521,16911,4373,45858,-9752,-343,-140850,-1621,-4390,-9197,-24699,-15637,-41485,1
2022-03-14 12:00:00,131408,271746,7044,16847,12532,39370,6076,22116,23488,32872,1946,2191,2870,4503,12576,16929,4525,43849,-9384,-245,-140338,-1633,-4353,-9803,-26838,-16040,-39324,1
2022-03-14 13:00:00,123113,267931,5769,17332,10280,39679,5271,22519,22691,31835,1642,2187,2493,4434,12442,17156,4675,43141,-9144,-545,-144818,-1941,-4714,-11563,-29399,-17248,-38466,1
2022-03-14 14:00:00,104025,261088,3955,18246,8228,39885,4000,23124,22226,31319,2090,2057,2159,4474,12323,17691,4293,43704,-9093,33,-157063,-2315,-5368,-14291,-31657,-19124,-39411,1
2022-03-14 15:00:00,83019,257847,1965,19524,5903,39307,3268,23415,21952,31005,1810,2027,1767,4866,12356,18225,3869,47973,-9053,-217,-174828,-3099,-5869,-17559,-33404,-20147,-44104,1
2022-03-14 16:00:00,66459,262190,1010,20894,6527,41137,3814,24240,21072,30786,1260,2115,1712,4876,12193,18606,2833,55290,-9714,-855,-195731,-3164,-6413,-19884,-34610,-20426,-52457,1
2022-03-14 17:00:00,74128,271600,1009,22300,7130,42050,4063,24353,21633,32407,543,2290,1599,4657,12597,18591,2314,57774,-10774,-1747,-197472,-3058,-5994,-21291,-34920,-20290,-55460,1
2022-03-14 18:00:00,74257,267489,1020,22195,5312,39767,4010,23764,22844,33542,552,2428,1497,4434,12562,17418,2220,57916,-10698,-1876,-193232,-2937,-4856,-21175,-34455,-19754,-55696,1
2022-03-14 19:00:00,70199,252030,964,21490,4807,37047,3981,22273,21671,32353,766,2446,1404,4207,12616,17118,1952,55521,-10682,-1680,-181831,-2803,-4502,-20526,-32240,-18292,-53569,1
2022-03-14 20:00:00,67708,239805,955,20543,4244,33256,3688,20675,19224,29517,1138,2409,1403,3926,12235,16710,1664,52402,-10293,-1271,-172097,-2523,-4475,-19588,-29012,-16987,-50738,1
2022-03-14 21:00:00,66013,227228,963,19603,4037,30167,3387,19452,17710,26700,1605,2220,1384,3675,11965,16295,1398,48715,-8990,-615,-161215,-2291,-4330,-18640,-26130,-16065,-47317,1
2022-03-14 22:00:00,61308,214662,974,18625,4043,27560,2990,18526,17167,24911,2020,1967,1428,3500,11930,16005,1419,45761,-7744,53,-153354,-2072,-4075,-17651,-23517,-15536,-44342,1
2022-03-14 23:00:00,57496,201325,985,17685,4691,26344,2842,18084,17440,23451,1960,1692,1511,3363,11835,16285,1485,43159,-6011,268,-143829,-1852,-4450,-16700,-21653,-15242,-41674,1
2022-03-15 00:00:00,56004,195883,1025,17077,5024,25434,2576,17829,18059,22492,2270,1481,1531,3359,11686,16710,1465,41483,-4433,789,-139879,-1828,-5024,-16052,-20410,-15253,-40018,1
2022-03-15 01:00:00,59277,195894,1023,16539,4797,25142,2406,17886,17704,22151,2394,1349,1408,3386,11488,16805,1396,40686,-4447,1045,-136617,-1978,-5317,-15516,-20345,-15480,-39290,1
2022-03-15 02:00:00,61487,199681,996,16317,4800,25537,2254,18344,16885,22149,2132,1339,1302,3448,11479,17224,1350,40722,-5264,793,-138194,-2146,-5745,-15321,-20737,-16090,-39372,1
2022-03-15 03:00:00,54698,207263,931,16570,4262,27230,2117,19073,15880,22735,2269,1293,1284,3714,11607,18134,1437,41016,-6855,976,-152565,-2430,-6527,-15639,-22968,-16956,-39579,1
2022-03-15 04:00:00,46123,222500,912,16796,4638,31746,2121,21009,16299,25523,2474,1259,1299,4261,11984,19327,1432,42980,-9224,1215,-176377,-2962,-7343,-15884,-27108,-18888,-41548,1
2022-03-15 05:00:00,48572,248532,1607,17032,6303,36956,2379,22497,17391,28633,2417,1257,1406,4790,11901,20038,1270,47932,-11242,1160,-199960,-3384,-8137,-15425,-30653,-20118,-46662,1
2022-03-15 06:00:00,60780,265178,3366,17182,9567,41404,2787,22947,18479,30735,2559,1354,1549,4915,11848,19955,1479,53390,-12256,1205,-204398,-3366,-8107,-13816,-31837,-20160,-51911,1
2022-03-15 07:00:00,70669,274497,4878,17025,11259,42317,3149,22773,20146,31632,2516,1645,1564,4968,11676,19249,1780,55636,-11486,871,-203828,-3404,-7573,-12147,-31058,-19624,-53856,1
2022-03-15 08:00:00,78465,276147,5970,16883,12550,42454,3810,22603,20545,32014,2142,2036,1740,4982,11590,18624,1101,54884,-11469,106,-197682,-3242,-7034,-10913,-29904,-18793,-53783,1
2022-03-15 09:00:00,81241,280915,6443,16775,12973,41964,3989,22645,21395,32053,2272,2217,1966,4954,11621,18171,1046,52399,-10658,55,-199674,-2988,-6550,-10332,-28991,-18656,-51353,1
2022-03-15 10:00:00,82272,284217,6524,16790,13059,40251,3959,22626,22354,32317,2280,2308,2037,4806,11644,17886,1289,49869,-9963,-28,-201945,-2769,-6242,-10266,-27192,-18667,-48580,1
2022-03-15 11:00:00,76555,280937,6345,16620,13123,40303,3938,22970,22103,32305,2346,2286,2048,4684,11615,17422,1409,46398,-10202,60,-204382,-2636,-5807,-10275,-27180,-19032,-44989,1
2022-03-15 12:00:00,69017,273839,5243,16960,12297,40647,3110,22916,21682,31873,2570,2236,1915,4694,11561,17379,1224,44131,-10191,334,-204822,-2779,-5818,-11717,-28350,-19806,-42907,1
2022-03-15 13:00:00,60196,269525,3626,18013,10394,40565,2143,23187,21489,31073,2652,2272,1713,4572,11610,17847,1476,44823,-9584,380,-209329,-2859,-6237,-14387,-30171,-21044,-43347,1
2022-03-15 14:00:00,49312,266437,2347,18701,7716,40376,1680,23475,21024,30630,2626,2204,1491,4508,11421,18272,1608,46729,-9606,422,-217125,-3017,-6851,-16354,-32660,-21795,-45121,1
2022-03-15 15:00:00,44934,263787,1532,19539,6046,39925,1681,23627,20268,30313,2404,2201,1329,4864,11504,18493,1412,49680,-10045,203,-218853,-3535,-6989,-18007,-33879,-21946,-48268,1
2022-03-15 16:00:00,49579,267484,1225,20671,6619,41618,1466,24305,19732,30062,2082,2239,1272,4943,11586,18706,1191,56510,-10330,-157,-217905,-3671,-7120,-19446,-34999,-22839,-55319,1
2022-03-15 17:00:00,58750,273435,1220,21812,8133,42762,1701,24325,19231,31747,1904,2427,1295,4803,11959,18242,1458,58201,-12516,-523,-214685,-3508,-6283,-20592,-34629,-22624,-56743,1
2022-03-15 18:00:00,60177,268233,1307,21687,5879,40124,1783,23741,20342,33121,1782,2531,1311,4558,12168,17506,1991,57729,-12779,-749,-208056,-3247,-5338,-20380,-34245,-21958,-55738,1
2022-03-15 19:00:00,54666,253091,1302,20863,4844,36975,1532,22303,19268,32015,1126,2494,1119,4313,12448,16925,2614,55042,-12747,-1368,-198425,-3194,-4477,-19561,-32131,-20771,-52428,1
2022-03-15 20:00:00,48928,238679,1255,19732,4479,33038,1419,20827,16623,29181,404,2397,1108,4007,12151,16374,3564,52170,-12558,-1993,-189751,-2899,-4223,-18477,-28559,-19408,-48606,1
2022-03-15 21:00:00,46125,226342,1173,18664,4217,30002,1316,19639,14497,26343,289,2240,1110,3767,12060,15721,4080,48979,-11846,-1951,-180217,-2657,-3661,-17491,-25785,-18323,-44899,1
2022-03-15 22:00:00,44687,211782,1174,17645,4519,27434,1374,18672,12547,24884,232,2006,1060,3612,11775,15385,3808,46018,-12337,-1774,-167095,-2552,-3610,-16471,-22915,-17298,-42210,1
2022-03-15 23:00:00,42834,200178,1043,16773,4512,25849,1372,18071,11228,23519,294,1752,1064,3510,11609,15091,3119,43276,-12291,-1458,-157344,-2446,-3482,-15730,-21337,-16699,-40157,1
2022-03-16 00:00:00,44199,194648,843,16295,4570,25177,1333,17727,10205,22559,296,1529,1094,3464,11661,15558,3143,41381,-12354,-1233,-150449,-2370,-3897,-15452,-20607,-16394,-38238,1
2022-03-16 01:00:00,49286,193684,790,15839,5004,25069,1324,17771,9444,22176,368,1409,1132,3458,11622,15872,3477,40878,-12732,-1041,-144398,-2326,-4250,-15049,-20065,-16447,-37401,1
2022-03-16 02:00:00,53077,197414,826,15753,4879,25389,1273,18042,8944,22144,322,1414,1169,3540,11614,16336,3454,40711,-13200,-1092,-144337,-2371,-4722,-14927,-20510,-16769,-37257,1
2022-03-16 03:00:00,55754,206982,901,16756,4187,27176,1310,18821,8972,22705,264,1353,1269,3787,11766,17035,4568,40978,-13733,-1089,-151228,-2518,-5269,-15855,-22989,-17511,-36410,1
2022-03-16 04:00:00,55560,222965,1124,18938,5514,31702,1445,20935,11415,25148,258,1344,1407,4308,11876,18118,5719,42988,-13733,-1086,-167405,-2901,-6242,-17814,-26188,-19490,-37269,1
2022-03-16 05:00:00,62497,249518,1750,21985,7689,36786,1660,22947,12018,28294,193,1358,1674,4822,12103,19148,5614,47255,-16276,-1165,-187021,-3148,-7045,-20235,-29097,-21287,-41641,1
2022-03-16 06:00:00,81515,267106,2248,23331,10410,40779,2124,23633,12782,30301,184,1464,1834,5038,12324,19386,5524,50731,-17519,-1280,-185591,-3204,-7062,-21083,-30369,-21509,-45207,1
2022-03-16 07:00:00,104040,273546,2816,23299,11121,41461,2434,23448,13536,31402,217,1752,1914,5053,12358,19464,6089,49332,-17866,-1535,-169506,-3139,-7106,-20483,-30340,-21014,-43243,1
2022-03-16 08:00:00,119328,274213,3224,23550,10843,40842,2853,22938,13656,32059,232,2158,1955,5019,12173,19102,6248,45289,-18403,-1926,-154885,-3064,-6929,-20326,-29999,-20085,-39041,1
2022-03-16 09:00:00,133892,274537,3273,24067,11864,40311,3648,23018,14119,32296,265,2343,2233,5019,12252,18829,6309,41041,-18177,-2078,-140645,-2786,-6577,-20794,-28447,-19370,-34732,1
2022-03-16 10:00:00,150754,277239,3308,24558,12657,38909,3946,22923,13915,32682,364,2406,2317,4948,12044,18133,6223,39125,-18767,-2042,-126485,-2631,-6089,-21250,-26252,-18977,-32902,1
2022-03-16 11:00:00,165238,277209,3199,24542,12576,38555,3813,22923,13516,32765,481,2362,2359,4890,12084,17807,6697,40763,-19249,-1881,-111971,-2531,-5723,-21343,-25979,-19110,-34066,1
2022-03-16 12:00:00,161787,272331,3050,24128,11406,39137,3600,22925,13230,32340,631,2328,2375,4807,12197,17860,7585,45000,-19110,-1697,-110544,-2432,-5663,-21078,-27731,-19325,-37415,1
2022-03-16 13:00:00,146935,268013,2716,24045,9583,39383,3084,23193,13506,31284,894,2297,2199,4710,12101,18099,9696,48156,-17778,-1403,-121078,-2511,-5998,-21329,-29800,-20109,-38460,1
2022-03-16 14:00:00,125077,261711,2143,24053,7371,39582,2287,23207,13641,30727,894,2182,2135,4739,12143,18732,11277,50938,-17086,-1288,-136634,-2604,-6589,-21910,-32211,-20920,-39661,1
2022-03-16 15:00:00,109622,259183,1594,23963,5300,39388,1895,23430,14113,30476,800,2169,2367,4960,11936,19087,11535,54759,-16363,-1369,-149561,-2593,-7151,-22369,-34088,-21535,-43224,1
2022-03-16 16:00:00,108395,265525,1207,24246,5470,41185,2417,24231,14622,30124,625,2191,2656,5036,12012,19040,11660,58615,-15502,-1566,-157130,-2380,-7028,-23039,-35715,-21814,-46955,1
2022-03-16 17:00:00,125479,278314,1162,25014,7046,42381,2734,24412,16143,31663,350,2339,3000,4865,12209,18773,11268,58589,-15520,-1989,-152835,-1865,-6564,-23852,-35335,-21678,-47321,3
2022-03-16 18:00:00,132317,275909,1127,24729,5081,39916,2158,23877,17042,33107,302,2444,3146,4726,12460,18517,11179,57728,-16065,-2142,-143592,-1580,-6057,-23602,-34835,-21719,-46549,3
2022-03-16 19:00:00,136418,262284,1048,23910,4035,36820,1974,22418,17264,31975,252,2458,3483,4297,12690,18187,10715,54967,-14711,-2206,-125866,-814,-5497,-22862,-32785,-20444,-44252,3
2022-03-16 20:00:00,140532,247868,933,22860,3903,33125,1889,20980,16771,29263,307,2419,3810,3989,12467,17237,11227,51705,-12492,-2112,-107336,-179,-4770,-21927,-29222,-19091,-40478,3
2022-03-16 21:00:00,138463,236676,879,22026,4032,30000,1931,19757,17876,26445,446,2246,3835,3752,12141,16264,12345,48290,-8569,-1800,-98213,83,-4123,-21147,-25968,-17826,-35945,3
2022-03-16 22:00:00,146094,222629,814,20932,4294,27264,1986,18732,19117,24767,664,2034,4175,3661,11496,15894,12314,45465,-5650,-1370,-76535,514,-4398,-20118,-22970,-16746,-33151,3
2022-03-16 23:00:00,151345,211928,731,19827,4432,25904,2069,18080,20304,23350,880,1787,4409,3509,11452,15854,12345,42822,-3046,-907,-60583,900,-4402,-19096,-21472,-16011,-30477,3
2022-03-17 00:00:00,153560,207013,703,19097,4656,25173,2202,17742,20957,22072,1278,1557,4698,3463,11510,15773,14715,41270,-1115,-279,-53453,1235,-4263,-18394,-20517,-15540,-26555,3
2022-03-17 01:00:00,151576,204321,702,18496,4995,24967,2402,17933,21142,21554,1776,1419,4946,3490,11503,15844,14883,40376,-412,357,-52745,1456,-4341,-17794,-19972,-15531,-25493,3
2022-03-17 02:00:00,147202,206037,743,18390,5036,25293,2477,18189,21373,21553,1875,1408,4481,3676,11843,16277,14843,40017,-180,467,-58835,805,-4434,-17647,-20257,-15712,-25174,3
2022-03-17 03:00:00,143305,211040,746,19247,5001,26920,2688,18758,21472,22177,2110,1325,4583,3909,12263,16784,15229,40410,-705,785,-67735,674,-4521,-18501,-21919,-16070,-25181,1
2022-03-17 04:00:00,135903,225321,750,20899,4948,31274,3136,20726,20603,24716,2222,1279,5257,4439,12904,18080,14926,42549,-4113,943,-89418,818,-5176,-20149,-26326,-17590,-27623,1
2022-03-17 05:00:00,134202,252575,1402,22855,8145,36354,3701,22297,20165,27840,2375,1255,6036,4794,13012,19284,14151,47285,-7675,1120,-118373,1242,-6272,-21453,-28209,-18596,-33134,3
2022-03-17 06:00:00,135035,269835,2666,22932,10264,40569,4395,22636,19962,30068,2604,1312,6097,5031,13136,19951,11862,52400,-10106,1292,-134800,1066,-6815,-20266,-30305,-18241,-40538,1
2022-03-17 07:00:00,139604,279175,3767,22348,10602,41769,5054,22493,21051,31227,2962,1469,6106,5108,13218,19712,9809,54784,-10176,1493,-139571,998,-6494,-18581,-31167,-17439,-44975,1
2022-03-17 08:00:00,137447,282231,4805,21759,12097,41476,5866,22110,21578,31763,2884,1712,6192,5180,13013,19436,8290,53079,-10185,1172,-144784,1012,-6423,-16954,-29379,-16244,-44789,1
2022-03-17 09:00:00,137996,284573,5231,21668,13395,41562,6584,22379,23145,31944,3042,1916,6055,5200,13076,18759,7882,48851,-8799,1126,-146577,855,-5683,-16437,-28167,-15795,-40969,1
2022-03-17 10:00:00,139057,287024,5309,21710,11684,39239,6751,22698,24199,32153,3196,2034,5705,5092,13311,18791,7579,45053,-7954,1162,-147967,613,-5480,-16401,-27555,-15947,-37474,1
2022-03-17 11:00:00,138201,285998,5096,21946,10718,38701,6336,22969,23205,32041,3084,2025,5594,5056,13697,18862,7232,41540,-8836,1059,-147797,538,-5165,-16850,-27983,-16633,-34308,1
2022-03-17 12:00:00,131174,280668,4576,21899,10269,39494,5411,22807,23278,31445,2994,2021,5527,5065,13890,18801,6008,39887,-8167,973,-149494,462,-4911,-17323,-29225,-17396,-33879,1
2022-03-17 13:00:00,118652,275261,3581,22473,9526,39902,4507,23111,22925,30633,3126,2041,5493,5016,14017,19073,4656,39781,-7708,1085,-156609,477,-5056,-18892,-30376,-18604,-35125,1
2022-03-17 14:00:00,107296,270929,2275,23126,8285,40046,4116,23386,22441,30124,2814,1989,5387,4857,14124,18835,3678,42192,-7683,825,-163633,530,-4711,-20851,-31761,-19270,-38514,1
2022-03-17 15:00:00,94514,268512,1280,23532,7881,39467,3857,23400,20988,29819,2724,1908,4986,5087,14340,19057,3061,47437,-8831,816,-173998,-101,-4717,-22252,-31586,-19543,-44376,1
2022-03-17 16:00:00,84479,271960,907,24092,10098,41283,4213,24234,20164,29744,2438,1884,4362,5099,14531,19041,2679,54618,-9580,554,-187481,-737,-4510,-23185,-31185,-20021,-51939,1
2022-03-17 17:00:00,90086,277748,1022,25264,10124,41998,4447,24504,19999,31406,1464,1984,4036,4907,14611,18977,2257,58080,-11407,-520,-187662,-871,-4366,-24242,-31874,-20057,-55823,1
2022-03-17 18:00:00,88221,272871,993,25028,7982,39687,4347,23774,20612,32862,1072,2135,3928,4631,14471,18412,2646,58924,-12250,-1063,-184650,-703,-3941,-24035,-31705,-19427,-56278,3
2022-03-17 19:00:00,80786,257186,970,24301,6402,36850,4089,22383,20421,31829,749,2234,3765,4356,14246,17904,2627,56350,-11408,-1485,-176400,-591,-3658,-23331,-30448,-18294,-53723,3
2022-03-17 20:00:00,77398,243763,931,23177,6652,33042,3555,20826,18962,29154,394,2254,3643,4054,13818,16836,2698,53392,-10192,-1860,-166365,-411,-3018,-22246,-26390,-17271,-50694,3
2022-03-17 21:00:00,74361,229685,815,22290,6249,29954,3126,19614,18466,26386,324,2121,3505,3821,13528,16124,2552,49885,-7920,-1797,-155324,-316,-2596,-21475,-23705,-16488,-47333,3
2022-03-17 22:00:00,73430,213901,768,21224,6064,27171,3002,18658,18407,24837,458,1929,3364,3670,13461,15915,2722,46771,-6430,-1471,-140471,-306,-2454,-20456,-21107,-15656,-44049,3
2022-03-17 23:00:00,75172,203425,714,20043,6651,25717,2895,18097,18868,23337,564,1722,3220,3571,12848,15586,2982,44295,-4469,-1158,-128253,-351,-2738,-19329,-19066,-15202,-41313,3
2022-03-18 00:00:00,79643,197825,710,19286,6927,24761,2665,17800,18753,22229,587,1512,3002,3511,12413,15728,2730,42362,-3476,-925,-118182,-509,-3315,-18576,-17834,-15135,-39632,3
2022-03-18 01:00:00,83339,198115,716,18668,7317,24745,2443,17921,18415,21759,515,1393,2716,3485,11943,15883,2342,41519,-3344,-878,-114776,-769,-3940,-17952,-17428,-15478,-39177,3
2022-03-18 02:00:00,79585,200574,722,18669,7377,25147,2196,18222,17852,21772,484,1401,2625,3549,11581,15923,2012,41464,-3920,-917,-120989,-924,-4342,-17947,-17770,-16026,-39452,1
2022-03-18 03:00:00,70392,205370,743,19394,6827,26855,2130,18900,17328,22340,642,1347,2474,3729,11687,16555,1764,41845,-5012,-705,-134978,-1255,-4868,-18651,-20028,-16770,-40081,1
2022-03-18 04:00:00,69245,221599,817,20928,7238,31186,2276,20718,16174,24857,902,1313,2266,4279,12268,17826,1260,44054,-8683,-411,-152354,-2013,-5558,-20111,-23948,-18442,-42794,1
2022-03-18 05:00:00,72251,246921,1362,23253,9573,36068,2444,22293,15528,27847,1530,1318,2317,4756,12593,19080,868,48460,-12319,212,-174670,-2439,-6487,-21891,-26495,-19849,-47592,1
2022-03-18 06:00:00,87321,264302,2286,23749,11788,39976,2957,22523,15748,29761,1892,1397,2636,4814,12922,19147,919,50580,-14013,495,-176981,-2178,-6225,-21463,-28188,-19566,-49661,1
2022-03-18 07:00:00,100494,271087,3256,23528,12216,40793,3821,22317,16670,30580,1986,1613,2946,4725,12694,18928,1496,48429,-13910,373,-170593,-1779,-6234,-20272,-28577,-18496,-46933,1
2022-03-18 08:00:00,120400,273216,4276,22914,11398,40018,4813,21953,17591,31042,2126,1928,3234,4763,12538,18726,1695,44294,-13451,198,-152816,-1529,-6188,-18638,-28620,-17140,-42599,1
2022-03-18 09:00:00,139395,276234,5184,22432,11712,40133,5166,22011,17697,30866,2528,2081,3527,4655,12500,18426,1815,40120,-13169,447,-136839,-1128,-5926,-17248,-28421,-16845,-38305,1
2022-03-18 10:00:00,155565,277681,5646,21969,11509,38358,5117,22138,16361,30888,2446,2125,3686,4417,12196,17725,1921,37210,-14527,321,-122116,-731,-5529,-16323,-26849,-17021,-35289,1
2022-03-18 11:00:00,168522,271710,5692,21791,10967,38014,4996,22230,15382,30861,2486,2050,3615,4267,12326,17166,2139,35117,-15479,436,-103188,-652,-4840,-16099,-27047,-17234,-32978,1
2022-03-18 12:00:00,166192,262812,5376,21376,10781,38805,4536,22194,14628,30525,2594,1976,3582,4160,12133,16049,2513,35742,-15897,618,-96620,-578,-3916,-16000,-28024,-17658,-33229,1
2022-03-18 13:00:00,154780,256988,4450,21643,9623,38818,3615,22640,13553,29678,2834,1956,3304,4115,12198,16255,2852,37001,-16125,878,-102208,-811,-4057,-17193,-29195,-19025,-34149,1
2022-03-18 14:00:00,133001,252263,3106,22373,9321,39229,2349,22917,12371,29093,2718,1875,2922,4220,12385,16934,3447,39986,-16722,843,-119262,-1298,-4549,-19267,-29908,-20568,-36539,1
2022-03-18 15:00:00,105098,249785,1593,23057,8499,38957,1844,23151,10957,28891,2460,1849,2244,4517,12400,18096,4779,45273,-17934,611,-144687,-2273,-5696,-21464,-30458,-21307,-40494,1
2022-03-18 16:00:00,89355,255716,766,23848,9551,40503,2055,23993,9716,28560,2172,1870,1828,4622,12375,18604,7066,52387,-18844,302,-166361,-2794,-6229,-23082,-30952,-21938,-45321,1
2022-03-18 17:00:00,97577,265829,711,25196,10534,41575,2200,24249,9153,30127,1997,1992,1778,4447,12256,17668,8898,55413,-20974,5,-168252,-2669,-5412,-24485,-31041,-22049,-46515,1
2022-03-18 18:00:00,105577,265514,709,24923,8426,39108,1939,23542,9792,31458,2117,2146,1483,4249,11866,17003,10152,55887,-21666,-29,-159937,-2766,-5137,-24214,-30682,-21603,-45735,1
2022-03-18 19:00:00,103708,249814,731,24135,8159,36075,1506,22118,9228,30676,2176,2217,1593,4021,12047,16600,11225,53279,-21448,-41,-146106,-2428,-4553,-23404,-27916,-20612,-42054,1
2022-03-18 20:00:00,103456,234855,750,23268,7907,32486,978,20623,9185,28356,2234,2208,1422,3824,11827,16072,12258,49999,-19171,26,-131399,-2402,-4245,-22518,-24579,-19645,-37741,1
2022-03-18 21:00:00,100664,223778,821,22477,8019,29638,966,19498,8642,26052,2205,2055,1534,3712,11923,15831,12203,46916,-17410,150,-123114,-2178,-3908,-21656,-21619,-18532,-34713,1
2022-03-18 22:00:00,103672,210305,832,21391,7953,27044,935,18531,7646,24569,2356,1862,1530,3500,11595,15522,11752,44486,-16923,494,-106633,-1970,-3927,-20559,-19091,-17596,-32734,1
2022-03-18 23:00:00,103656,200304,782,20181,8271,25547,899,17902,7963,22835,2368,1622,1376,3424,11529,15349,12050,42105,-14872,746,-96648,-2048,-3820,-19399,-17276,-17003,-30055,1
2022-03-19 00:00:00,103722,192158,767,19280,8181,24544,928,17537,8202,21594,2256,1416,1247,3433,11394,15027,12177,40326,-13392,840,-88436,-2186,-3633,-18513,-16363,-16609,-28149,1
2022-03-19 01:00:00,104079,189018,760,18647,8419,24165,1070,17613,8843,21032,2040,1302,1268,3489,11605,14972,11669,39349,-12189,738,-84939,-2221,-3367,-17887,-15746,-16543,-27680,1
2022-03-19 02:00:00,105093,190767,752,18457,8416,24166,1204,17689,9860,20720,1958,1271,1400,3433,11726,15293,11471,38847,-10860,687,-85674,-2033,-3567,-17705,-15750,-16485,-27376,1
2022-03-19 03:00:00,104703,193682,738,18709,7410,24832,1360,17473,9854,20636,1914,1195,1436,3477,12009,15302,11124,38528,-10782,719,-88979,-2041,-3293,-17971,-17422,-16113,-27404,1
2022-03-19 04:00:00,104525,195861,799,18975,6641,26350,1702,17972,9822,21068,1963,1156,1494,3616,12055,15518,10851,39026,-11246,807,-91336,-2122,-3463,-18176,-19709,-16270,-28175,1
2022-03-19 05:00:00,111938,201245,1506,19812,7876,28921,2337,18890,9813,21600,2053,1131,1620,3832,12105,16090,11446,40452,-11787,922,-89307,-2212,-3985,-18306,-21045,-16553,-29006,1
2022-03-19 06:00:00,128066,214688,2959,20244,10284,31431,2972,19621,11057,23125,2225,1174,1834,4016,12126,16467,11427,40128,-12068,1051,-86622,-2182,-4341,-17285,-21147,-16649,-28701,1
2022-03-19 07:00:00,148573,221808,4475,20232,12237,32659,3840,19770,13927,25360,2625,1247,1920,4019,11879,16567,10925,38192,-11433,1378,-73235,-2099,-4688,-15757,-20422,-15930,-27267,1
2022-03-19 08:00:00,170021,225648,5524,19941,13385,32653,4827,19391,13267,26754,2693,1432,2076,4038,11429,16230,10989,35669,-13487,1261,-55627,-1962,-4801,-14417,-19268,-14564,-24680,1
2022-03-19 09:00:00,209337,231827,6183,19640,14072,31725,5674,19375,13940,27104,2612,1610,2344,3925,10919,15460,10875,32599,-13164,1002,-22490,-1581,-4541,-13457,-17653,-13701,-21724,1
2022-03-19 10:00:00,237509,236583,6383,19414,13706,30273,6071,19255,15554,27121,2621,1696,2505,4048,10901,15145,9208,30276,-11567,925,926,-1543,-4244,-13031,-16567,-13184,-21068,2
2022-03-19 11:00:00,241586,231210,6368,19109,13030,28662,6098,19135,15479,27298,2660,1677,2480,4042,10514,14905,6467,28953,-11819,983,10376,-1562,-4391,-12741,-15632,-13037,-22486,2
2022-03-19 12:00:00,233304,225266,5725,18785,12546,28417,5885,18936,14510,26617,2809,1641,2646,3894,10264,14694,7134,28902,-12107,1168,8038,-1248,-4430,-13060,-15871,-13051,-21768,2
2022-03-19 13:00:00,227016,221640,4720,18880,11173,28465,5285,19171,13462,25386,2796,1601,2521,3904,10528,14999,8861,30320,-11924,1195,5376,-1383,-4471,-14160,-17292,-13886,-21459,2
2022-03-19 14:00:00,218897,222054,3455,19610,8992,28807,4411,19736,12730,24726,2741,1521,2174,3807,10742,15501,11641,33545,-11996,1220,-3157,-1633,-4759,-16155,-19815,-15325,-21904,1
2022-03-19 15:00:00,195970,222326,1808,20615,7251,30168,3534,20188,11835,24488,2714,1474,1896,4102,11138,15859,14604,39154,-12653,1240,-26356,-2206,-4721,-18807,-22917,-16654,-24550,1
2022-03-19 16:00:00,171624,230187,910,21713,8326,33192,3597,21023,10201,24634,2649,1495,1865,4283,11528,16428,15719,46589,-14433,1154,-58563,-2418,-4900,-20803,-24866,-17426,-30870,1
2022-03-19 17:00:00,175655,240131,942,23162,10508,35291,3827,21179,10506,26178,2791,1670,2137,4278,11571,16465,15957,50642,-15672,1121,-64476,-2141,-4894,-22220,-24783,-17352,-34685,1
2022-03-19 18:00:00,173745,240234,1048,23145,7782,33122,3878,20558,11464,27768,3082,1854,2213,4037,11508,16227,15793,51419,-16304,1228,-66489,-1824,-4719,-22097,-25340,-16680,-35626,1
2022-03-19 19:00:00,166868,227159,1191,22363,5750,30443,3842,19533,11330,27695,3199,1977,2377,3923,11382,15980,16042,49680,-16365,1222,-60291,-1546,-4598,-21172,-24693,-15691,-33638,1
2022-03-19 20:00:00,163740,219188,1275,21317,5147,28316,3547,18376,11367,26188,2788,1966,2553,3695,10783,15693,16054,47656,-14821,822,-55448,-1142,-4910,-20042,-23169,-14829,-31602,1
2022-03-19 21:00:00,158612,211660,1313,20334,5116,26248,3267,17186,11823,24207,2704,1766,2505,3536,10608,15577,15923,45243,-12384,938,-53048,-1031,-4969,-19021,-21132,-13919,-29320,1
2022-03-19 22:00:00,152282,198172,1295,19329,5423,24118,2990,16346,11410,22756,2686,1598,2439,3323,10494,15288,15904,42771,-11346,1088,-45890,-884,-4794,-18034,-18695,-13356,-26867,1
2022-03-19 23:00:00,152910,186540,1218,18414,5268,22520,2851,15738,11139,21321,2231,1435,2473,3251,10403,15304,14579,40544,-10182,796,-33630,-778,-4901,-17196,-17252,-12887,-25965,1
2022-03-20 00:00:00,150071,179132,1144,17805,4944,21618,2745,15473,11330,20198,2152,1265,2500,3204,10175,15236,13912,39005,-8868,887,-29061,-704,-5061,-16661,-16674,-12728,-25093,1
2022-03-20 01:00:00,148697,176243,1017,17265,4742,21312,2669,15299,11567,19437,2084,1142,2675,3240,10267,15414,14141,38313,-7870,942,-27546,-565,-5147,-16248,-16570,-12630,-24172,1
2022-03-20 02:00:00,149843,176680,1001,17059,4745,21178,2547,15356,12087,19167,1849,1128,2583,3295,10140,15198,13971,37944,-7080,721,-26837,-712,-5058,-16058,-16433,-12809,-23973,1
2022-03-20 03:00:00,151963,178482,1235,17217,4763,21592,2592,15258,12283,19130,1937,1067,2568,3345,10189,15518,14406,37848,-6847,870,-26519,-777,-5329,-15982,-16829,-12666,-23442,1
2022-03-20 04:00:00,156575,179303,1296,17402,5023,21802,2845,15012,12533,19534,2071,1046,2526,3393,10431,15453,14388,38295,-7001,1025,-22728,-867,-5022,-16106,-16779,-12167,-23907,1
2022-03-20 05:00:00,161855,180466,2008,17958,7241,23153,3401,15339,12206,19695,2359,1036,2680,3727,9979,15482,13074,38606,-7489,1323,-18611,-1047,-5503,-15950,-15912,-11938,-25532,1
2022-03-20 06:00:00,180833,190917,3477,18326,9403,24919,3987,15841,13212,20558,1773,1090,2934,3950,9289,15624,11882,38561,-7346,683,-10084,-1016,-6335,-14849,-15516,-11854,-26679,1
2022-03-20 07:00:00,207403,206030,5157,18510,12073,27054,4933,16078,15329,22510,1457,1158,3306,4061,8916,15668,11516,38597,-7181,299,1373,-755,-6752,-13353,-14981,-11145,-27081,2
2022-03-20 08:00:00,231578,218059,6501,18458,14124,27889,6258,16172,17118,24197,1841,1261,3810,4056,8585,15586,10592,39600,-7079,580,13519,-246,-7001,-11957,-13765,-9914,-29008,2
2022-03-20 09:00:00,246558,223529,7270,18293,14997,28516,7044,16268,19303,24900,2035,1384,4517,4017,8443,15243,8386,39974,-5597,651,23029,500,-6800,-11023,-13519,-9224,-31588,2
2022-03-20 10:00:00,247687,227060,7307,18181,14849,28458,7065,16585,21451,25159,2025,1525,4844,3974,8117,14562,6624,39635,-3708,500,20627,870,-6445,-10874,-13609,-9520,-33011,2
2022-03-20 11:00:00,240473,221743,6870,18010,13886,26704,6887,16732,20868,25795,1876,1568,4762,3897,8095,14473,6340,41539,-4927,308,18730,865,-6378,-11140,-12818,-9845,-35199,2
2022-03-20 12:00:00,231741,212699,6086,18041,13027,26143,6450,16540,19864,25730,2047,1624,4950,3859,8232,14317,6196,41167,-5866,423,19042,1091,-6085,-11955,-13116,-10090,-34971,2
2022-03-20 13:00:00,221872,207735,5017,18183,11983,26542,5642,16839,19951,24278,1954,1682,5265,3845,8410,14558,5883,41253,-4327,272,14137,1420,-6148,-13166,-14559,-11197,-35370,2
2022-03-20 14:00:00,206420,206250,3497,19006,9140,26174,4515,17606,19572,23731,1782,1636,5437,4107,9224,15164,6698,41737,-4159,146,170,1330,-5940,-15509,-17034,-13091,-35039,3
2022-03-20 15:00:00,185026,206242,1843,20366,6267,26954,3236,18166,18266,23578,1655,1591,4732,4593,10996,16248,5269,43950,-5312,64,-21216,139,-5252,-18523,-20687,-14930,-38681,3
2022-03-20 16:00:00,157762,216617,894,21473,5786,30184,3384,19425,15689,24135,1871,1654,4220,4818,11671,16927,3871,48810,-8446,217,-58855,-598,-5256,-20579,-24398,-16041,-44939,1
2022-03-20 17:00:00,159783,231523,864,23129,7271,33066,3947,19823,15460,26032,1892,1839,3949,4644,11921,16637,3730,51688,-10572,53,-71740,-695,-4716,-22265,-25795,-15876,-47958,1
2022-03-20 18:00:00,154776,234568,887,23249,6664,31965,3659,19438,17446,28207,1845,2057,3728,4359,11970,16057,4025,52340,-10761,-212,-79792,-631,-4087,-22362,-25301,-15779,-48315,1
2022-03-20 19:00:00,147164,222892,904,22617,4330,29827,3710,18581,17139,27951,1528,2099,3416,4200,11978,15762,2882,50312,-10812,-571,-75728,-784,-3784,-21713,-25497,-14871,-47430,1
2022-03-20 20:00:00,141519,215780,886,21491,3817,27463,3562,17973,16053,26149,1290,2079,3423,3880,11964,15282,3024,48285,-10096,-789,-74261,-457,-3318,-20605,-23646,-14411,-45261,3
2022-03-20 21:00:00,129671,208386,853,20413,3694,24956,3180,16850,15242,24184,1302,1931,3577,3605,11770,15112,2440,45585,-8942,-629,-78715,-28,-3342,-19560,-21262,-13670,-43145,3
2022-03-20 22:00:00,125669,197046,830,19333,4675,23030,3066,16286,14897,22417,1162,1739,3823,3468,11754,14631,2496,42611,-7520,-577,-71377,355,-2877,-18503,-18355,-13220,-40115,3
2022-03-20 23:00:00,128467,192506,789,18353,4783,21919,2879,15975,14737,21057,853,1537,3923,3386,11565,14649,2940,40874,-6320,-684,-64039,537,-3084,-17564,-17136,-13096,-37934,3
2022-03-21 00:00:00,127219,189024,728,17845,5142,21334,2589,15882,14625,20217,863,1341,3879,3384,11557,14969,2818,39759,-5592,-478,-61805,495,-3412,-17117,-16192,-13293,-36941,3
2022-03-21 01:00:00,123295,187645,706,17422,4847,21178,2403,15993,14654,19865,923,1255,3777,3332,11588,15137,3204,39356,-5211,-332,-64350,445,-3549,-16716,-16331,-13590,-36152,3
2022-03-21 02:00:00,117169,191604,701,17510,4768,21822,2375,16513,14742,19819,823,1255,3789,3383,11522,15235,3571,39199,-5077,-432,-74435,406,-3713,-16809,-17054,-14138,-35628,3
2022-03-21 03:00:00,104432,199213,717,18495,4706,24302,2435,17454,15220,20757,1302,1212,3284,3720,12026,16192,3647,39724,-5537,90,-94781,-436,-4166,-17778,-19596,-15019,-36077,1
2022-03-21 04:00:00,98847,217090,780,20473,6109,29415,2672,19819,14605,23839,1388,1183,3553,4209,12529,17711,3371,42256,-9234,205,-118243,-656,-5182,-19693,-23306,-17147,-38885,1
2022-03-21 05:00:00,109179,247071,1806,22699,9698,35312,3367,21573,15147,27075,1458,1204,3868,4743,12671,18856,2930,47003,-11928,254,-137892,-875,-6185,-20893,-25614,-18206,-44073,1
2022-03-21 06:00:00,127333,264720,3795,22411,12687,39511,3727,22136,16642,29255,1632,1327,3907,4876,12575,19428,2803,49662,-12613,305,-137387,-969,-6853,-18616,-26824,-18409,-46859,1
2022-03-21 07:00:00,142903,268991,5546,21509,14520,40624,4552,21905,17416,30397,1586,1605,3928,4785,12083,18593,2971,47525,-12981,-19,-126088,-857,-6510,-15963,-26104,-17353,-44554,1
2022-03-21 08:00:00,151897,269718,6731,20692,15345,39943,5798,21323,17713,30982,1496,2021,3943,4725,11705,17219,2678,43430,-13269,-525,-117821,-782,-5514,-13961,-24598,-15525,-40752,1
2022-03-21 09:00:00,164010,267999,7341,20270,16725,39633,6439,21430,18108,31213,1596,2185,4002,4630,12011,16606,2385,39352,-13105,-589,-103989,-628,-4595,-12929,-22908,-14991,-36967,1
2022-03-21 10:00:00,176246,269586,7516,20187,16725,37576,6512,21571,18145,31302,1557,2227,3884,4507,12147,16297,2077,36816,-13157,-670,-93340,-623,-4150,-12671,-20851,-15059,-34739,3
2022-03-21 11:00:00,181672,267830,7369,20221,17259,37626,6196,21633,17687,31360,1362,2157,3814,4474,11882,16025,1801,35261,-13673,-795,-86158,-660,-4143,-12852,-20367,-15437,-33460,3
2022-03-21 12:00:00,174646,263521,6798,20176,15542,38353,5496,21560,17126,30806,1863,2072,3535,4384,11938,16362,1617,35742,-13680,-209,-88875,-849,-4424,-13378,-22811,-16064,-34125,1
2022-03-21 13:00:00,149671,256895,5655,20845,13279,38575,4544,21960,17048,29841,1841,2044,3085,4332,11916,16608,1508,37835,-12793,-203,-107224,-1247,-4692,-15190,-25296,-17416,-36327,1
2022-03-21 14:00:00,120493,253701,3987,21698,10568,38515,3472,22532,16498,29348,2028,1948,2628,4479,11781,16759,1299,41533,-12850,80,-133208,-1851,-4978,-17711,-27947,-19060,-40234,1
2022-03-21 15:00:00,86628,250428,1983,22624,7933,37946,2311,22744,15978,29259,1696,1932,2426,4787,11920,17443,1059,47087,-13281,-236,-163800,-2361,-5523,-20641,-30013,-20433,-46028,1
2022-03-21 16:00:00,69296,253794,817,23588,8777,39612,2455,23619,15735,29105,1264,2002,2237,4803,12154,18071,946,54428,-13370,-738,-184498,-2566,-5917,-22771,-30835,-21164,-53482,1
2022-03-21 17:00:00,74256,263984,719,25354,9498,41227,3137,24117,16062,30755,1420,2199,2196,4602,12459,18006,1313,56807,-14693,-779,-189728,-2406,-5547,-24635,-31729,-20980,-55494,1
2022-03-21 18:00:00,84975,265902,721,25305,7864,39214,2992,23398,17291,32469,1744,2331,2121,4438,12401,17249,2109,57189,-15178,-587,-180927,-2317,-4848,-24584,-31350,-20406,-55080,1
2022-03-21 19:00:00,85141,252627,705,24525,6361,36395,2665,21821,16387,31518,1959,2287,1917,4206,12445,16699,2584,54668,-15131,-328,-167486,-2289,-4254,-23820,-30034,-19156,-52084,1
2022-03-21 20:00:00,80400,239291,695,23444,5253,32699,2598,20295,15151,28834,1782,2287,2018,3953,12001,15897,3189,51167,-13683,-505,-158891,-1935,-3896,-22749,-27446,-17697,-47978,1
2022-03-21 21:00:00,78673,225090,688,22483,5244,29529,2567,18984,14141,25861,1862,2127,1805,3715,11839,15598,2852,47832,-11720,-265,-146417,-1910,-3759,-21795,-24285,-16417,-44980,1
2022-03-21 22:00:00,78190,212320,694,21296,5962,26968,2370,18041,13833,24256,1922,1907,1593,3523,11642,15538,3073,44510,-10423,15,-134130,-1930,-3896,-20602,-21006,-15671,-41437,1
2022-03-21 23:00:00,75455,204373,691,20034,5528,25590,2166,17654,13681,22698,1839,1649,1414,3429,11421,15745,3042,41708,-9017,190,-128918,-2015,-4324,-19343,-20062,-15488,-38666,1
2022-03-22 00:00:00,72573,198338,686,19263,5340,24842,1895,17373,13572,21697,1908,1440,1290,3391,11314,15658,2389,40413,-8125,468,-125765,-2101,-4344,-18577,-19502,-15478,-38024,1
2022-03-22 01:00:00,67106,197382,682,18644,4986,24703,1729,17599,14329,21407,2020,1326,1107,3437,11334,15903,1810,39631,-7078,694,-130276,-2330,-4569,-17962,-19717,-15870,-37821,1
2022-03-22 02:00:00,64214,198746,682,18534,4666,25141,1587,18116,14424,21447,1697,1345,1007,3532,11467,16274,1364,39488,-7023,352,-134532,-2525,-4807,-17852,-20475,-16529,-38124,1
2022-03-22 03:00:00,57533,206852,680,19356,4372,26892,1408,18730,14775,22083,1690,1291,994,3819,11454,16935,971,40052,-7308,399,-149319,-2825,-5481,-18676,-22520,-17322,-39081,1
2022-03-22 04:00:00,51061,221827,754,20942,6112,31021,1560,20628,14311,24701,1721,1264,951,4297,12112,18213,995,42213,-10390,457,-170766,-3346,-6101,-20188,-24909,-19068,-41218,1
2022-03-22 05:00:00,62290,246688,1797,22799,10409,36264,2595,22089,14860,27749,1770,1270,1038,4778,12381,18952,1120,46642,-12889,500,-184398,-3740,-6571,-21002,-25855,-19494,-45522,1
2022-03-22 06:00:00,87913,263917,3757,22258,13668,39963,3529,22306,16266,29988,1604,1371,1298,4898,12139,18657,1239,49525,-13722,233,-176004,-3600,-6518,-18501,-26295,-18777,-48286,1
2022-03-22 07:00:00,112598,271953,5495,21224,14384,40239,4380,22037,17542,30901,1598,1625,1544,4834,11827,17936,1374,47355,-13359,-27,-159355,-3290,-6109,-15729,-25855,-17657,-45981,1
2022-03-22 08:00:00,135014,270250,6658,20333,17085,39746,4895,21549,18388,31274,1460,2020,1659,4769,11813,17528,1382,42899,-12886,-560,-135236,-3110,-5715,-13675,-22661,-16654,-41517,1
2022-03-22 09:00:00,156062,267820,7288,19840,17328,38834,5342,21673,19726,31261,1868,2133,1752,4691,11781,17121,1479,38929,-11535,-265,-111758,-2939,-5340,-12552,-21506,-16331,-37450,1
2022-03-22 10:00:00,169542,266961,7461,19704,16690,36699,5405,21578,21200,31319,1874,2166,1757,4581,11807,16880,1583,36593,-10119,-292,-97419,-2824,-5073,-12243,-20009,-16173,-35010,1
2022-03-22 11:00:00,172901,263756,7351,19754,16325,36442,5127,21653,23663,31388,1860,2064,1758,4543,11810,16628,1643,35169,-7725,-204,-90855,-2785,-4818,-12403,-20117,-16526,-33526,1
2022-03-22 12:00:00,163576,257377,6825,19803,15386,37659,4456,21556,23584,31066,2030,1998,1659,4380,11725,16555,1557,35336,-7482,32,-93801,-2721,-4830,-12978,-22273,-17100,-33779,1
2022-03-22 13:00:00,145450,253385,5729,20598,14300,38434,3679,22054,22255,30069,2110,2000,1471,4348,11560,16541,1416,36956,-7814,110,-107935,-2877,-4981,-14869,-24134,-18375,-35540,1
2022-03-22 14:00:00,113323,249170,4039,21411,12047,38807,2556,22396,21011,29470,2050,1896,1234,4415,11509,16773,1387,40247,-8459,154,-135847,-3181,-5264,-17372,-26760,-19840,-38860,1
2022-03-22 15:00:00,74464,244852,2024,22259,10334,38602,1644,22617,19116,29504,1738,1878,979,4726,11762,17641,1432,45722,-10388,-140,-170388,-3747,-5879,-20235,-28268,-20973,-44290,1
2022-03-22 16:00:00,51457,251447,837,23099,9509,40391,1926,23480,17372,29382,1570,1958,963,4730,12046,17991,1478,53119,-12010,-388,-199990,-3767,-5945,-22262,-30882,-21554,-51641,1
2022-03-22 17:00:00,55891,263628,727,24952,11224,42741,2148,24014,17586,31131,1410,2154,1047,4642,12578,18039,1875,55666,-13545,-744,-207737,-3595,-5461,-24225,-31517,-21866,-53791,1
2022-03-22 18:00:00,60792,264118,745,24842,8957,40118,1947,23465,18579,32938,1688,2239,1054,4386,12485,17361,2430,56394,-14359,-551,-203326,-3332,-4876,-24097,-31161,-21518,-53964,1
2022-03-22 19:00:00,51900,248081,759,24101,6530,37027,1682,21968,17683,31918,1641,2224,1113,4194,12275,16812,3043,53442,-14235,-583,-196181,-3081,-4537,-23342,-30497,-20286,-50399,1
2022-03-22 20:00:00,47058,234211,746,22955,6481,33300,1770,20421,16267,29012,1370,2263,1066,3941,11894,16259,3433,50191,-12745,-893,-187153,-2875,-4365,-22209,-26819,-18651,-46758,1
2022-03-22 21:00:00,45182,219107,676,22026,6947,30044,1735,19361,14779,26177,1279,2119,976,3708,11679,15650,3660,47147,-11398,-840,-173925,-2732,-3971,-21350,-23097,-17626,-43487,1
2022-03-22 22:00:00,42974,204246,598,20924,6631,27399,1571,18363,14197,24641,1291,1893,1003,3528,11384,15216,2312,44140,-10444,-602,-161272,-2525,-3832,-20326,-20768,-16792,-41828,1
2022-03-22 23:00:00,40565,195078,561,19729,6980,25802,1288,17857,13733,23142,1200,1636,959,3435,11158,14755,1866,41791,-9409,-436,-154513,-2476,-3597,-19168,-18822,-16569,-39925,1
2022-03-23 00:00:00,39560,190184,530,18931,6768,25231,1107,17536,14048,22062,1184,1440,980,3389,11380,14951,1268,40391,-8014,-256,-150624,-2409,-3571,-18401,-18463,-16429,-39123,1
2022-03-23 01:00:00,36658,189007,526,18273,6545,25337,980,17853,13924,21469,1102,1355,1055,3364,11492,14923,928,39602,-7545,-253,-152349,-2309,-3431,-17747,-18792,-16873,-38674,1
2022-03-23 02:00:00,37568,192734,528,18263,6342,25707,832,18188,13912,21533,1101,1329,1097,3493,11446,15089,866,39459,-7621,-228,-155166,-2396,-3643,-17735,-19365,-17356,-38593,1
2022-03-23 03:00:00,37062,201379,542,19131,6082,27496,738,18716,13129,22050,924,1271,1156,3762,11792,15686,935,39944,-8921,-347,-164317,-2606,-3894,-18589,-21414,-17978,-39009,1
2022-03-23 04:00:00,37327,218895,614,20612,7288,31396,931,20589,13493,24680,682,1256,1183,4287,12032,17006,1014,42267,-11187,-574,-181568,-3104,-4974,-19998,-24108,-19658,-41253,1
2022-03-23 05:00:00,48403,244448,1717,22371,11488,36788,1867,21935,14150,27857,634,1278,1282,4747,12215,18208,940,46077,-13707,-644,-196045,-3465,-5993,-20654,-25300,-20068,-45137,1
2022-03-23 06:00:00,74401,259612,3720,21849,13592,40305,2880,22072,15285,30155,616,1389,1396,4782,12152,18076,1094,48023,-14870,-773,-185211,-3386,-5924,-18129,-26713,-19192,-46929,1
2022-03-23 07:00:00,106663,268405,5441,20874,15532,40604,3820,21830,16972,30958,611,1649,1533,4773,12062,17716,1429,45594,-13986,-1038,-161742,-3240,-5654,-15433,-25072,-18010,-44165,1
2022-03-23 08:00:00,130628,267698,6564,20009,16538,39840,4568,21363,18544,31446,604,2027,1654,4726,12158,17488,1717,41490,-12902,-1423,-137070,-3072,-5330,-13445,-23302,-16795,-39773,1
2022-03-23 09:00:00,152863,267712,7174,19532,17216,39136,5083,21485,18691,31504,790,2130,1755,4637,11992,16987,1825,37527,-12813,-1340,-114849,-2882,-4995,-12358,-21920,-16402,-35702,1
2022-03-23 10:00:00,166452,267866,7371,19475,17614,37192,5363,21590,19335,31728,938,2151,1797,4567,11937,16765,1833,35238,-12393,-1213,-101414,-2770,-4828,-12104,-19578,-16227,-33405,1
2022-03-23 11:00:00,170550,264441,7215,19656,17138,36931,5330,21532,19468,31726,1278,2079,1747,4551,11852,16761,1807,34039,-12258,-801,-93891,-2804,-4909,-12441,-19793,-16202,-32232,1
2022-03-23 12:00:00,161150,257812,6662,19672,16215,37663,4953,21478,19441,31404,1102,2028,1673,4493,11779,16383,1757,34761,-11963,-926,-96662,-2820,-4604,-13010,-21448,-16525,-33004,1
2022-03-23 13:00:00,140340,254970,5554,20363,14346,38200,4336,21943,19245,30492,930,1971,1533,4386,11836,16374,1630,36605,-11247,-1041,-114630,-2853,-4538,-14809,-23854,-17607,-34975,1
2022-03-23 14:00:00,109363,249053,3904,21176,11334,38140,3489,22535,18994,30046,888,1881,1289,4344,11966,16689,1391,39821,-11052,-993,-139690,-3055,-4723,-17272,-26806,-19046,-38430,1
2022-03-23 15:00:00,76240,246539,1917,21983,8040,37962,2671,22743,17979,29899,750,1896,1026,4671,12329,17131,1308,45252,-11920,-1146,-170299,-3645,-4802,-20066,-29922,-20072,-43944,1
2022-03-23 16:00:00,53373,252480,691,22987,7958,39686,2871,23482,17174,29581,426,1970,926,4705,12467,17597,1300,52410,-12407,-1544,-199107,-3779,-5130,-22296,-31728,-20611,-51110,1
2022-03-23 17:00:00,56217,263945,552,24908,10242,42239,3293,23967,16805,31353,278,2191,966,4576,12649,17557,1366,55110,-14548,-1913,-207728,-3610,-4908,-24356,-31997,-20674,-53744,1
2022-03-23 18:00:00,61651,265305,558,24899,7311,39665,2851,23319,17455,33096,327,2326,959,4404,12677,17144,1599,56144,-15641,-1999,-203654,-3445,-4467,-24341,-32354,-20468,-54545,1
2022-03-23 19:00:00,56276,250367,561,24027,6045,36746,2307,21808,16822,32052,331,2325,917,4160,12683,16445,1591,53607,-15230,-1994,-194091,-3243,-3762,-23466,-30701,-19501,-52016,1
2022-03-23 20:00:00,54512,235595,587,22837,4743,32752,2113,20284,15112,29125,361,2349,852,3926,12487,15619,1394,50587,-14013,-1988,-181083,-3074,-3132,-22250,-28009,-18171,-49193,1
2022-03-23 21:00:00,52862,221190,598,21841,4415,29802,1933,19048,13607,26168,366,2180,816,3685,12420,15384,1282,47463,-12561,-1814,-168328,-2869,-2964,-21243,-25387,-17115,-46181,1
2022-03-23 22:00:00,50064,205767,613,20717,4095,27050,1708,18244,12765,24620,404,1939,762,3539,12029,15101,1014,45046,-11855,-1535,-155703,-2777,-3072,-20104,-22955,-16536,-44032,1
2022-03-23 23:00:00,43212,195595,691,19539,4297,25624,1451,17750,12025,23096,423,1669,777,3472,11858,15186,762,42767,-11071,-1246,-152383,-2695,-3328,-18848,-21327,-16299,-42005,1
2022-03-24 00:00:00,38975,190827,654,18700,4234,25073,1232,17493,13051,22168,360,1452,812,3430,11814,15322,621,41112,-9117,-1092,-151852,-2618,-3508,-18046,-20839,-16261,-40491,1
2022-03-24 01:00:00,35977,189397,586,18130,4554,24897,1134,17647,13352,21737,253,1332,859,3416,11674,15255,552,40395,-8385,-1079,-153420,-2557,-3581,-17544,-20343,-16513,-39843,1
2022-03-24 02:00:00,35256,192295,566,18084,4435,25446,1017,17919,13251,21733,221,1320,895,3450,11431,15691,537,40204,-8482,-1099,-157039,-2555,-4260,-17518,-21011,-16902,-39667,1
2022-03-24 03:00:00,34501,200260,585,18926,4078,26882,1027,18375,12785,22344,188,1280,899,3756,11688,16635,525,40552,-9559,-1092,-165759,-2857,-4947,-18341,-22804,-17348,-40027,1
2022-03-24 04:00:00,33630,217572,674,20386,5192,30763,1280,20308,12680,24851,134,1262,970,4256,12172,17762,497,42418,-12171,-1128,-183942,-3286,-5590,-19712,-25571,-19028,-41921,1
2022-03-24 05:00:00,49775,242108,1855,22186,8675,35996,2100,21700,12988,28082,48,1278,1185,4645,12108,18613,529,46468,-15094,-1230,-192333,-3460,-6505,-20331,-27321,-19600,-45939,1
2022-03-24 06:00:00,75388,258105,3861,21702,12320,39390,3027,21783,13954,30443,52,1391,1343,4803,11741,18374,707,48374,-16489,-1339,-182717,-3460,-6633,-17841,-27070,-18756,-47667,1
2022-03-24 07:00:00,101882,265758,5524,20640,13763,39690,4051,21538,15132,31284,123,1656,1552,4642,11854,17828,1049,45867,-16152,-1533,-163876,-3090,-5974,-15116,-25927,-17487,-44818,1
2022-03-24 08:00:00,127132,265881,6704,19825,14208,38837,4958,21164,15497,31854,229,2041,1741,4662,11866,17310,1352,41732,-16357,-1812,-138749,-2921,-5444,-13121,-24629,-16206,-40380,1
2022-03-24 09:00:00,152810,265912,7284,19527,15056,38234,5518,21276,15878,31790,323,2156,1933,4598,12011,16817,1553,37863,-15912,-1833,-113102,-2665,-4806,-12243,-23178,-15758,-36310,1
2022-03-24 10:00:00,164823,267127,7483,19531,15046,36428,5776,21366,16845,31832,273,2191,2080,4501,12156,16536,1713,35726,-14987,-1918,-102304,-2421,-4380,-12048,-21382,-15590,-34013,1
2022-03-24 11:00:00,168363,263070,7416,19637,14403,36071,5677,21661,16625,31983,272,2138,2073,4469,12239,16163,1760,34867,-15358,-1866,-94707,-2396,-3924,-12221,-21668,-15984,-33107,1
2022-03-24 12:00:00,157943,257315,6977,19692,13507,37109,5077,21528,16753,31779,266,2141,2097,4406,12331,16233,1761,35679,-15026,-1875,-99372,-2309,-3902,-12715,-23602,-16451,-33918,1
2022-03-24 13:00:00,135180,253091,5943,20322,11727,37705,4246,22074,15814,31002,222,2121,2117,4202,12432,16224,1757,37670,-15188,-1899,-117911,-2085,-3792,-14379,-25978,-17828,-35913,1
2022-03-24 14:00:00,104202,246423,4296,21155,8734,37979,3120,22700,15771,30457,96,2085,1922,4343,12392,16299,1622,40861,-14686,-1989,-142221,-2421,-3907,-16859,-29245,-19580,-39239,1
2022-03-24 15:00:00,70728,244467,2391,21966,8330,37475,2084,22955,15899,30369,115,2073,1627,4599,12482,16858,1750,46130,-14470,-1958,-173739,-2972,-4376,-19575,-29145,-20871,-44380,1
2022-03-24 16:00:00,50227,251069,1249,22727,6995,39226,1974,23616,15288,30259,137,2151,1559,4569,12629,17403,1593,52913,-14971,-2014,-200842,-3010,-4774,-21478,-32231,-21642,-51320,1
2022-03-24 17:00:00,52902,261404,1186,24438,8154,41651,2269,24210,15864,31779,98,2270,1697,4532,12754,17593,1478,55382,-15915,-2172,-208502,-2835,-4839,-23252,-33497,-21941,-53904,1
2022-03-24 18:00:00,56853,264437,1208,24308,5814,39433,1948,23601,17199,33308,133,2352,1664,4293,12465,16952,1535,56724,-16109,-2219,-207584,-2629,-4487,-23100,-33619,-21653,-55189,1
2022-03-24 19:00:00,54237,248700,1000,23499,4989,36420,1539,21994,16442,32323,67,2340,1665,4034,12455,16283,1658,54164,-15881,-2273,-194463,-2369,-3828,-22499,-31431,-20455,-52506,1
2022-03-24 20:00:00,49400,234435,879,22291,3706,32573,1336,20544,14208,29236,16,2371,1645,3706,12209,15593,1564,51049,-15028,-2355,-185035,-2061,-3384,-21412,-28867,-19208,-49485,3
2022-03-24 21:00:00,46161,219253,787,21372,3796,29785,1320,19300,12774,26394,7,2239,1674,3452,12223,15106,1656,47820,-13620,-2232,-173092,-1778,-2883,-20585,-25989,-17980,-46164,3
2022-03-24 22:00:00,42571,203596,699,20318,3897,26907,1202,18272,11389,24827,4,1985,1595,3348,11698,14844,1796,44847,-13438,-1981,-161025,-1753,-3146,-19619,-23010,-17070,-43051,3
2022-03-24 23:00:00,39999,193178,603,19106,3835,25425,1212,17718,11015,23295,4,1720,1546,3269,11620,14422,1835,42333,-12280,-1716,-153179,-1723,-2802,-18503,-21590,-16506,-40498,1
2022-03-25 00:00:00,39689,188074,596,18286,3845,24770,1372,17506,10466,22370,3,1498,1573,3220,11724,14326,1644,40917,-11904,-1495,-148385,-1647,-2602,-17690,-20925,-16134,-39273,1
2022-03-25 01:00:00,38951,187365,603,17759,4509,24630,1434,17499,10254,21763,2,1376,1616,3231,11769,13814,1660,39988,-11509,-1374,-148414,-1615,-2045,-17156,-20121,-16065,-38328,1
2022-03-25 02:00:00,37806,190436,600,17695,4416,25016,1332,17893,10108,21730,2,1354,1753,3301,12155,13698,1443,39853,-11622,-1352,-152630,-1548,-1543,-17095,-20600,-16561,-38410,1
2022-03-25 03:00:00,35384,198445,583,18557,4373,26563,1341,18297,10350,22369,2,1312,1920,3560,12594,14800,1194,40353,-12019,-1310,-163061,-1640,-2206,-17974,-22190,-16956,-39159,1
2022-03-25 04:00:00,36653,215874,672,19839,5536,30310,1564,20066,10805,24876,2,1287,2195,4045,13195,15848,1097,42216,-14071,-1285,-179221,-1850,-2653,-19167,-24774,-18502,-41119,1
2022-03-25 05:00:00,53425,240785,1793,21456,9118,35369,2282,21400,11967,27853,2,1297,2429,4402,13455,17166,1074,45674,-15886,-1295,-187360,-1973,-3711,-19663,-26251,-19118,-44600,1
2022-03-25 06:00:00,84173,257158,3775,21104,12012,38627,3095,21677,13430,29988,23,1382,2550,4604,13653,17642,1231,47653,-16558,-1359,-172985,-2054,-3989,-17329,-26615,-18582,-46422,1
2022-03-25 07:00:00,106541,263335,5485,20286,13016,39048,3982,21353,14674,30911,115,1651,2878,4523,13295,17355,1536,45909,-16237,-1536,-156794,-1645,-4060,-14801,-26032,-17371,-44373,1
2022-03-25 08:00:00,130335,263766,6669,19584,14450,38475,4963,20753,14199,31238,240,2018,3233,4536,13254,17077,1773,42165,-17039,-1778,-133431,-1303,-3823,-12915,-24025,-15790,-40392,3
2022-03-25 09:00:00,158343,264640,7302,19247,15085,38068,5636,20887,14089,31233,336,2132,3584,4410,13241,16286,2094,38368,-17144,-1796,-106297,-826,-3045,-11945,-22983,-15251,-36274,3
2022-03-25 10:00:00,176678,266402,7500,19201,14900,36132,5933,20996,13999,31384,368,2128,3768,4232,13289,15922,2454,35768,-17385,-1760,-89724,-464,-2633,-11701,-21232,-15063,-33314,3
2022-03-25 11:00:00,184935,262974,7364,19304,14250,35761,5868,21078,14786,31478,369,2070,3922,4084,13190,15500,2689,34482,-16692,-1701,-78039,-162,-2310,-11940,-21511,-15210,-31793,3
2022-03-25 12:00:00,174840,255741,6705,19313,12878,36485,5292,21103,14039,31011,331,2040,3995,3931,12916,15315,3028,34963,-16972,-1709,-80901,64,-2399,-12608,-23607,-15811,-31935,3
2022-03-25 13:00:00,150342,248615,5501,19966,11008,36984,4708,21706,13663,30180,336,2035,4333,3877,12769,15135,3457,36751,-16517,-1699,-98273,456,-2366,-14465,-25976,-16998,-33294,3
2022-03-25 14:00:00,118046,242268,3763,20874,7946,37070,3654,22195,13057,29584,273,1915,4202,3940,12980,15915,4180,39880,-16527,-1642,-124222,262,-2935,-17111,-29124,-18541,-35700,3
2022-03-25 15:00:00,87269,241862,1854,21654,5825,36764,2860,22228,12248,29245,161,1891,4003,4219,13371,16510,4432,44591,-16997,-1730,-154593,-216,-3139,-19800,-30939,-19368,-40159,3
2022-03-25 16:00:00,65994,246525,707,22434,5995,38690,3363,22993,12275,28944,94,1918,3892,4275,13643,16529,4241,51339,-16669,-1824,-180531,-383,-2886,-21727,-32695,-19630,-47098,3
2022-03-25 17:00:00,72669,255439,611,23994,7309,41120,3960,23553,13461,30435,39,2033,3968,4198,13748,16080,4222,53800,-16974,-1994,-182770,-230,-2332,-23383,-33811,-19593,-49578,3
2022-03-25 18:00:00,77924,257605,665,23907,5554,38648,4222,22813,14243,31728,69,2142,3943,3906,13741,15674,4967,54919,-17485,-2073,-179681,37,-1933,-23242,-33094,-18591,-49952,3
2022-03-25 19:00:00,75816,241760,660,23162,4436,35612,4521,21348,12349,30964,69,2146,4045,3683,13658,15770,5399,52556,-18615,-2077,-165944,362,-2112,-22502,-31176,-16827,-47157,3
2022-03-25 20:00:00,77989,228132,633,22142,3441,31975,4606,19930,11463,28451,33,2207,4055,3472,13051,15147,5507,49451,-16988,-2174,-150143,583,-2096,-21509,-28534,-15324,-43944,3
2022-03-25 21:00:00,77671,216799,612,21247,3360,29254,4818,18784,11652,25948,24,2066,4185,3280,12581,14606,5007,46890,-14296,-2042,-139128,905,-2025,-20635,-25894,-13966,-41883,3
2022-03-25 22:00:00,76652,202845,626,20163,3452,26775,4996,17701,11862,24628,9,1865,4364,3196,11971,13987,4653,44507,-12766,-1856,-126193,1168,-2016,-19537,-23323,-12705,-39854,3
2022-03-25 23:00:00,71158,191110,621,19001,3583,25361,5202,17076,10949,22948,4,1645,4626,3091,11874,13687,4155,41987,-11999,-1641,-119952,1535,-1813,-18380,-21778,-11874,-37832,3
2022-03-26 00:00:00,70710,185006,626,18198,3501,24377,5587,16787,10840,21671,4,1442,4774,2972,11801,13694,2956,40161,-10831,-1438,-114296,1802,-1893,-17572,-20876,-11200,-37205,3
2022-03-26 01:00:00,73813,182900,617,17499,3501,23988,5707,16591,10544,21072,12,1324,4703,3074,11928,13866,2302,39289,-10528,-1312,-109087,1629,-1938,-16882,-20487,-10884,-36987,3
2022-03-26 02:00:00,77551,183447,644,17387,3574,24069,5854,16705,10360,20860,20,1299,4444,3100,11999,14069,2407,38847,-10500,-1279,-105896,1344,-2070,-16743,-20495,-10851,-36440,3
2022-03-26 03:00:00,82035,187054,620,17858,4025,24794,6035,16497,9710,20682,13,1238,4072,3167,12429,14207,2437,39236,-10972,-1225,-105019,905,-1778,-17238,-20769,-10462,-36799,3
2022-03-26 04:00:00,87428,189210,740,18423,4602,25975,6231,16986,9320,21103,12,1207,3666,3332,12542,14673,2284,39836,-11783,-1195,-101782,334,-2131,-17683,-21373,-10755,-37552,3
2022-03-26 05:00:00,100828,194707,1882,19495,7585,28796,6511,17913,9428,21819,19,1212,3347,3649,12582,15217,2164,40183,-12391,-1193,-93879,-302,-2635,-17613,-21211,-11402,-38019,3
2022-03-26 06:00:00,121802,207098,3772,19379,11342,31508,6969,18866,10654,23527,90,1238,3610,3775,12651,15170,2278,39097,-12873,-1148,-85296,-165,-2519,-15607,-20166,-11897,-36819,3
2022-03-26 07:00:00,146601,217797,5429,18790,13159,32199,7638,19312,11633,26005,224,1348,3720,3822,12888,15254,2040,37209,-14372,-1124,-71196,-102,-2366,-13361,-19040,-11674,-35169,3
2022-03-26 08:00:00,173308,224648,6637,18286,13796,31318,8063,19603,11945,27318,297,1592,3544,3847,13304,15541,2020,34721,-15373,-1295,-51340,-303,-2237,-11649,-17522,-11540,-32701,3
2022-03-26 09:00:00,199822,229592,7294,18097,14601,30254,7757,19518,12405,27799,364,1765,3561,3807,13377,15466,2440,31750,-15394,-1401,-29770,-246,-2089,-10803,-15653,-11761,-29310,3
2022-03-26 10:00:00,208214,228660,7466,18016,14903,28978,7763,19744,12214,27948,466,1840,3120,3744,13262,14910,3020,29699,-15734,-1374,-20446,-624,-1648,-10550,-14075,-11981,-26679,3
2022-03-26 11:00:00,211568,221765,7368,18033,15037,27651,7102,19421,12574,28206,586,1813,2801,3620,12985,14841,3637,28580,-15632,-1227,-10197,-819,-1856,-10665,-12614,-12319,-24943,3
2022-03-26 12:00:00,201522,214534,6828,17816,13899,27399,6632,19382,13084,27716,666,1747,2470,3553,12555,14746,3457,28679,-14632,-1081,-13012,-1083,-2191,-10988,-13500,-12750,-25222,1
2022-03-26 13:00:00,179930,208852,5677,18265,11646,27433,6223,19553,12907,26498,567,1698,2263,3517,11775,14795,3584,29810,-13591,-1131,-28922,-1254,-3020,-12588,-15787,-13330,-26226,1
2022-03-26 14:00:00,148976,205792,4067,19095,8103,28126,5608,19599,11331,25691,420,1617,2248,3670,11351,14948,4112,32912,-14360,-1197,-56816,-1422,-3597,-15028,-20023,-13991,-28800,1
2022-03-26 15:00:00,109551,206359,2136,19881,6656,29105,4472,19716,10021,25367,306,1557,1785,3978,11604,16003,5154,38025,-15346,-1251,-96808,-2193,-4399,-17745,-22449,-15244,-32871,1
2022-03-26 16:00:00,79939,214711,989,20587,7960,31797,4009,20370,9069,25573,201,1589,1599,4079,12016,17194,5748,44833,-16504,-1388,-134772,-2480,-5178,-19598,-23837,-16361,-39085,1
2022-03-26 17:00:00,79521,221721,919,22096,8563,34439,4018,20707,9340,26922,101,1715,1672,4054,11553,17163,6472,48807,-17582,-1614,-142200,-2382,-5610,-21177,-25876,-16689,-42335,1
2022-03-26 18:00:00,79707,223040,929,22050,7702,32595,3680,20117,9746,28741,100,1888,1575,3877,11203,16557,8165,50281,-18995,-1788,-143333,-2302,-5354,-21121,-24893,-16437,-42116,1
2022-03-26 19:00:00,71402,210908,1038,21300,5171,30039,3249,19017,9385,28506,113,1932,1332,3654,10701,15840,8921,48658,-19121,-1819,-139506,-2322,-5139,-20262,-24868,-15768,-39737,1
2022-03-26 20:00:00,64254,201555,1122,20453,5107,27785,2769,17942,8436,26560,150,1988,1099,3468,10409,15550,8303,46469,-18124,-1838,-137301,-2369,-5141,-19331,-22678,-15173,-38166,1
2022-03-26 21:00:00,57272,191240,1070,19694,5436,25691,2301,16811,7759,24505,173,1843,903,3324,10575,15771,6553,44134,-16746,-1670,-133968,-2421,-5196,-18624,-20255,-14510,-37581,1
2022-03-26 22:00:00,52525,179510,1208,18611,5438,23903,2197,15999,7631,22814,159,1690,1056,3214,10568,15633,4313,41802,-15183,-1531,-126985,-2158,-5065,-17403,-18465,-13802,-37489,1
2022-03-26 23:00:00,49592,169303,1345,17427,5389,22351,2064,15657,7450,21245,188,1525,1052,3133,10331,15279,3237,39841,-13795,-1337,-119711,-2081,-4948,-16082,-16962,-13593,-36604,1
2022-03-27 00:00:00,43951,164532,1332,16633,6193,21498,2130,15172,7463,20087,224,1317,1087,3091,10270,15006,2811,37929,-12624,-1093,-120581,-2004,-4736,-15301,-15305,-13042,-35118,1
2022-03-27 01:00:00,42865,160711,1364,16123,5613,21059,2199,15141,7387,19532,317,1217,1258,3079,10231,14767,2639,37273,-12145,-900,-117846,-1821,-4536,-14759,-15446,-12942,-34634,1
2022-03-27 02:00:00,38811,162229,1326,16013,5754,21363,2120,15165,7125,19192,243,1170,1366,3108,10625,14790,2211,37174,-12067,-927,-123418,-1742,-4165,-14687,-15609,-13045,-34963,1
2022-03-27 03:00:00,37979,164032,1130,16108,6074,22341,2156,15121,7251,19591,121,1157,1488,3254,11081,14757,2173,37145,-12340,-1036,-126053,-1766,-3676,-14978,-16267,-12965,-34972,1
2022-03-27 04:00:00,40496,166556,1117,16436,7099,22738,2211,15124,7404,20209,51,1180,1774,3359,11577,14374,1916,37772,-12805,-1129,-126060,-1585,-2797,-15319,-15639,-12913,-35856,1
2022-03-27 05:00:00,46579,170717,2004,16924,8934,24420,2908,15499,8424,20148,117,1238,2149,3566,11991,14825,2112,38394,-11724,-1121,-124138,-1417,-2834,-14920,-15486,-12591,-36282,1
2022-03-27 06:00:00,70129,183114,3580,17378,10742,25595,3668,15875,10546,21447,257,1310,2754,3645,12037,15376,1854,38556,-10901,-1053,-112985,-891,-3339,-13798,-14853,-12207,-36702,3
2022-03-27 07:00:00,97979,195032,5150,17564,13133,26847,4712,16186,13376,23269,358,1490,3220,3662,12195,15357,1726,36920,-9893,-1132,-97053,-442,-3162,-12414,-13714,-11474,-35194,3
2022-03-27 08:00:00,125355,202429,6490,17362,15075,27425,5344,16259,15687,24492,422,1630,3611,3664,12479,15192,1685,34104,-8805,-1208,-77074,-53,-2713,-10872,-12350,-10915,-32419,3
2022-03-27 09:00:00,151853,210474,7262,16793,15932,27339,5877,16470,18733,24942,482,1718,4001,3631,12621,15236,2339,31221,-6209,-1236,-58621,370,-2615,-9531,-11407,-10593,-28882,3
2022-03-27 10:00:00,169627,207550,7133,16214,16095,25440,6052,16600,19214,25307,504,1739,4168,3599,12383,14982,2498,28801,-6093,-1235,-37923,569,-2599,-9081,-9345,-10548,-26303,3
2022-03-27 11:00:00,178586,199258,6809,15600,15744,24105,6103,16465,19855,25194,586,1757,4195,3517,12388,14525,2535,26417,-5339,-1171,-20672,678,-2137,-8791,-8361,-10362,-23882,3
2022-03-27 12:00:00,175350,193709,6253,15734,14009,23798,5527,16195,19111,23799,663,1664,4229,3417,12688,14529,2712,25363,-4688,-1001,-18359,812,-1841,-9481,-9789,-10668,-22651,3
2022-03-27 13:00:00,161007,190431,5467,16250,11883,23931,5026,16660,18841,22936,589,1554,4062,3449,12803,15142,3058,26775,-4095,-965,-29424,613,-2339,-10783,-12048,-11634,-23717,3
2022-03-27 14:00:00,130485,189930,4005,17202,9786,24782,4413,17252,18200,22373,522,1541,4107,3796,12990,15984,3314,30572,-4173,-1019,-59445,311,-2994,-13197,-14996,-12839,-27258,3
2022-03-27 15:00:00,90810,194448,2118,18352,6544,26611,3394,17962,16237,22441,391,1616,3965,3970,13174,16246,3608,37620,-6204,-1225,-103638,-5,-3072,-16234,-20067,-14568,-34012,3
2022-03-27 16:00:00,63267,204586,907,19814,9024,29842,3250,19154,12750,23212,318,1738,3652,3893,13121,16492,3436,43116,-10462,-1420,-141319,-241,-3371,-18907,-20818,-15904,-39680,3
2022-03-27 17:00:00,62331,212940,738,21648,9332,31373,3853,19483,11766,25823,335,1758,3550,3875,13076,16353,3725,46588,-14057,-1423,-150609,-325,-3277,-20910,-22041,-15630,-42863,3
2022-03-27 18:00:00,67105,213939,753,21446,8354,29553,4259,18758,12512,28078,320,1831,3734,3711,12736,15974,3865,48082,-15566,-1511,-146834,23,-3238,-20693,-21199,-14499,-44217,3
2022-03-27 19:00:00,61893,206768,742,20340,7634,27682,4483,17829,12365,26596,207,1961,3904,3456,12742,15322,3966,46475,-14231,-1754,-144875,448,-2580,-19598,-20048,-13346,-42509,3
2022-03-27 20:00:00,53685,200102,735,19181,5116,25423,4757,16711,10965,24446,210,1786,3671,3240,0,14791,3933,44260,-13481,-1576,-146417,431,-14791,-18446,-20307,-11954,-40327,3
2022-03-27 21:00:00,52267,189435,732,18025,5436,23092,4680,15846,10747,22397,211,1572,3588,3106,12180,14107,2495,41670,-11650,-1361,-137168,482,-1927,-17293,-17656,-11166,-39175,3
2022-03-27 22:00:00,50517,181051,728,17074,5299,21582,4612,15560,11250,20871,192,1368,3536,3003,12123,13781,1960,40233,-9621,-1176,-130534,533,-1658,-16346,-16283,-10948,-38273,3
2022-03-27 23:00:00,49554,175999,726,16459,5623,20875,4643,15314,11762,20079,158,1247,3634,2972,12204,13877,1382,38998,-8317,-1089,-126445,662,-1673,-15733,-15252,-10671,-37616,3
2022-03-28 00:00:00,48921,175277,721,16010,5564,20630,4603,15403,11673,19695,154,1198,3689,2965,12219,13958,954,38473,-8022,-1044,-126356,724,-1739,-15289,-15066,-10800,-37519,3
2022-03-28 01:00:00,51514,179791,721,16046,5841,21091,4711,15895,11607,19627,154,1213,3757,3038,12597,14271,804,38494,-8020,-1059,-128277,719,-1674,-15325,-15250,-11184,-37690,3
2022-03-28 02:00:00,49789,188160,723,16811,4966,23274,4954,16996,10701,20429,96,1183,3800,3306,13032,14905,727,39056,-9728,-1087,-138371,494,-1873,-16088,-18308,-12042,-38329,3
2022-03-28 03:00:00,48030,207935,740,19019,6031,29069,5221,19649,10207,23428,41,1197,3875,3873,13827,16358,624,41481,-13221,-1156,-159905,2,-2531,-18279,-23038,-14428,-40857,3
2022-03-28 04:00:00,57828,239114,880,21788,8007,34345,5747,21608,10787,27354,29,1304,4260,4430,13889,17559,548,46415,-16567,-1275,-181286,-170,-3670,-20908,-26338,-15861,-45867,3
2022-03-28 05:00:00,70867,256093,2082,22043,10354,38641,6416,22079,11524,29529,39,1595,4390,4689,14119,17894,548,51915,-18005,-1556,-185226,-299,-3775,-19961,-28287,-15663,-51367,3
2022-03-28 06:00:00,87665,264332,4036,21162,11489,39767,7167,21741,12874,30293,138,1989,4342,4688,14379,17876,560,53912,-17419,-1851,-176667,-346,-3497,-17126,-28278,-14574,-53352,3
2022-03-28 07:00:00,108002,267081,5691,20103,11979,39289,8123,21014,14849,30740,259,2192,4393,4699,14317,17580,647,51705,-15891,-1933,-159079,-306,-3263,-14412,-27310,-12891,-51058,3
2022-03-28 08:00:00,132319,268404,6840,19358,11615,38271,9069,20862,16088,30581,357,2207,4380,4622,14483,17177,748,47684,-14493,-1850,-136085,-242,-2694,-12518,-26656,-11793,-46936,3
2022-03-28 09:00:00,160489,270055,7455,19018,11637,36009,9732,21093,18225,30439,403,2172,4411,4508,14370,16340,892,42935,-12214,-1769,-109566,-97,-1970,-11563,-24372,-11361,-42043,3
2022-03-28 10:00:00,183814,267838,7640,19012,11705,36099,9968,20937,19615,30416,351,2114,4810,4489,14677,16462,1092,38973,-10801,-1763,-84024,321,-1785,-11372,-24394,-10969,-37881,3
2022-03-28 11:00:00,193613,262763,7558,18679,11663,36977,9887,20703,19156,29912,312,2072,5222,4411,14688,16597,1510,35786,-10756,-1760,-69150,811,-1909,-11121,-25314,-10816,-34276,3
2022-03-28 12:00:00,190722,259059,6954,18990,10462,36871,9547,20883,17348,29062,231,1996,5354,4438,14318,16573,1700,35119,-11714,-1765,-68337,916,-2255,-12036,-26409,-11336,-33419,3
2022-03-28 13:00:00,178495,253658,5804,19619,8791,36460,8907,21260,15709,28364,187,1959,5493,4320,14090,16873,1546,37131,-12655,-1772,-75163,1173,-2783,-13815,-27669,-12353,-35585,3
2022-03-28 14:00:00,152061,248625,4139,20412,6739,35762,8005,21861,13656,27934,149,2027,5285,4483,13980,17035,1255,41401,-14278,-1878,-96564,802,-3055,-16273,-29023,-13856,-40146,3
2022-03-28 15:00:00,116832,251413,2182,21079,5728,35611,6549,22162,11554,27482,108,2181,4922,4412,14165,17670,1235,48140,-15928,-2073,-134581,510,-3505,-18897,-29883,-15613,-46905,3
2022-03-28 16:00:00,87224,255828,973,22307,5702,37854,5726,23324,11349,28040,117,2246,4436,4241,13869,18200,1158,51717,-16691,-2129,-168604,195,-4331,-21334,-32152,-17598,-50559,3
2022-03-28 17:00:00,85071,260160,836,23911,5957,38962,5849,23605,12009,30151,175,2117,4207,4216,13057,17544,1201,53787,-18142,-1942,-175089,-9,-4487,-23075,-33005,-17756,-52586,3
2022-03-28 18:00:00,80367,254606,863,23418,5403,36270,5362,22012,12551,31271,126,2090,3927,4025,12772,17037,1272,54489,-18720,-1964,-174239,-98,-4265,-22555,-30867,-16650,-53217,3
2022-03-28 19:00:00,72636,239241,981,21796,3263,32731,4996,20334,11726,28593,44,2155,3704,3813,12560,16429,1436,51865,-16867,-2111,-166605,-109,-3869,-20815,-29468,-15338,-50429,3
2022-03-28 20:00:00,70000,225076,1093,20836,2890,29395,4586,18967,9101,25907,8,1967,3504,3553,12205,15672,1602,48484,-16806,-1959,-155076,-49,-3467,-19743,-26505,-14381,-46882,3
2022-03-28 21:00:00,66514,209542,1053,20091,3033,26747,4013,17825,7637,24201,2,1710,3279,3355,12499,15272,1537,45239,-16564,-1708,-143028,-76,-2773,-19038,-23714,-13812,-43702,3
2022-03-28 22:00:00,62088,196916,1087,19114,3209,25340,3466,17221,7095,22686,5,1490,3164,3271,12291,15135,918,42520,-15591,-1485,-134828,-107,-2844,-18027,-22131,-13755,-41602,3
2022-03-28 23:00:00,63059,189884,1061,18167,3505,24561,3221,17037,6872,21743,12,1351,3096,3230,12218,15174,1081,40730,-14871,-1339,-126825,-134,-2956,-17106,-21056,-13816,-39649,3
2022-03-29 00:00:00,64181,187917,961,17424,3761,24480,3089,17165,6641,21310,9,1302,2831,3247,12290,15464,1074,40317,-14669,-1293,-123736,-416,-3174,-16463,-20719,-14076,-39243,3
2022-03-29 01:00:00,64034,189944,948,17324,3919,24779,2861,17490,6378,21257,6,1303,2646,3353,12411,15585,734,40036,-14879,-1297,-125910,-707,-3174,-16376,-20860,-14629,-39302,3
2022-03-29 02:00:00,61032,197397,899,17948,3495,26606,2483,18291,5387,21805,3,1274,2519,3625,12370,16179,1062,40293,-16418,-1271,-136365,-1106,-3809,-17049,-23111,-15808,-39231,3
2022-03-29 03:00:00,57147,213573,859,19634,3519,31475,2277,20362,6119,24359,2,1284,2349,4213,12578,17855,844,42422,-18240,-1282,-156426,-1864,-5277,-18775,-27956,-18085,-41578,1
2022-03-29 04:00:00,61479,243203,1014,22033,5125,36008,2315,22070,7176,28098,2,1398,2314,4684,12720,19096,1070,47633,-20922,-1396,-181724,-2370,-6376,-21019,-30883,-19755,-46563,1
2022-03-29 05:00:00,74697,257801,2092,22323,8092,39814,2786,22962,8361,29971,21,1671,2350,4847,12731,19580,1299,53248,-21610,-1650,-183104,-2497,-6849,-20231,-31722,-20176,-51949,1
2022-03-29 06:00:00,86101,265580,3796,21422,10003,40742,3321,23092,9395,30749,63,2070,2641,4786,13037,19495,1632,55654,-21354,-2007,-179479,-2145,-6458,-17626,-30739,-19771,-54022,1
2022-03-29 07:00:00,97778,269326,5221,20442,11150,39792,3405,22851,9970,30974,206,2270,3015,4825,12665,19002,1669,54911,-21004,-2064,-171548,-1810,-6337,-15221,-28642,-19446,-53242,3
2022-03-29 08:00:00,113688,274248,6353,19647,12712,39417,3719,22892,10271,30980,277,2288,3269,4718,12434,18816,1991,52255,-20709,-2011,-160560,-1449,-6382,-13294,-26705,-19173,-50264,3
2022-03-29 09:00:00,130959,276701,6928,19289,13338,37651,3905,22938,10735,30940,363,2231,3514,4600,12222,18173,2232,47492,-20205,-1868,-145742,-1086,-5951,-12361,-24313,-19033,-45260,3
2022-03-29 10:00:00,146667,273587,7078,19197,13346,37073,4047,22805,10692,30893,324,2159,3792,4595,11752,17866,2218,43067,-20201,-1835,-126920,-803,-6114,-12119,-23727,-18758,-40849,3
2022-03-29 11:00:00,151399,270452,6908,19062,13108,37671,4164,22784,9922,30293,295,2126,4032,4483,11699,17471,2494,40043,-20371,-1831,-119053,-451,-5772,-12154,-24563,-18620,-37549,3
2022-03-29 12:00:00,145438,265732,6016,19590,12038,37494,4162,22902,9656,29524,173,2039,3985,4286,11691,17378,2551,38191,-19868,-1866,-120294,-301,-5687,-13574,-25456,-18740,-35640,3
2022-03-29 13:00:00,131584,261831,4570,20371,9797,37109,3505,22746,9259,28857,209,2059,3445,4264,11835,17411,2528,39512,-19598,-1850,-130247,-819,-5576,-15801,-27312,-19241,-36984,3
2022-03-29 14:00:00,110098,254331,3023,21156,7372,36145,2630,22733,9943,28451,197,2140,2973,4554,11804,17861,2561,43677,-18508,-1943,-144233,-1581,-6057,-18133,-28773,-20103,-41116,3
2022-03-29 15:00:00,88458,256065,1742,21649,6224,36149,1961,22655,9168,27965,208,2299,2273,4541,12108,18362,2533,49511,-18797,-2091,-167607,-2268,-6254,-19907,-29925,-20694,-46978,1
2022-03-29 16:00:00,75143,255459,967,22629,6137,38582,1985,23592,8845,28425,178,2364,1757,4381,12443,19319,2786,51884,-19580,-2186,-180316,-2624,-6876,-21662,-32445,-21607,-49098,1
2022-03-29 17:00:00,71110,256391,840,23912,6545,39162,2051,23770,9555,30464,232,2221,1752,4367,12550,19244,2760,53816,-20909,-1989,-185281,-2615,-6694,-23072,-32617,-21719,-51056,1
2022-03-29 18:00:00,63683,251835,877,23223,5612,36332,1565,22160,10685,31617,172,2164,1699,4180,12489,18117,3174,54433,-20932,-1992,-188152,-2481,-5628,-22346,-30720,-20595,-51259,1
2022-03-29 19:00:00,54790,237596,906,21720,5059,33088,1464,20708,9238,28997,114,2164,1732,3918,12422,17667,3887,51928,-19759,-2050,-182806,-2186,-5245,-20814,-28029,-19244,-48041,1
2022-03-29 20:00:00,51987,223129,1011,20766,5286,29945,1478,19510,7073,26230,149,1972,1399,3697,12483,17342,4470,48621,-19157,-1823,-171142,-2298,-4859,-19755,-24659,-18032,-44151,1
2022-03-29 21:00:00,47241,206240,1166,20012,5503,27109,1433,18386,7013,24676,183,1699,1240,3534,12279,16702,5148,45864,-17663,-1516,-158999,-2294,-4423,-18846,-21606,-16953,-40716,1
2022-03-29 22:00:00,46701,193947,1071,19014,5452,25574,1432,17764,6137,23136,198,1470,1096,3391,12280,16315,4467,43513,-16999,-1272,-147246,-2295,-4035,-17943,-20122,-16332,-39046,1
2022-03-29 23:00:00,45276,187284,942,18028,5293,24870,1291,17396,6180,22192,315,1344,1057,3313,12273,16433,3503,41793,-16012,-1029,-142008,-2256,-4160,-17086,-19577,-16105,-38290,1
2022-03-30 00:00:00,44543,183774,882,17450,5132,24635,1247,17397,6583,21651,395,1272,1097,3379,12270,16635,2953,40742,-15068,-877,-139231,-2282,-4365,-16568,-19503,-16150,-37789,1
2022-03-30 01:00:00,43469,186739,838,17294,5304,24999,1228,17735,7156,21410,343,1269,1221,3458,12366,17005,3010,40437,-14254,-926,-143270,-2237,-4639,-16456,-19695,-16507,-37427,1
2022-03-30 02:00:00,43210,195153,851,17896,4893,26562,1375,18493,7867,22021,422,1245,1272,3726,12626,17784,2814,40749,-14154,-823,-151943,-2454,-5158,-17045,-21669,-17118,-37935,1
2022-03-30 03:00:00,39525,212793,828,19536,5793,31351,1513,20624,9119,24623,479,1245,1345,4290,12847,19331,3217,42531,-15504,-766,-173268,-2945,-6484,-18708,-25558,-19111,-39314,1
2022-03-30 04:00:00,44409,241177,987,21954,6639,36092,1902,22291,11131,28459,636,1340,1483,4690,13025,20254,3635,47359,-17328,-704,-196768,-3207,-7229,-20967,-29453,-20389,-43724,1
2022-03-30 05:00:00,57950,257759,1761,22441,8440,40301,2641,22803,12445,30287,748,1630,1714,4859,12810,20537,3698,52533,-17842,-882,-199809,-3145,-7727,-20680,-31861,-20162,-48835,1
2022-03-30 06:00:00,66843,267577,2955,21792,10877,42301,3585,22500,13755,31013,840,2064,2157,4824,12874,20792,4123,53045,-17258,-1224,-200734,-2667,-7918,-18837,-31424,-18915,-48922,1
2022-03-30 07:00:00,74863,271764,3726,21271,11033,42501,4319,21981,14873,31298,1000,2242,2692,4960,12636,20012,3923,50017,-16425,-1242,-196901,-2268,-7376,-17545,-31468,-17662,-46094,1
2022-03-30 08:00:00,81042,274432,3988,21146,11165,42377,4801,22417,15542,31238,1232,2294,3135,4934,12337,19218,3646,45933,-15696,-1062,-193390,-1799,-6881,-17158,-31212,-17616,-42287,1
2022-03-30 09:00:00,86018,276508,4109,21355,11289,40804,4857,22578,16588,31446,1326,2283,3431,4839,12076,18398,2515,42530,-14858,-957,-190490,-1408,-6322,-17246,-29515,-17721,-40015,1
2022-03-30 10:00:00,85663,273496,4073,21523,11243,40369,4846,22717,16929,31201,1450,2269,3594,4837,12038,18023,2094,40767,-14272,-819,-187833,-1243,-5985,-17450,-29126,-17871,-38673,1
2022-03-30 11:00:00,85417,268474,3634,21322,10776,40732,4623,22998,17290,30493,1520,2234,3447,4755,12106,17989,1916,39963,-13203,-714,-183057,-1308,-5883,-17688,-29956,-18375,-38047,1
2022-03-30 12:00:00,83897,263312,3035,21811,10240,40485,4041,22933,18101,29725,1710,1061,3420,4643,12063,18044,1810,40490,-11624,649,-179415,-1223,-5981,-18776,-30245,-18892,-38680,1
2022-03-30 13:00:00,76774,259718,2491,22271,9934,39893,3413,22914,19147,29427,2032,1029,3170,4689,11917,18093,1852,42862,-10280,1003,-182944,-1519,-6176,-19780,-29959,-19501,-41010,1
2022-03-30 14:00:00,72782,257760,1898,22703,9795,39258,3216,22874,19295,29136,1972,1023,2987,4881,11756,18289,2100,47137,-9841,949,-184978,-1894,-6533,-20805,-29463,-19658,-45037,1
2022-03-30 15:00:00,66760,259925,1540,22698,7954,38408,3141,22775,18148,28600,1692,0,2781,4796,11866,18373,2368,52129,-10452,1692,-193165,-2015,-6507,-21158,-30454,-19634,-49761,1
2022-03-30 16:00:00,68103,262190,1506,23202,8594,40154,3014,23504,17630,28952,1208,1107,2657,4643,12047,19213,3162,53010,-11322,101,-194087,-1986,-7166,-21696,-31560,-20490,-49848,1
2022-03-30 17:00:00,70198,264272,1674,23966,8468,39344,3334,23622,15624,30474,1006,2158,3000,4607,12009,19499,3769,54353,-14850,-1152,-194074,-1607,-7490,-22292,-30876,-20288,-50584,1
2022-03-30 18:00:00,68282,257469,1621,23199,6849,36321,3327,22274,17125,31359,1184,2117,3004,4378,11785,18774,4782,55202,-14234,-933,-189187,-1374,-6989,-21578,-29472,-18947,-50420,1
2022-03-30 19:00:00,68375,244418,1637,21725,6588,32761,3154,20681,15262,28935,1324,2176,3022,4118,11555,17921,4867,52455,-13673,-852,-176043,-1096,-6366,-20088,-26173,-17527,-47588,1
2022-03-30 20:00:00,68465,230074,1543,20785,6931,29950,2990,19496,13716,26229,1190,1968,2900,3882,11509,17309,7084,49238,-12513,-778,-161609,-982,-5800,-19242,-23019,-16506,-42154,1
2022-03-30 21:00:00,70984,212587,1416,20013,7593,27174,2846,18474,13260,24517,1016,1679,2814,3687,11234,17168,9490,46443,-11257,-663,-141603,-873,-5934,-18597,-19581,-15628,-36953,1
2022-03-30 22:00:00,80915,201229,1276,18983,8346,25779,2803,18022,13442,23003,944,1440,2737,3621,11206,16762,10145,43800,-9561,-496,-120314,-884,-5556,-17707,-17433,-15219,-33655,1
2022-03-30 23:00:00,82629,195777,1101,18022,9172,25156,2756,17691,13517,22214,896,1305,2705,3603,11173,16694,10788,42011,-8697,-409,-113148,-898,-5521,-16921,-15984,-14935,-31223,1
2022-03-31 00:00:00,86862,194714,985,17380,9533,24832,2793,17713,13757,21790,914,1252,2644,3581,11313,17014,10860,41067,-8033,-338,-107852,-937,-5701,-16395,-15299,-14920,-30207,1
2022-03-31 01:00:00,95036,197902,918,17248,9320,25224,2832,17964,14467,21624,862,1275,2673,3628,11507,17356,9440,40564,-7157,-413,-102866,-955,-5849,-16330,-15904,-15132,-31124,1
2022-03-31 02:00:00,96540,205191,897,17823,8676,26622,2895,18675,14828,22221,949,1246,2713,3871,11667,17872,9506,41028,-7393,-297,-108651,-1158,-6205,-16926,-17946,-15780,-31522,1
2022-03-31 03:00:00,97412,222127,826,19484,8062,31087,3145,20857,15336,24717,960,1250,2573,4541,12225,19526,10200,43689,-9381,-290,-124715,-1968,-7301,-18658,-23025,-17712,-33489,1
2022-03-31 04:00:00,105643,249223,827,21986,9592,35967,3192,22791,16061,28350,894,1358,2625,5050,12373,20460,9690,48867,-12289,-464,-143580,-2425,-8087,-21159,-26375,-19599,-39177,1
2022-03-31 05:00:00,120872,265283,1028,23116,12686,40173,3639,23703,17319,30347,816,1663,2797,5192,12476,20682,9901,54713,-13028,-847,-144411,-2395,-8206,-22088,-27487,-20064,-44812,1
2022-03-31 06:00:00,128999,275102,1211,23593,13257,41458,4468,23873,18161,30929,791,2081,2918,5074,12268,20061,8740,57570,-12768,-1290,-146103,-2156,-7793,-22382,-28201,-19405,-48830,1
2022-03-31 07:00:00,134091,279394,1266,23957,12522,41339,5343,23589,20145,31135,1151,2252,3175,5100,12068,19170,9415,58136,-10990,-1101,-145303,-1925,-7102,-22691,-28817,-18246,-48721,1
2022-03-31 08:00:00,138459,283545,1456,24089,12791,40996,5824,23904,22095,31067,1410,2249,3447,5031,11874,18436,8083,57627,-8972,-839,-145086,-1584,-6562,-22633,-28205,-18080,-49544,1
2022-03-31 09:00:00,145086,285233,1572,24227,12705,39123,5961,24073,24364,31335,1568,2173,3700,4924,11843,18132,7927,56257,-6971,-605,-140147,-1224,-6289,-22655,-26418,-18112,-48330,1
2022-03-31 10:00:00,150927,284302,1707,24189,11529,38221,5970,24107,25248,31046,1512,2134,3599,4723,11800,17899,9071,54919,-5798,-622,-133375,-1124,-6099,-22482,-26692,-18137,-45848,1
2022-03-31 11:00:00,160597,279908,1719,23831,11557,38780,5852,23909,25242,30308,1540,2111,3542,4609,11759,17824,12488,55569,-5066,-571,-119311,-1067,-6065,-22112,-27223,-18057,-43081,1
2022-03-31 12:00:00,163771,276462,1720,23886,11860,38741,5919,23833,26167,29507,1524,1989,3353,4402,11737,17782,13473,56659,-3340,-465,-112691,-1049,-6045,-22166,-26881,-17914,-43186,1
2022-03-31 13:00:00,158256,273823,1496,23909,11588,38793,5895,23562,26160,28847,1904,1930,3327,4393,11681,17478,14015,56958,-2687,-26,-115567,-1066,-5797,-22413,-27205,-17667,-42943,1
2022-03-31 14:00:00,155494,270533,1306,23932,9677,37555,5840,23497,25766,28545,1820,1960,3318,4578,11749,17945,14906,57996,-2779,-140,-115039,-1260,-6196,-22626,-27878,-17657,-43090,1
2022-03-31 15:00:00,147022,272113,1089,23729,8950,37442,5429,23420,24372,28317,1902,2080,3041,4614,11688,18081,15223,60194,-3945,-178,-125091,-1573,-6393,-22640,-28492,-17991,-44971,1
2022-03-31 16:00:00,144976,273782,943,23848,9803,39204,5217,24036,20925,28867,1568,2146,2431,4517,11826,18852,15429,59321,-7942,-578,-128806,-2086,-7026,-22905,-29401,-18819,-43892,1
2022-03-31 17:00:00,144512,272740,928,24156,10738,39178,5384,24094,19140,30671,1243,2078,2538,4476,11796,19029,15829,59160,-11531,-835,-128228,-1938,-7233,-23228,-28440,-18710,-43331,1
2022-03-31 18:00:00,144394,265965,962,23245,10068,36165,5455,22634,20365,31765,1264,2066,2611,4313,11495,18452,15622,58399,-11400,-802,-121571,-1702,-6957,-22283,-26097,-17179,-42777,1
2022-03-31 19:00:00,145684,252916,975,21596,8546,32591,5157,21022,19552,29333,1074,2160,2664,4070,11312,17913,15118,55057,-9781,-1086,-107232,-1406,-6601,-20621,-24045,-15865,-39939,1
2022-03-31 20:00:00,146728,240512,974,20664,7930,29865,5012,19619,18571,26496,832,1978,2649,3828,11019,17359,15419,51197,-7925,-1146,-93784,-1179,-6340,-19690,-21935,-14607,-35778,1
2022-03-31 21:00:00,146267,228355,1008,20000,7954,27563,5019,18478,18173,24806,800,1725,2672,3678,10755,16960,16159,48004,-6633,-925,-82088,-1006,-6205,-18992,-19609,-13459,-31845,1
2022-03-31 22:00:00,148534,218826,1003,19008,8270,25790,5095,17926,18668,23229,774,1489,2645,3599,10669,16792,16444,45315,-4561,-715,-70292,-954,-6123,-18005,-17520,-12831,-28871,1
2022-03-31 23:00:00,153201,214342,1009,18085,8575,25055,5092,17659,19349,22369,563,1352,2649,3552,10688,16911,16451,43551,-3020,-789,-61141,-903,-6223,-17076,-16480,-12567,-27100,1
2022-04-01 00:00:00,151126,211435,986,17507,10051,24901,5140,17782,19341,21951,457,1311,2584,3527,10824,17029,15946,42624,-2610,-854,-60309,-943,-6205,-16521,-14850,-12642,-26678,1
2022-04-01 01:00:00,147265,211790,1034,17337,9989,25093,5211,18078,18866,21845,427,1322,2583,3594,11204,17235,15845,42226,-2979,-895,-64525,-1011,-6031,-16303,-15104,-12867,-26381,1
2022-04-01 02:00:00,145711,218104,1064,17897,8915,26516,5293,18884,18979,22331,474,1307,2718,3855,11780,17999,15529,42347,-3352,-833,-72393,-1137,-6219,-16833,-17601,-13591,-26818,1
2022-04-01 03:00:00,143226,234880,1131,19513,8875,31340,5474,20911,18396,24949,447,1317,2837,4431,12078,19323,14837,44303,-6553,-870,-91654,-1594,-7245,-18382,-22465,-15437,-29466,1
2022-04-01 04:00:00,142255,263245,1210,22044,10926,35969,5710,22872,18965,29011,423,1413,2900,4865,12197,20336,14567,49418,-10046,-990,-120990,-1965,-8139,-20834,-25043,-17162,-34851,1
2022-04-01 05:00:00,151771,280387,1476,23246,14423,40080,6332,24122,19494,30964,370,1708,2890,4975,12162,20345,14345,55210,-11470,-1338,-128616,-2085,-8183,-21770,-25657,-17790,-40865,1
2022-04-01 06:00:00,163331,290993,1846,23648,15677,41506,7588,24515,21874,31579,404,2093,3016,4900,12276,19719,14539,58846,-9705,-1689,-127662,-1884,-7443,-21802,-25829,-16927,-44307,1
2022-04-01 07:00:00,168806,295471,2392,23664,16658,41654,8441,24569,23968,31757,475,2281,3521,4885,12304,19010,15082,60042,-7789,-1806,-126665,-1364,-6706,-21272,-24996,-16128,-44960,3
2022-04-01 08:00:00,172308,301481,2796,23537,17133,41125,8993,24882,26042,31463,565,2308,3700,4741,12427,18723,15471,58594,-5421,-1743,-129173,-1041,-6296,-20741,-23992,-15889,-43123,3
2022-04-01 09:00:00,179928,303827,3077,23456,17247,39445,8830,24795,26298,31481,694,2257,3753,4607,12279,18459,15968,55676,-5183,-1563,-123899,-854,-6180,-20379,-22198,-15965,-39708,3
2022-04-01 10:00:00,183127,301020,3221,23249,16291,38493,8709,24731,26634,31127,818,2243,3671,4477,12305,18045,16282,53210,-4493,-1425,-117893,-806,-5740,-20028,-22202,-16022,-36928,3
2022-04-01 11:00:00,182040,293404,3184,22791,15541,38316,8613,24266,27188,30377,1124,2260,3766,4314,12064,17530,16443,52418,-3189,-1136,-111364,-548,-5466,-19607,-22775,-15653,-35975,3
2022-04-01 12:00:00,180898,286566,3014,22788,15769,38580,8510,24110,27475,29391,1127,2184,3687,4375,11929,17245,16533,51608,-1916,-1057,-105668,-688,-5316,-19774,-22811,-15600,-35075,3
2022-04-01 13:00:00,178045,279737,2820,22944,15132,38709,8278,23953,26824,28650,1372,2149,3721,4420,11862,17156,16500,51354,-1826,-777,-101692,-699,-5294,-20124,-23577,-15675,-34854,3
2022-04-01 14:00:00,171195,276184,2506,23078,13262,37383,7705,23619,26493,28437,1168,2150,3819,4593,11975,17413,16622,52511,-1944,-982,-104989,-774,-5438,-20572,-24121,-15914,-35889,3
2022-04-01 15:00:00,162831,278164,1998,22803,11910,36934,6978,23417,25508,28217,1086,2263,3460,4586,11976,17614,17289,55401,-2709,-1177,-115333,-1126,-5638,-20805,-25024,-16439,-38112,3
2022-04-01 16:00:00,155172,276793,1544,23141,11457,38262,6420,23975,21633,28653,858,2257,2990,4369,11892,18194,16850,55318,-7020,-1399,-121621,-1379,-6302,-21597,-26805,-17555,-38468,3
2022-04-01 17:00:00,150108,273659,1477,23732,11905,38470,6158,23999,18615,30220,632,2155,2854,4292,11759,18266,16466,55455,-11605,-1523,-123551,-1438,-6507,-22255,-26565,-17841,-38989,3
2022-04-01 18:00:00,145514,263779,1537,22940,11019,35520,5736,22363,18877,31697,590,2092,2640,4076,11518,17681,15836,55864,-12820,-1502,-118265,-1436,-6163,-21403,-24501,-16627,-40028,3
2022-04-01 19:00:00,147255,250012,1490,21745,10054,32345,5497,20854,17500,29592,580,2086,2365,3893,11651,17510,15533,52904,-12092,-1506,-102757,-1528,-5859,-20255,-22291,-15357,-37371,1
2022-04-01 20:00:00,141945,240216,1417,20985,9391,29788,5230,19574,16190,27195,498,1888,2268,3755,11500,17084,15472,50017,-11005,-1390,-98271,-1487,-5584,-19568,-20397,-14344,-34545,1
2022-04-01 21:00:00,141104,226680,1321,20156,8824,27429,5108,18506,15008,25691,482,1681,2191,3683,11545,16682,14361,47203,-10683,-1199,-85576,-1492,-5137,-18835,-18605,-13398,-32842,1
2022-04-01 22:00:00,134331,215444,1493,19101,9694,25761,5072,17975,13718,24116,455,1466,1947,3614,11694,16289,13203,44893,-10398,-1011,-81113,-1667,-4595,-17608,-16067,-12903,-31690,1
2022-04-01 23:00:00,127065,208266,1550,18196,10509,25120,4931,17461,12700,22862,552,1341,1785,3573,11602,16230,11606,42762,-10162,-789,-81201,-1788,-4628,-16646,-14611,-12530,-31156,1
2022-04-02 00:00:00,120629,203225,1575,17494,10216,24423,4927,17426,12446,22059,491,1268,1842,3421,11849,16518,10401,40974,-9613,-777,-82596,-1579,-4669,-15919,-14207,-12499,-30573,1
2022-04-02 01:00:00,116740,199691,1509,17210,9868,24516,4930,17439,12573,21737,574,1263,1908,3552,11830,16527,10028,40399,-9164,-689,-82951,-1644,-4697,-15701,-14648,-12509,-30371,1
2022-04-02 02:00:00,114280,198479,1464,17344,10139,25192,5028,17429,12452,21607,572,1226,1956,3636,11977,16670,9122,40449,-9155,-654,-84199,-1680,-4693,-15880,-15053,-12401,-31327,1
2022-04-02 03:00:00,111540,197913,1408,17609,9164,27163,5200,17845,12438,22102,489,1232,1943,3760,12030,17007,9601,40993,-9664,-743,-86373,-1817,-4977,-16201,-17999,-12645,-31392,1
2022-04-02 04:00:00,111219,201851,1496,18539,11463,29569,5320,19011,12920,23171,385,1276,1950,3896,12205,17209,9484,42765,-10251,-891,-90632,-1946,-5004,-17043,-18106,-13691,-33281,1
2022-04-02 05:00:00,112491,215439,1916,19838,14168,32443,6327,20514,13834,24238,385,1395,2118,4087,12293,17837,9061,44659,-10404,-1010,-102948,-1969,-5544,-17922,-18275,-14187,-35598,1
2022-04-02 06:00:00,123660,232892,2570,20756,17258,34316,7802,21579,18231,26514,500,1604,2325,4102,12391,17682,8334,45054,-8283,-1104,-109232,-1777,-5291,-18186,-17058,-13777,-36720,1
2022-04-02 07:00:00,136633,244088,3114,21400,19420,34830,8324,22121,24152,27813,513,1849,2598,4151,12124,17350,8635,43077,-3661,-1336,-107455,-1553,-5226,-18286,-15410,-13797,-34442,1
2022-04-02 08:00:00,151896,252501,3346,21794,18548,33688,8765,22340,28477,27744,670,1961,2448,4136,11865,17221,9114,40638,733,-1291,-100605,-1688,-5356,-18448,-15140,-13575,-31524,0
2022-04-02 09:00:00,160932,254529,3532,21903,18068,31899,8990,22288,29473,27534,712,1986,2269,4040,11476,16606,9888,40277,1939,-1274,-93597,-1771,-5130,-18371,-13831,-13298,-30389,0
2022-04-02 10:00:00,163662,248605,3456,21657,17740,31449,9085,21908,29430,27494,718,1938,2106,3886,11323,16225,9627,39811,1936,-1220,-84943,-1780,-4902,-18201,-13709,-12823,-30184,0
2022-04-02 11:00:00,171501,242783,3143,20996,17045,30396,8877,21284,29132,26866,657,1903,1947,3805,11623,16164,10995,38962,2266,-1246,-71282,-1858,-4541,-17853,-13351,-12407,-27967,0
2022-04-02 12:00:00,164694,235364,2807,20876,15527,30183,8401,20934,29409,25619,579,1809,2013,3782,11658,15938,11550,38196,3790,-1230,-70670,-1769,-4280,-18069,-14656,-12533,-26646,0
2022-04-02 13:00:00,150714,231665,2426,21055,14868,30590,7798,20615,29082,24863,450,1720,1957,3788,12124,15784,12261,38837,4219,-1270,-80951,-1831,-3660,-18629,-15722,-12817,-26576,0
2022-04-02 14:00:00,133423,228752,2117,21427,12255,30273,7255,20623,27856,24611,402,1700,1859,4028,12316,16108,12481,41733,3245,-1298,-95329,-2169,-3792,-19310,-18018,-13368,-29252,0
2022-04-02 15:00:00,119712,231793,1750,21423,12173,31710,6373,20559,25204,24794,283,1792,1712,4111,12423,16979,12020,46196,410,-1509,-112081,-2399,-4556,-19673,-19537,-14186,-34176,0
2022-04-02 16:00:00,111575,234785,1556,21748,12343,34206,5856,21095,19768,25552,301,1920,1571,4021,12378,17429,11332,48227,-5784,-1619,-123210,-2450,-5051,-20192,-21863,-15239,-36895,1
2022-04-02 17:00:00,102078,233024,1544,22477,13007,34674,5948,21234,16091,27286,284,1921,1462,3974,12323,17384,10150,50373,-11195,-1637,-130946,-2512,-5061,-20933,-21667,-15286,-40223,1
2022-04-02 18:00:00,92629,224929,1552,21928,10452,31684,5114,20159,17100,29277,238,1881,1483,3867,12286,17012,8846,51257,-12177,-1643,-132300,-2384,-4726,-20376,-21232,-15045,-42411,1
2022-04-02 19:00:00,84646,216935,1561,20878,9255,29083,4385,19102,16075,27757,159,1934,1420,3706,12120,16489,6485,49289,-11682,-1775,-132289,-2286,-4369,-19317,-19828,-14717,-42804,1
2022-04-02 20:00:00,75582,208042,1599,19919,9315,26852,3892,17871,14459,25609,78,1811,1478,3549,11774,16325,4878,46792,-11150,-1733,-132460,-2071,-4551,-18320,-17537,-13979,-41914,1
2022-04-02 21:00:00,68275,197010,1589,18943,8975,24599,3579,16749,12855,23997,26,1638,1358,3453,11680,15807,3424,44763,-11142,-1612,-128735,-2095,-4127,-17354,-15624,-13170,-41339,1
2022-04-02 22:00:00,61743,187086,1514,17929,8342,23054,3313,16166,11959,22365,15,1452,1511,3351,11333,15631,2624,42604,-10406,-1437,-125343,-1840,-4298,-16415,-14712,-12853,-39980,1
2022-04-02 23:00:00,57299,180111,1537,17202,8088,21951,2995,15646,11181,21209,9,1329,1835,3314,11233,15589,1772,41049,-10028,-1320,-122812,-1479,-4356,-15665,-13863,-12651,-39277,1
2022-04-03 00:00:00,54877,176570,1483,16748,9127,21531,2872,15562,11014,20521,17,1254,1964,3274,11387,15776,1591,40052,-9507,-1237,-121693,-1310,-4389,-15265,-12404,-12690,-38461,1
2022-04-03 01:00:00,57350,176703,1389,16515,9170,21558,2831,15630,10863,20306,31,1260,2076,3325,11501,15985,2033,39742,-9443,-1229,-119353,-1249,-4484,-15126,-12388,-12799,-37709,1
2022-04-03 02:00:00,59827,178082,1380,16792,8380,22088,2754,15636,10748,20209,44,1231,2361,3326,11510,16163,1605,39529,-9461,-1187,-118255,-965,-4653,-15412,-13708,-12882,-37924,3
2022-04-03 03:00:00,58890,175573,1407,17210,8080,22748,2635,15542,10528,20531,79,1206,2459,3468,11679,16211,1985,39593,-10003,-1127,-116683,-1009,-4532,-15803,-14668,-12907,-37608,3
2022-04-03 04:00:00,59888,175491,1549,18002,8118,23347,2622,16231,10641,20964,98,1225,2560,3648,11611,16573,1643,39951,-10323,-1127,-115603,-1088,-4962,-16453,-15229,-13609,-38308,3
2022-04-03 05:00:00,67914,182858,1904,19298,10772,25962,3353,17229,11394,21367,177,1292,2646,3823,11834,17142,2234,40206,-9973,-1115,-114944,-1177,-5308,-17394,-15190,-13876,-37972,1
2022-04-03 06:00:00,79614,196561,2489,20355,13717,28379,4101,18164,16353,23299,266,1413,3182,3872,11931,17027,2166,39330,-6946,-1147,-116947,-690,-5096,-17866,-14662,-14063,-37164,3
2022-04-03 07:00:00,93825,206825,3404,20862,14394,28299,5222,18775,22801,24676,414,1603,3603,3892,11876,16614,2925,37211,-1875,-1189,-113000,-289,-4738,-17458,-13905,-13553,-34286,3
2022-04-03 08:00:00,123965,216956,4386,20711,14994,28195,5877,19274,25794,25196,537,1757,4003,3865,11996,16001,3394,35586,598,-1220,-92991,138,-4005,-16325,-13201,-13397,-32192,0
2022-04-03 09:00:00,140147,224862,5111,20034,15658,28461,5711,19066,26907,25487,902,1819,3937,3783,12036,15546,3072,35756,1420,-917,-84715,154,-3510,-14923,-12803,-13355,-32684,0
2022-04-03 10:00:00,154904,220764,5263,19187,15904,27699,5954,19245,27089,26142,1278,1827,4090,3729,12109,15308,3327,36647,947,-549,-65860,361,-3199,-13924,-11795,-13291,-33320,0
2022-04-03 11:00:00,167566,215508,5034,18629,14722,26612,5599,18831,26798,26083,1036,1843,4498,3856,12150,15131,3435,35993,715,-807,-47942,642,-2981,-13595,-11890,-13232,-32558,0
2022-04-03 12:00:00,168200,211883,4754,18521,13439,25616,5393,18415,26534,24610,1800,1698,3954,3983,12294,15016,3728,35675,1924,102,-43683,-29,-2722,-13767,-12177,-13022,-31947,0
2022-04-03 13:00:00,164883,208094,4271,18616,10927,25918,5029,18303,25891,23993,1848,1641,3999,4105,12295,15333,3869,36056,1898,207,-43211,-106,-3038,-14345,-14991,-13274,-32187,0
2022-04-03 14:00:00,151616,208808,3512,19104,8716,26723,4174,18465,25350,23632,2070,1694,4373,4363,12662,16061,4205,38452,1718,376,-57192,10,-3399,-15592,-18007,-14291,-34247,0
2022-04-03 15:00:00,125242,216757,2469,19731,6656,28341,3122,19048,24278,24133,2200,1873,4110,4463,12938,16682,3880,43391,145,327,-91515,-353,-3744,-17262,-21685,-15926,-39511,1
2022-04-03 16:00:00,115952,220514,1433,20933,6069,30715,3039,19949,20978,25243,2405,1982,4108,4359,13077,17221,3948,46429,-4265,423,-104562,-251,-4144,-19500,-24646,-16910,-42481,1
2022-04-03 17:00:00,111707,223289,985,22321,7428,32390,3697,20288,19162,27723,2412,1926,4187,4209,13106,17173,3832,49100,-8561,486,-111582,-22,-4067,-21336,-24962,-16591,-45268,1
2022-04-03 18:00:00,109615,222381,867,22140,5791,30605,3679,19404,19753,29804,2242,1862,4239,4071,13077,16916,3842,50416,-10051,380,-112766,168,-3839,-21273,-24814,-15725,-46574,1
2022-04-03 19:00:00,110879,219818,877,21097,4977,28246,3913,18527,19212,28210,2340,1835,4431,3808,12471,16092,4734,49185,-8998,505,-108939,623,-3621,-20220,-23269,-14614,-44451,3
2022-04-03 20:00:00,116236,215400,835,20082,4443,26001,4429,17458,18886,25811,2614,1635,4340,3671,12083,15467,7258,46835,-6925,979,-99164,669,-3384,-19247,-21558,-13029,-39577,1
2022-04-03 21:00:00,119996,202810,794,19097,3489,23445,4572,16595,17887,23783,2667,1427,4465,3484,11771,15081,9527,44071,-5896,1240,-82814,981,-3310,-18303,-19956,-12023,-34544,1
2022-04-03 22:00:00,123589,194879,745,18066,3418,22121,4732,16285,17181,22199,1191,1219,4516,3392,11293,14841,11941,42234,-5018,-28,-71290,1124,-3548,-17321,-18703,-11553,-30293,3
2022-04-03 23:00:00,134209,191613,662,17345,3528,21511,4829,16120,16691,21468,0,1112,4993,3281,11111,14587,14021,40840,-4777,-1112,-57404,1712,-3476,-16683,-17983,-11291,-26819,3
2022-04-04 00:00:00,143959,192070,640,16910,3712,21380,5009,16145,16565,21044,0,1050,4970,3283,11331,14640,16009,40317,-4479,-1050,-48111,1687,-3309,-16270,-17668,-11136,-24308,3
2022-04-04 01:00:00,147830,195942,634,16915,3448,21808,5240,16592,15884,21069,0,1077,4928,3447,11772,14931,16704,40220,-5185,-1077,-48112,1481,-3159,-16281,-18360,-11352,-23516,3
2022-04-04 02:00:00,151815,204114,673,17760,3113,23858,5365,17732,15764,21981,0,1032,5074,3683,12361,15766,16953,40647,-6217,-1032,-52299,1391,-3405,-17087,-20745,-12367,-23694,3
2022-04-04 03:00:00,155171,223045,747,19918,4405,29701,5653,20379,14491,25306,0,1042,5192,4225,13448,17514,15528,42717,-10815,-1042,-67874,967,-4066,-19171,-25296,-14726,-27189,3
2022-04-04 04:00:00,176776,253595,911,22799,6080,34795,6451,22529,14889,29448,0,1153,5886,4756,13272,18842,15369,47804,-14559,-1153,-76819,1130,-5570,-21888,-28715,-16078,-32435,3
2022-04-04 05:00:00,194091,272028,1730,23357,9628,39383,7270,23373,17081,32008,0,1456,6132,5103,13418,19363,15267,53423,-14927,-1456,-77937,1029,-5945,-21627,-29755,-16103,-38156,3
2022-04-04 06:00:00,213115,281351,3087,22749,12383,40731,8669,23623,18612,32978,0,1851,6423,5242,13348,19294,15442,56503,-14366,-1851,-68236,1181,-5946,-19662,-28348,-14954,-41061,3
2022-04-04 07:00:00,242439,284159,4533,21937,11334,40376,10139,23336,20924,33717,0,2032,5825,5367,13277,19473,15510,57025,-12793,-2032,-41720,458,-6196,-17404,-29042,-13197,-41515,3
2022-04-04 08:00:00,263129,288865,5202,21424,11225,40226,10760,23372,22007,33607,0,2105,6076,5411,13171,19458,15542,57467,-11600,-2105,-25736,665,-6287,-16222,-29001,-12612,-41925,3
2022-04-04 09:00:00,274951,293213,6021,21207,11575,38707,11282,23436,22514,33550,0,2144,6248,5352,12995,19520,15573,58010,-11036,-2144,-18262,896,-6525,-15186,-27132,-12154,-42437,3
2022-04-04 10:00:00,280453,293390,5957,21220,11147,38403,11292,23347,21687,33232,0,2133,6181,5324,12730,19306,15689,57866,-11545,-2133,-12937,857,-6576,-15263,-27256,-12055,-42177,3
2022-04-04 11:00:00,279024,291077,5948,20955,11625,39291,10904,23020,20719,32884,0,2116,6630,5160,12796,19136,15626,57788,-12165,-2116,-12053,1470,-6340,-15007,-27666,-12116,-42162,3
2022-04-04 12:00:00,270394,287421,5527,21155,11046,38894,10653,23289,19918,32045,0,2023,6168,5082,12793,18802,15555,57852,-12127,-2023,-17027,1086,-6009,-15628,-27848,-12636,-42297,3
2022-04-04 13:00:00,266883,281875,4860,21637,9755,38222,9908,23189,19683,31425,0,2004,6493,5022,13195,18801,15271,58063,-11742,-2004,-14992,1471,-5606,-16777,-28467,-13281,-42792,3
2022-04-04 14:00:00,256307,278060,3680,22380,7891,37038,9194,23299,19104,31145,0,2048,6439,5199,14077,18944,14576,58477,-12041,-2048,-21753,1240,-4867,-18700,-29147,-14105,-43901,3
2022-04-04 15:00:00,233733,277673,2256,22848,6306,36702,8425,23288,19202,30882,0,2215,6342,5009,14479,18917,14028,60236,-11680,-2215,-43940,1333,-4438,-20592,-30396,-14863,-46208,3
2022-04-04 16:00:00,218822,279534,1264,23692,6229,38533,8241,24131,18556,31656,0,2238,6039,4850,14887,18566,13769,58918,-13100,-2238,-60712,1189,-3679,-22428,-32304,-15890,-45149,3
2022-04-04 17:00:00,215752,280058,1096,24759,7346,39576,8400,24289,18732,33418,0,2042,5617,4712,15050,17648,12818,58374,-14686,-2042,-64306,905,-2598,-23663,-32230,-15889,-45556,3
2022-04-04 18:00:00,209442,268079,1332,24253,5682,36821,7981,22648,19368,34349,0,1993,5758,4479,15113,16983,11755,56617,-14981,-1993,-58637,1279,-1870,-22921,-31139,-14667,-44862,3
2022-04-04 19:00:00,200041,255154,1493,22679,4627,33233,7657,21007,18260,31437,0,1976,5563,4228,14752,16556,11358,53491,-13177,-1976,-55113,1335,-1804,-21186,-28606,-13350,-42133,3
2022-04-04 20:00:00,191517,241960,1457,21681,4700,30065,7650,19545,16495,28107,0,1777,5345,4051,14501,16036,10526,49750,-11612,-1777,-50443,1294,-1535,-20224,-25365,-11895,-39224,3
2022-04-04 21:00:00,190579,229511,1329,20937,4181,27478,7640,18497,14878,26125,0,1539,5371,3781,12310,16037,9788,46612,-11247,-1539,-38932,1590,-3727,-19608,-23297,-10857,-36824,3
2022-04-04 22:00:00,192235,219474,1194,20036,4011,25838,7574,18015,14478,24499,0,1285,5331,3661,11934,15978,9433,43659,-10021,-1285,-27239,1670,-4044,-18842,-21827,-10441,-34226,3
2022-04-04 23:00:00,188001,212531,1066,19240,4193,25064,7510,17723,14961,23494,0,1179,5070,3676,11798,15937,8729,41681,-8533,-1179,-24530,1394,-4139,-18174,-20871,-10213,-32952,3
2022-04-05 00:00:00,183155,208549,1018,18609,4377,24798,7486,17768,14976,23141,0,1138,5141,3570,11838,16063,8105,40679,-8165,-1138,-25394,1571,-4225,-17591,-20421,-10282,-32574,3
2022-04-05 01:00:00,172565,208929,904,18469,4374,25256,7415,18153,14303,23160,0,1148,4943,3574,12082,16352,7580,40183,-8857,-1148,-36364,1369,-4270,-17565,-20882,-10738,-32603,3
2022-04-05 02:00:00,161631,216008,784,19139,4500,27285,7375,18992,14109,23862,0,1110,4679,3785,13451,17645,7448,40809,-9753,-1110,-54377,894,-4194,-18355,-22785,-11617,-33361,3
2022-04-05 03:00:00,151170,230527,755,20877,4787,31983,7462,21156,12527,26629,0,1084,4541,4342,14659,19203,7110,43172,-14102,-1084,-79357,199,-4544,-20122,-27196,-13694,-36062,3
2022-04-05 04:00:00,148414,257874,1022,23416,7254,37019,7542,23151,13219,30481,0,1211,4404,4859,14577,20212,7194,48267,-17262,-1211,-109460,-455,-5635,-22394,-29765,-15609,-41073,3
2022-04-05 05:00:00,149138,274865,2034,23887,12042,41057,7996,24134,14187,32880,0,1517,4432,4957,14436,20593,6985,53998,-18693,-1517,-125727,-525,-6157,-21853,-29015,-16138,-47013,3
2022-04-05 06:00:00,150460,281988,3464,23053,13350,41684,8437,24399,14582,34121,0,1933,4807,4911,14324,20542,7133,56557,-19539,-1933,-131528,-104,-6218,-19589,-28334,-15962,-49424,3
2022-04-05 07:00:00,150429,287549,4643,22419,13767,40554,8473,24050,15210,34794,0,2116,5021,4921,14183,19776,7901,56577,-19584,-2116,-137120,100,-5593,-17776,-26787,-15577,-48676,3
2022-04-05 08:00:00,148668,290731,5292,22028,14640,39584,8644,24212,15221,34557,0,2164,4927,4845,14111,19148,8549,55565,-19336,-2164,-142063,82,-5037,-16736,-24944,-15568,-47016,3
2022-04-05 09:00:00,151568,290195,5391,22122,15251,37557,8982,24103,15507,34601,0,2169,5087,4719,14037,18259,9310,54083,-19094,-2169,-138627,368,-4222,-16731,-22306,-15121,-44773,3
2022-04-05 10:00:00,149258,288147,5359,21904,15437,36998,9445,24240,15863,34409,0,2154,5097,4733,14086,17806,10036,51794,-18546,-2154,-138889,364,-3720,-16545,-21561,-14795,-41758,3
2022-04-05 11:00:00,147159,282839,5374,21490,14943,37622,8985,23702,15446,33602,0,2151,5196,4589,14316,17803,10843,51379,-18156,-2151,-135680,607,-3487,-16116,-22679,-14717,-40536,3
2022-04-05 12:00:00,143563,276979,5316,21462,13866,37750,8537,23838,14058,32645,0,2072,5344,4508,14514,18237,10848,51599,-18587,-2072,-133416,836,-3723,-16146,-23884,-15301,-40751,3
2022-04-05 13:00:00,136097,272202,5032,21618,12005,37528,7301,23487,12711,31835,0,2027,5165,4543,14561,18368,11096,53092,-19124,-2027,-136105,622,-3807,-16586,-25523,-16186,-41996,3
2022-04-05 14:00:00,131097,267845,3451,22096,9001,36661,5962,23419,11815,31359,0,2077,4783,4784,14424,18605,10380,54754,-19544,-2077,-136748,-1,-4181,-18645,-27660,-17457,-44374,3
2022-04-05 15:00:00,124278,268367,1955,22598,5768,36505,4640,23314,11569,30972,0,2216,4173,4705,14249,18769,9752,57519,-19403,-2216,-144089,-532,-4520,-20643,-30737,-18674,-47767,3
2022-04-05 16:00:00,122032,270066,924,23476,5241,38467,3838,24004,11762,31616,0,1142,3394,4575,14081,19179,9639,56913,-19854,-1142,-148034,-1181,-5098,-22552,-33226,-20166,-47274,1
2022-04-05 17:00:00,124482,270357,671,24641,6056,39804,3506,24224,12716,33342,0,1028,2774,4488,14024,19338,10986,56861,-20626,-1028,-145875,-1714,-5314,-23970,-33748,-20718,-45875,1
2022-04-05 18:00:00,125158,261574,674,24154,4732,36912,3385,22760,13186,34370,0,2013,2310,4306,13580,18337,10708,56229,-21184,-2013,-136416,-1996,-4757,-23480,-32180,-19375,-45521,3
2022-04-05 19:00:00,128225,248376,703,22605,4040,33324,3489,21134,12267,31591,0,2018,1937,4039,13308,17883,10798,53001,-19324,-2018,-120151,-2102,-4575,-21902,-29284,-17645,-42203,1
2022-04-05 20:00:00,131494,234658,718,21667,3658,30226,3635,19690,10949,28648,0,1834,1658,3789,13040,17249,10169,49113,-17699,-1834,-103164,-2131,-4209,-20949,-26568,-16055,-38944,1
2022-04-05 21:00:00,129657,219670,745,20943,3298,27448,3579,18508,9456,26515,0,1590,1367,3641,12697,16869,10845,46042,-17059,-1590,-90013,-2274,-4172,-20198,-24150,-14929,-35197,1
2022-04-05 22:00:00,130129,204481,755,20031,3087,25724,3495,17922,8345,24696,0,1360,1206,3554,12517,16579,12698,43125,-16351,-1360,-74352,-2348,-4062,-19276,-22637,-14427,-30427,1
2022-04-05 23:00:00,132609,196692,751,19050,3259,24958,3286,17652,6982,23834,0,1198,1073,3511,12507,16288,13185,41485,-16852,-1198,-64083,-2438,-3781,-18299,-21699,-14366,-28300,1
2022-04-06 00:00:00,141178,194674,725,18415,3116,24711,3007,17686,6407,23206,0,1131,1147,3546,12536,16389,13346,40574,-16799,-1131,-53496,-2399,-3853,-17690,-21595,-14679,-27228,1
2022-04-06 01:00:00,146488,195956,717,18285,3055,25043,2864,18111,6262,23242,0,1133,1422,3591,12840,16741,13859,40075,-16980,-1133,-49468,-2169,-3901,-17568,-21988,-15247,-26216,1
2022-04-06 02:00:00,156015,205509,778,18937,3128,27009,2585,18860,6891,23858,0,1120,1613,3812,12772,17255,14165,40452,-16967,-1120,-49494,-2199,-4483,-18159,-23881,-16275,-26287,1
2022-04-06 03:00:00,158686,222341,794,20561,3899,31545,2684,20946,7439,26221,0,1140,2327,4403,12916,18476,14509,42640,-18782,-1140,-63655,-2076,-5560,-19767,-27646,-18262,-28131,1
2022-04-06 04:00:00,171006,249372,1048,22918,6598,36371,3211,22956,9374,30047,0,1266,2927,4959,13095,19740,14638,47668,-20673,-1266,-78366,-2032,-6645,-21870,-29773,-19745,-33030,1
2022-04-06 05:00:00,183119,267576,2075,23244,10227,40043,4021,23900,11319,32269,0,1562,3699,5148,12751,19785,14558,53075,-20950,-1562,-84457,-1449,-7034,-21169,-29816,-19879,-38517,3
2022-04-06 06:00:00,193381,278411,3508,22351,11608,40531,4416,24067,13095,33526,0,1963,4505,5083,12490,19534,14721,56231,-20431,-1963,-85030,-578,-7044,-18843,-28923,-19651,-41510,3
2022-04-06 07:00:00,207517,283081,5149,21125,12601,39661,4865,23814,15000,33743,0,2103,5295,5014,12255,19462,14650,56586,-18743,-2103,-75564,281,-7207,-15976,-27060,-18949,-41936,3
2022-04-06 08:00:00,222757,288945,6193,20238,13046,38698,5518,24177,16391,33527,0,2112,5799,5168,12056,19242,14873,55615,-17136,-2112,-66188,631,-7186,-14045,-25652,-18659,-40742,3
2022-04-06 09:00:00,246552,292722,6671,19911,13111,36827,6333,24184,17316,33138,0,1063,6013,5118,11997,18802,15075,55142,-15822,-1063,-46170,895,-6805,-13240,-23716,-17851,-40067,3
2022-04-06 10:00:00,264313,293736,6678,19745,13947,36559,6528,23971,18845,32671,0,0,6091,5028,11824,18223,15128,54254,-13826,0,-29423,1063,-6399,-13067,-22612,-17443,-39126,3
2022-04-06 11:00:00,266893,287968,6822,19326,13561,37637,6338,23507,19840,31884,0,1005,5672,4900,11609,17699,15350,53967,-12044,-1005,-21075,772,-6090,-12504,-24076,-17169,-38617,3
2022-04-06 12:00:00,264464,281687,6447,19428,11868,37610,6593,23481,21593,30896,0,1940,5519,4814,11665,18095,15422,54288,-9303,-1940,-17223,705,-6430,-12981,-25742,-16888,-38866,3
2022-04-06 13:00:00,256842,276681,5716,19926,9903,37567,6396,22862,24564,30128,0,951,5511,4897,11719,18303,15409,55040,-5564,-951,-19839,614,-6584,-14210,-27664,-16466,-39631,3
2022-04-06 14:00:00,237352,271176,4423,20629,7444,36933,6107,23140,25971,29616,0,1027,5548,5054,11751,18684,15516,56437,-3645,-1027,-33824,494,-6933,-16206,-29489,-17033,-40921,3
2022-04-06 15:00:00,207666,270435,2645,21338,6282,37459,5784,23107,25099,29231,0,2125,5378,5020,11763,18462,15541,58433,-4132,-2125,-62769,358,-6699,-18693,-31177,-17323,-42892,3
2022-04-06 16:00:00,188880,270507,1323,22482,7354,39533,5724,23725,19697,29651,0,2169,4793,4718,11927,18502,15525,57288,-9954,-2169,-81627,75,-6575,-21159,-32179,-18001,-41763,3
2022-04-06 17:00:00,185416,272788,1073,23924,7937,39903,5885,24058,14953,31591,0,2030,4289,4494,12213,18689,15483,56969,-16638,-2030,-87372,-205,-6476,-22851,-31966,-18173,-41486,3
2022-04-06 18:00:00,181938,264177,1162,23718,5562,36837,5909,22589,14280,33074,0,1977,4018,4230,12361,18279,15450,55868,-18794,-1977,-82239,-212,-5918,-22556,-31275,-16680,-40418,3
2022-04-06 19:00:00,182300,252997,1137,22273,5310,33058,5656,20865,14036,30655,0,2001,3535,4039,12262,17507,15467,53262,-16619,-2001,-70697,-504,-5245,-21136,-27748,-15209,-37795,3
2022-04-06 20:00:00,186944,237245,1097,21326,6065,29769,5439,19404,12795,27830,0,1822,3227,3825,11874,16515,15389,49508,-15035,-1822,-50301,-598,-4641,-20229,-23704,-13965,-34119,3
2022-04-06 21:00:00,191932,223690,1091,20566,6506,27302,5459,18298,13124,25653,0,1548,3077,3793,12187,16129,15293,46449,-12529,-1548,-31758,-716,-3942,-19475,-20796,-12839,-31156,3
2022-04-06 22:00:00,194334,211697,938,19472,6647,25621,5505,17600,13325,24026,0,1297,2759,3735,12003,16051,15218,43486,-10701,-1297,-17363,-976,-4048,-18534,-18974,-12095,-28268,3
2022-04-06 23:00:00,194532,204844,775,18493,7607,24892,5598,17384,14039,23036,0,1134,2375,3655,11725,15881,15267,41676,-8997,-1134,-10312,-1280,-4156,-17718,-17285,-11786,-26409,1
2022-04-07 00:00:00,193348,203302,736,17830,7675,24756,5618,17435,14733,22713,0,1058,2280,3511,11745,15833,15333,40731,-7980,-1058,-9954,-1231,-4088,-17094,-17081,-11817,-25398,1
2022-04-07 01:00:00,193978,206870,797,17582,7750,24958,5705,17730,15519,22760,0,1068,2264,3534,11613,16019,15252,40395,-7241,-1068,-12892,-1270,-4406,-16785,-17208,-12025,-25143,1
2022-04-07 02:00:00,194705,213858,927,18285,7126,26599,5728,18267,16092,23345,0,1063,2695,3733,11898,16729,15222,40923,-7253,-1063,-19153,-1038,-4831,-17358,-19473,-12539,-25701,3
2022-04-07 03:00:00,197098,228643,1060,19951,7273,31168,5935,20338,15778,26052,0,1110,3021,4294,12103,17880,15111,42904,-10274,-1110,-31545,-1273,-5777,-18891,-23895,-14403,-27793,1
2022-04-07 04:00:00,208985,256089,1364,22435,9354,35879,6412,22164,16775,29772,0,1249,3549,4802,12601,19183,15044,47962,-12997,-1249,-47104,-1253,-6582,-21071,-26525,-15752,-32918,1
2022-04-07 05:00:00,220954,272927,1840,23456,13968,40101,6905,22524,18255,31652,0,1517,3891,5077,12667,19401,13465,53643,-13397,-1517,-51973,-1186,-6734,-21616,-26133,-15619,-40178,3
2022-04-07 06:00:00,235785,283009,2014,23425,15548,41143,7821,22288,22046,32196,0,1934,3775,5121,12820,19447,13965,57939,-10150,-1934,-47224,-1346,-6627,-21411,-25595,-14467,-43974,3
2022-04-07 07:00:00,243577,285734,2403,23191,15082,40194,8892,21680,25287,31879,0,2142,3807,5173,12825,19144,14395,56691,-6592,-2142,-42157,-1366,-6319,-20788,-25112,-12788,-42296,3
2022-04-07 08:00:00,249052,290762,3357,22763,16656,39449,9646,21660,27638,31454,0,2196,4108,5139,12982,19085,14056,50070,-3816,-2196,-41710,-1031,-6103,-19406,-22793,-12014,-36014,3
2022-04-07 09:00:00,255160,291846,4219,22125,17876,37410,10310,22093,29439,31023,0,2144,4426,5203,13190,19037,15572,48298,-1584,-2144,-36686,-777,-5847,-17906,-19534,-11783,-32726,3
2022-04-07 10:00:00,257632,291541,4591,21568,18729,37199,10297,21905,31133,30683,0,2118,4579,5017,13463,19233,15785,46424,450,-2118,-33909,-438,-5770,-16977,-18470,-11608,-30639,0
2022-04-07 11:00:00,257501,286620,4719,20849,18986,37477,10283,21793,31234,30026,0,2069,4446,4862,13523,19100,15658,45259,1208,-2069,-29119,-416,-5577,-16130,-18491,-11510,-29601,0
2022-04-07 12:00:00,250443,284395,4671,20804,19261,37648,9999,21828,31286,29331,0,1947,4429,4695,13590,19137,15243,46701,1955,-1947,-33952,-266,-5547,-16133,-18387,-11829,-31458,0
2022-04-07 13:00:00,247705,278471,4139,20904,18608,37932,9688,22075,30898,28880,0,1898,4042,4729,13432,18552,15428,48927,2018,-1898,-30766,-687,-5120,-16765,-19324,-12387,-33499,0
2022-04-07 14:00:00,242902,272780,3436,21156,14884,36832,9027,22448,30145,28537,0,1911,3881,4908,13389,18678,15407,52143,1608,-1911,-29878,-1027,-5289,-17720,-21948,-13421,-36736,0
2022-04-07 15:00:00,235540,275363,2437,21390,11487,36438,8029,22326,28346,28205,0,2077,4131,4843,13507,18503,15518,55371,141,-2077,-39823,-712,-4996,-18953,-24951,-14297,-39853,0
2022-04-07 16:00:00,225808,275425,1426,22398,11010,37787,7541,23109,23675,28703,0,2149,4045,4679,13985,18599,15089,55715,-5028,-2149,-49617,-634,-4614,-20972,-26777,-15568,-40626,3
2022-04-07 17:00:00,221347,275891,1395,23769,11213,38771,7383,23529,19999,30518,0,2084,4719,4581,14063,18607,14908,56683,-10519,-2084,-54544,138,-4544,-22374,-27558,-16146,-41775,3
2022-04-07 18:00:00,213768,267551,1407,23511,10632,36237,7034,22190,19166,32010,0,2069,5373,4439,13704,18043,15104,56577,-12844,-2069,-53783,934,-4339,-22104,-25605,-15156,-41473,3
2022-04-07 19:00:00,210258,252531,1263,22098,9685,32972,6830,20443,18378,29663,0,2129,5472,4216,13058,16829,14917,53733,-11285,-2129,-42273,1256,-3771,-20835,-23287,-13613,-38816,3
2022-04-07 20:00:00,208293,239340,1055,21110,9771,29831,6913,19204,17074,26982,0,1974,4944,3987,12266,15616,14884,50190,-9908,-1974,-31047,957,-3350,-20055,-20060,-12291,-35306,3
2022-04-07 21:00:00,211809,227433,919,20255,9736,27617,6910,18011,16812,25499,0,1702,4720,3801,10294,15053,14762,47188,-8687,-1702,-15624,919,-4759,-19336,-17881,-11101,-32426,3
2022-04-07 22:00:00,208925,217006,996,19209,9520,26062,7079,17501,16626,23995,0,1481,4662,3770,10211,15112,14246,44499,-7369,-1481,-8081,892,-4901,-18213,-16542,-10422,-30253,3
2022-04-07 23:00:00,209395,209812,1100,18235,9401,25189,7078,17254,16738,22899,0,1349,4664,3809,10403,14920,13481,42625,-6161,-1349,-417,855,-4517,-17135,-15788,-10176,-29144,3
2022-04-08 00:00:00,205824,207795,1218,17478,9213,24912,7039,17236,17222,22371,0,1282,4654,3797,11118,15490,12274,41469,-5149,-1282,-1971,857,-4372,-16260,-15699,-10197,-29195,3
2022-04-08 01:00:00,202312,209919,1274,17343,8928,25169,7196,17576,17384,22417,0,1296,4710,3818,12298,16308,11454,41164,-5033,-1296,-7607,892,-4010,-16069,-16241,-10380,-29710,3
2022-04-08 02:00:00,195351,216622,1357,17927,8477,26583,7270,18135,17341,23020,0,1264,5117,3984,13584,17121,11221,41547,-5679,-1264,-21271,1133,-3537,-16570,-18106,-10865,-30326,3
2022-04-08 03:00:00,187855,231610,1558,19522,9055,30666,7428,20172,16988,25536,0,1278,4765,4495,14685,18092,9740,43758,-8548,-1278,-43755,270,-3407,-17964,-21611,-12744,-34018,3
2022-04-08 04:00:00,184799,257145,1854,21823,10896,35221,7754,22078,17930,28798,0,1394,5213,4913,15229,19415,9085,48401,-10868,-1394,-72346,300,-4186,-19969,-24325,-14324,-39316,3
2022-04-08 05:00:00,186065,271776,2523,22547,14714,39142,8449,22650,19724,30506,0,1656,5686,5073,15191,19692,7726,52245,-10782,-1656,-85711,613,-4501,-20024,-24428,-14201,-44519,3
2022-04-08 06:00:00,192318,278449,3529,21992,17195,40076,9246,22886,23100,31036,0,2051,5935,5022,15173,19843,6826,52468,-7936,-2051,-86131,913,-4670,-18463,-22881,-13640,-45642,3
2022-04-08 07:00:00,199400,280702,4280,21284,18331,39535,9950,23043,25462,31005,0,2263,5961,5061,15261,19929,5835,51125,-5543,-2263,-81302,900,-4668,-17004,-21204,-13093,-45290,3
2022-04-08 08:00:00,201908,282900,4849,20886,19697,38822,9939,22857,27338,30810,0,2281,5682,5134,15318,19918,5158,48867,-3472,-2281,-80992,548,-4600,-16037,-19125,-12918,-43709,3
2022-04-08 09:00:00,196310,276892,5168,20576,19975,36928,10746,23234,29523,30528,0,2224,5534,4902,15118,19950,3645,48802,-1005,-2224,-80582,632,-4832,-15408,-16953,-12488,-45157,3
2022-04-08 10:00:00,181797,276559,4970,20459,19877,36003,10691,22532,31307,30315,0,2187,5492,4799,14844,19721,4708,48185,992,-2187,-94762,693,-4877,-15489,-16126,-11841,-43477,0
2022-04-08 11:00:00,167518,270131,4401,20401,19418,36589,10469,22112,31951,30032,0,2151,5244,4635,14445,19375,4689,47834,1919,-2151,-102613,609,-4930,-16000,-17171,-11643,-43145,0
2022-04-08 12:00:00,157220,265362,4111,20544,17507,36410,9464,22018,30560,29108,0,2031,5605,4447,14314,19186,4433,46499,1452,-2031,-108142,1158,-4872,-16433,-18903,-12554,-42066,0
2022-04-08 13:00:00,144552,258219,4100,20803,16565,36272,8172,22250,28425,28526,0,1922,5704,4478,13990,19377,4715,45977,-101,-1922,-113667,1226,-5387,-16703,-19707,-14078,-41262,3
2022-04-08 14:00:00,133174,258882,3493,21252,14069,35834,6715,22566,26236,28200,0,1903,5455,4566,13409,19442,5494,47821,-1964,-1903,-125708,889,-6033,-17759,-21765,-15851,-42327,3
2022-04-08 15:00:00,125531,260321,2290,21521,11348,35248,5473,22434,24068,28023,0,1958,5291,4652,13685,19189,6355,51807,-3955,-1958,-134790,639,-5504,-19231,-23900,-16961,-45452,3
2022-04-08 16:00:00,115661,258722,1509,22204,10725,37017,4766,23191,21145,28462,0,2014,4805,4442,13055,19195,8099,53115,-7317,-2014,-143061,363,-6140,-20695,-26292,-18425,-45016,3
2022-04-08 17:00:00,108717,257282,1677,23108,11400,37686,4519,23519,19817,29782,0,1953,4769,4188,12654,18906,9743,54384,-9965,-1953,-148565,581,-6252,-21431,-26286,-19000,-44641,3
2022-04-08 18:00:00,106884,248018,1769,22651,9310,34944,4173,21981,19310,30815,0,1941,4752,4027,12241,18251,9739,55117,-11505,-1941,-141134,725,-6010,-20882,-25634,-17808,-45378,3
2022-04-08 19:00:00,107873,235867,1729,21400,8680,32051,3678,20465,18058,28544,0,2002,4747,3935,11447,17775,9509,52632,-10486,-2002,-127994,812,-6328,-19671,-23371,-16787,-43123,3
2022-04-08 20:00:00,106236,224464,1439,20512,8481,29064,3321,19214,15902,26343,0,1878,4699,3727,10992,17291,9436,49541,-10441,-1878,-118228,972,-6299,-19073,-20583,-15893,-40105,3
2022-04-08 21:00:00,108289,210206,1039,19811,8632,26976,3012,18175,15048,24878,0,1666,4842,3572,11435,16977,11244,46831,-9830,-1666,-101917,1270,-5542,-18772,-18344,-15163,-35587,3
2022-04-08 22:00:00,111824,200379,1085,18775,8710,25428,2855,17511,12734,23478,0,1458,5092,3470,11512,16672,11086,43942,-10744,-1458,-88555,1622,-5160,-17690,-16718,-14656,-32856,3
2022-04-08 23:00:00,119137,194543,1310,17679,8793,24491,2830,16892,11951,22334,0,1306,5272,3400,11469,16465,11131,41959,-10383,-1306,-75406,1872,-4996,-16369,-15698,-14062,-30828,3
2022-04-09 00:00:00,131570,193150,1500,16930,8727,24178,3059,16819,11018,21638,0,1236,5285,3357,11734,16452,11899,40855,-10620,-1236,-61580,1928,-4718,-15430,-15451,-13760,-28956,3
2022-04-09 01:00:00,135228,193869,1475,16697,8483,24080,3209,16857,10815,21419,0,1251,5385,3387,12004,16323,11713,40271,-10604,-1251,-58641,1998,-4319,-15222,-15597,-13648,-28558,3
2022-04-09 02:00:00,143683,198269,1438,16887,8446,24731,3423,16848,10912,21328,0,1206,5383,3529,12176,16461,11537,40106,-10416,-1206,-54586,1854,-4285,-15449,-16285,-13425,-28569,3
2022-04-09 03:00:00,150061,200073,1415,17147,8833,26368,3906,17423,11372,21931,0,1191,5426,3535,12358,16462,11111,40421,-10559,-1191,-50012,1891,-4104,-15732,-17535,-13517,-29310,3
2022-04-09 04:00:00,150065,202964,1232,18191,10153,28513,4403,18663,10850,22732,0,1268,5334,3933,12660,16801,11903,42392,-11882,-1268,-52899,1401,-4141,-16959,-18360,-14260,-30489,3
2022-04-09 05:00:00,159757,215071,1617,19533,12374,30587,5200,19920,11455,23884,0,1394,5557,4113,12660,17078,12218,43479,-12429,-1394,-55314,1444,-4418,-17916,-18213,-14720,-31261,3
2022-04-09 06:00:00,179183,229532,2086,20749,14750,31659,6861,20751,13944,25734,0,1626,6059,4232,12796,17169,11504,43227,-11790,-1626,-50349,1827,-4373,-18663,-16909,-13890,-31723,3
2022-04-09 07:00:00,207240,241500,2667,21443,16178,31238,8142,20803,15619,26924,0,1859,6434,4279,11751,16801,11087,42565,-11305,-1859,-34260,2155,-5050,-18776,-15060,-12661,-31478,3
2022-04-09 08:00:00,228951,247036,3066,21843,18146,30439,8870,20726,16412,26932,0,1935,6197,4295,10597,16949,10249,40219,-10520,-1935,-18085,1902,-6352,-18777,-12293,-11856,-29970,3
2022-04-09 09:00:00,244109,248677,2971,22170,19141,29542,9203,20474,17226,26631,0,1930,5763,4258,10131,16780,10922,38857,-9405,-1930,-4568,1505,-6649,-19199,-10401,-11271,-27935,3
2022-04-09 10:00:00,252593,243676,2959,21799,19647,29129,9093,20055,17761,26587,0,1915,6026,4134,10008,16627,10239,37168,-8826,-1915,8917,1892,-6619,-18840,-9482,-10962,-26929,2
2022-04-09 11:00:00,242537,235483,3114,20876,19566,28778,9012,19602,18207,26120,0,1886,5332,4063,9839,16554,9593,35828,-7913,-1886,7054,1269,-6715,-17762,-9212,-10590,-26235,2
2022-04-09 12:00:00,233650,226349,3233,20480,17382,28296,8631,19216,18999,24840,0,1818,5743,4047,9583,16286,9137,34557,-5841,-1818,7301,1696,-6703,-17247,-10914,-10585,-25420,2
2022-04-09 13:00:00,233056,223493,2875,20372,16002,28695,7813,19034,18999,24085,0,1762,5881,3972,10350,16354,9521,35310,-5086,-1762,9563,1909,-6004,-17497,-12693,-11221,-25789,2
2022-04-09 14:00:00,225074,225059,2490,20519,13389,28989,7151,19324,18772,23755,0,1743,6774,4217,11140,16652,12141,39675,-4983,-1743,15,2557,-5512,-18029,-15600,-12173,-27534,3
2022-04-09 15:00:00,201852,227448,1796,20618,11585,29657,6414,19785,16534,23798,0,1847,5796,4362,11951,17008,11304,44844,-7264,-1847,-25596,1434,-5057,-18822,-18072,-13371,-33540,3
2022-04-09 16:00:00,175402,229743,1186,20984,11148,31816,5824,20280,13261,24385,0,1945,5585,4239,12195,16989,9952,47327,-11124,-1945,-54341,1346,-4794,-19798,-20668,-14456,-37375,3
2022-04-09 17:00:00,158249,226966,1077,21685,11960,33036,5932,20757,10795,25698,0,1970,5861,4095,12353,17046,7498,49430,-14903,-1970,-68717,1766,-4693,-20608,-21076,-14825,-41932,3
2022-04-09 18:00:00,152249,220711,1159,21399,11340,30870,6149,19736,10425,27601,0,1905,5876,3937,12085,16442,7250,50752,-17176,-1905,-68462,1939,-4357,-20240,-19530,-13587,-43502,3
2022-04-09 19:00:00,145449,213753,1187,20342,10387,28475,6047,18605,9892,26433,0,1905,5870,3680,11948,15887,6652,49243,-16541,-1905,-68304,2190,-3939,-19155,-18088,-12558,-42591,3
2022-04-09 20:00:00,141624,206646,1211,19313,9587,26177,5882,17385,8653,24591,0,1792,5679,3526,11502,15314,6046,47135,-15938,-1792,-65022,2153,-3812,-18102,-16590,-11503,-41089,3
2022-04-09 21:00:00,140887,196508,1132,18161,9802,24236,6028,16303,7429,22895,0,1592,5501,3505,10872,15238,6321,44388,-15466,-1592,-55621,1996,-4366,-17029,-14434,-10275,-38067,3
2022-04-09 22:00:00,141210,187668,1050,17216,9071,22549,6065,15616,7101,21428,0,1411,5246,3431,10688,15169,6156,42125,-14327,-1411,-46458,1815,-4481,-16166,-13478,-9551,-35969,3
2022-04-09 23:00:00,141966,180407,1127,16474,8791,21770,6047,15342,6468,20346,0,1281,5348,3347,10464,14882,6224,40865,-13878,-1281,-38441,2001,-4418,-15347,-12979,-9295,-34641,3
2022-04-10 00:00:00,141259,177740,1269,15987,8354,21291,5886,15172,5698,19688,0,1193,5276,3338,10463,14865,5848,39645,-13990,-1193,-36481,1938,-4402,-14718,-12937,-9286,-33797,3
2022-04-10 01:00:00,141540,179668,1392,15858,8445,21338,5793,15131,6300,19448,0,1205,5200,3362,10604,14892,5570,39114,-13148,-1205,-38128,1838,-4288,-14466,-12893,-9338,-33544,3
2022-04-10 02:00:00,136157,180445,1399,15986,8572,21769,5636,15121,7521,19533,0,1176,5309,3430,10757,14772,5729,39080,-12012,-1176,-44288,1879,-4015,-14587,-13197,-9485,-33351,3
2022-04-10 03:00:00,132828,179008,1397,16200,8724,22407,5743,15155,8177,19821,0,1160,5410,3425,11119,14864,6126,39511,-11644,-1160,-46180,1985,-3745,-14803,-13683,-9412,-33385,3
2022-04-10 04:00:00,136086,179415,1649,16912,9980,23341,6039,15737,9329,20050,0,1198,5335,3734,11466,15141,5762,40441,-10721,-1198,-43329,1601,-3675,-15263,-13361,-9698,-34679,3
2022-04-10 05:00:00,140582,187515,2556,17584,14032,26020,7007,16709,14079,20728,0,1237,5840,3888,11642,15323,5629,40054,-6649,-1237,-46933,1952,-3681,-15028,-11988,-9702,-34425,3
2022-04-10 06:00:00,163523,201889,4271,17716,17957,27793,7533,17315,18490,22519,0,1371,6292,3913,10984,15438,5343,38611,-4029,-1371,-38366,2379,-4454,-13445,-9836,-9782,-33268,3
2022-04-10 07:00:00,190037,212896,5866,17746,20185,28158,8150,18160,22123,23827,0,1565,6715,4021,10421,15317,5157,35959,-1704,-1565,-22859,2694,-4896,-11880,-7973,-10010,-30802,3
2022-04-10 08:00:00,211891,221985,6751,17486,21436,28150,8094,18225,25270,24384,0,1720,6888,4071,10527,15334,4737,33416,886,-1720,-10094,2817,-4807,-10735,-6714,-10131,-28679,3
2022-04-10 09:00:00,223331,228463,6950,17360,22476,28094,8089,18258,26160,24190,0,1794,6754,4050,10658,15280,4174,31518,1970,-1794,-5132,2704,-4622,-10410,-5618,-10169,-27344,3
2022-04-10 10:00:00,224320,225012,6780,16805,22371,25954,8059,18300,26710,24308,0,1849,6558,4081,10862,15053,3563,29793,2402,-1849,-692,2477,-4191,-10025,-3583,-10241,-26230,3
2022-04-10 11:00:00,215606,215335,6519,16358,21796,25123,7847,17566,26264,24107,0,1945,6410,4008,11076,14994,2260,28124,2157,-1945,271,2402,-3918,-9839,-3327,-9719,-25864,3
2022-04-10 12:00:00,205365,208297,6195,16483,20751,24852,7841,17593,25012,23022,0,1908,6564,3915,11457,15003,2288,27560,1990,-1908,-2932,2649,-3546,-10288,-4101,-9752,-25272,3
2022-04-10 13:00:00,192390,204390,5323,17020,19503,24867,7242,17525,23999,22058,0,1850,6236,3973,12260,15282,3044,28873,1941,-1850,-12000,2263,-3022,-11697,-5364,-10283,-25829,3
2022-04-10 14:00:00,179901,205909,4250,17737,17237,25243,6005,17902,22776,21879,0,1832,5543,4287,12878,15899,2731,32970,897,-1832,-26008,1256,-3021,-13487,-8006,-11897,-30239,3
2022-04-10 15:00:00,155664,210735,2782,18622,12242,26213,4741,18516,23324,22170,0,1918,4992,4382,13574,16320,2123,39461,1154,-1918,-55071,610,-2746,-15840,-13971,-13775,-37338,0
2022-04-10 16:00:00,119296,214344,1329,19998,10278,28494,4251,19341,23539,22944,0,1963,4393,4253,13908,16922,1611,43826,595,-1963,-95048,140,-3014,-18669,-18216,-15090,-42215,0
2022-04-10 17:00:00,97768,216789,1116,21563,10005,30496,4317,20045,20095,24669,0,1886,4428,4144,13803,17161,1622,47831,-4574,-1886,-119021,284,-3358,-20447,-20491,-15728,-46209,3
2022-04-10 18:00:00,91749,216856,1126,21678,8642,29349,4098,19408,18607,26599,0,1838,4287,3967,13405,16571,1537,49827,-7992,-1838,-125107,320,-3166,-20552,-20707,-15310,-48290,3
2022-04-10 19:00:00,84506,212223,1116,20449,7608,27386,3704,18663,18137,25694,0,1854,4135,3775,12809,16082,1616,48795,-7557,-1854,-127717,360,-3273,-19333,-19778,-14959,-47179,3
2022-04-10 20:00:00,78710,208353,1091,19230,6811,24889,3735,17530,18481,23942,0,1700,3938,3624,12153,15773,1484,46311,-5461,-1700,-129643,314,-3620,-18139,-18078,-13795,-44827,3
2022-04-10 21:00:00,74113,197146,1050,18140,6208,22579,3714,16562,19716,22474,0,1462,3798,3471,10973,15471,1724,43491,-2758,-1462,-123033,327,-4498,-17090,-16371,-12848,-41767,3
2022-04-10 22:00:00,69835,188116,1024,17220,6295,21331,3879,16124,20084,21293,0,1241,3592,3379,10807,15446,1948,41162,-1209,-1241,-118281,213,-4639,-16196,-15036,-12245,-39214,3
2022-04-10 23:00:00,66317,183416,969,16624,6474,20849,3669,15950,19890,20539,0,1143,3475,3349,10757,15400,1968,40018,-649,-1143,-117099,126,-4643,-15655,-14375,-12281,-38050,3
2022-04-11 00:00:00,65931,184457,960,16234,6100,20774,3388,15990,19465,20195,0,1100,3364,3359,10979,15339,1559,39452,-730,-1100,-118526,5,-4360,-15274,-14674,-12602,-37893,3
2022-04-11 01:00:00,62221,187659,1073,16395,5803,21293,3037,16406,18260,20151,0,1124,3289,3426,11610,15575,1347,39405,-1891,-1124,-125438,-137,-3965,-15322,-15490,-13369,-38058,3
2022-04-11 02:00:00,60577,195159,1070,17256,5122,23437,2867,17468,16375,20865,0,1112,3226,3657,12646,16498,1307,40033,-4490,-1112,-134582,-431,-3852,-16186,-18315,-14601,-38726,3
2022-04-11 03:00:00,61728,212216,1055,19271,6950,28966,2684,20146,15809,23397,0,1088,3102,4071,13183,17776,1717,42630,-7588,-1088,-150488,-969,-4593,-18216,-22016,-17462,-40913,3
2022-04-11 04:00:00,68763,237884,1457,21952,10893,34226,2955,22254,15292,26071,0,1203,3153,4487,13402,18950,1957,47670,-10779,-1203,-169121,-1334,-5548,-20495,-23333,-19299,-45713,1
2022-04-11 05:00:00,85564,254808,2877,22035,14181,38751,3714,23184,16594,27558,0,1464,3183,4603,13266,18891,1946,51734,-10964,-1464,-169244,-1420,-5625,-19158,-24570,-19470,-49788,3
2022-04-11 06:00:00,105023,263959,4772,21066,13529,39236,4527,23129,18895,28643,0,1867,3616,4653,13131,18425,2319,50760,-9748,-1867,-158936,-1037,-5294,-16294,-25707,-18602,-48441,3
2022-04-11 07:00:00,131003,267995,6401,20101,15091,38797,5054,22922,21963,29114,0,2080,3555,4688,13158,17873,2736,46030,-7151,-2080,-136992,-1133,-4715,-13700,-23706,-17868,-43294,3
2022-04-11 08:00:00,158783,269113,6848,19589,17128,38254,5504,23370,24873,29114,0,2166,3285,4579,12954,17135,3254,40446,-4241,-2166,-110330,-1294,-4181,-12741,-21126,-17866,-37192,3
2022-04-11 09:00:00,180248,268442,6088,20015,17852,36200,5686,23416,27035,29363,0,2141,3111,4496,12952,17023,3661,36452,-2328,-2141,-88194,-1385,-4071,-13927,-18348,-17730,-32791,3
2022-04-11 10:00:00,190209,265972,5580,20458,17961,35911,5379,22903,28269,29683,0,2106,2998,4458,12956,16750,4694,33775,-1414,-2106,-75763,-1460,-3794,-14878,-17950,-17524,-29081,0
2022-04-11 11:00:00,193929,260876,5301,20327,16763,36854,5479,22608,29198,29230,0,2094,3042,4360,12825,16546,5970,32920,-32,-2094,-66947,-1318,-3721,-15026,-20091,-17129,-26950,0
2022-04-11 12:00:00,187836,255908,5046,20361,15963,37090,5311,22858,28691,28172,0,2070,2874,4210,12780,16578,6505,33185,519,-2070,-68072,-1336,-3798,-15315,-21127,-17547,-26680,0
2022-04-11 13:00:00,166190,248490,4889,20517,13609,36968,4420,22628,28156,27723,0,2098,2438,4176,12672,16439,6726,35418,433,-2098,-82300,-1738,-3767,-15628,-23359,-18208,-28692,0
2022-04-11 14:00:00,133022,242158,3823,20658,10436,35808,3548,22940,27058,27458,0,2103,2069,4421,12584,17020,7396,40134,-400,-2103,-109136,-2352,-4436,-16835,-25372,-19392,-32738,0
2022-04-11 15:00:00,103018,243246,2368,21218,7451,35355,2493,23026,23476,27309,0,2240,1625,4458,12352,17173,7547,46476,-3833,-2240,-140228,-2833,-4821,-18850,-27904,-20533,-38929,1
2022-04-11 16:00:00,81322,245396,1040,22411,6882,36899,2138,23568,20380,27792,0,2279,1224,4350,12290,17692,7641,49080,-7412,-2279,-164074,-3126,-5402,-21371,-30017,-21430,-41439,1
2022-04-11 17:00:00,74556,249825,738,23943,7107,38521,1984,24183,20064,29179,0,2053,1143,4236,12280,17866,8229,51979,-9115,-2053,-175269,-3093,-5586,-23205,-31414,-22199,-43750,1
2022-04-11 18:00:00,79815,244642,779,23943,5772,36015,1835,22849,18953,30406,0,1952,1041,4134,12029,17382,9888,53478,-11453,-1952,-164827,-3093,-5353,-23164,-30243,-21014,-43590,1
2022-04-11 19:00:00,79621,233079,829,22438,3855,32471,1390,21225,17044,28246,0,1989,975,3943,11918,16682,10537,51448,-11202,-1989,-153458,-2968,-4764,-21609,-28616,-19835,-40911,1
2022-04-11 20:00:00,82978,219883,834,21422,3687,29317,1000,19828,16035,25854,0,1857,948,3736,11536,15872,11203,48019,-9819,-1857,-136905,-2788,-4336,-20588,-25630,-18828,-36816,1
2022-04-11 21:00:00,84383,205297,852,20752,3595,26772,911,18869,14659,24328,0,1615,800,3559,10814,15524,11171,44802,-9669,-1615,-120914,-2759,-4710,-19900,-23177,-17958,-33631,1
2022-04-11 22:00:00,94658,193214,888,19803,4118,25178,895,18243,14299,22758,0,1406,769,3482,10539,15237,10581,42356,-8459,-1406,-98556,-2713,-4698,-18915,-21060,-17348,-31775,1
2022-04-11 23:00:00,101441,188022,916,18894,4492,24331,875,17845,14157,21975,0,1275,953,3473,10489,15494,9942,40642,-7818,-1275,-86581,-2520,-5005,-17978,-19839,-16970,-30700,1
2022-04-12 00:00:00,108157,187607,920,18199,4514,24249,832,18026,14689,21576,0,1238,1157,3484,10456,15676,9675,39886,-6887,-1238,-79450,-2327,-5220,-17279,-19735,-17194,-30211,1
2022-04-12 01:00:00,110336,190842,903,18143,3623,24637,829,18365,14233,21422,0,1257,1392,3565,10873,15906,8792,39422,-7189,-1257,-80506,-2173,-5033,-17240,-21014,-17536,-30630,1
2022-04-12 02:00:00,105730,197562,847,18878,3602,26218,814,18952,12838,21887,0,1244,1426,3794,11332,16428,8376,39753,-9049,-1244,-91832,-2368,-5096,-18031,-22616,-18138,-31377,1
2022-04-12 03:00:00,105508,213695,888,20400,5295,30946,998,20944,12235,24073,0,1253,1461,4256,11148,17466,8315,41846,-11838,-1253,-108187,-2795,-6318,-19512,-25651,-19946,-33531,1
2022-04-12 04:00:00,119849,237241,1367,22747,7121,35953,2010,22641,12429,26542,0,1368,1802,4560,11184,18775,8609,46286,-14113,-1368,-117392,-2758,-7591,-21380,-28832,-20631,-37677,1
2022-04-12 05:00:00,135791,253503,2848,22611,10834,39916,2972,23049,12661,28234,0,1611,2176,4726,11192,18792,8211,49986,-15573,-1611,-117712,-2550,-7600,-19763,-29082,-20077,-41775,1
2022-04-12 06:00:00,148718,261389,4740,21380,12289,40371,4056,22540,13744,29565,0,1992,2243,4736,11312,18290,7664,48953,-15821,-1992,-112671,-2493,-6978,-16640,-28082,-18484,-41289,1
2022-04-12 07:00:00,162127,262732,6310,20184,14504,40182,4973,22078,14220,30112,0,2244,2579,4716,11338,17593,7159,44783,-15892,-2244,-100605,-2137,-6255,-13874,-25678,-17105,-37624,3
2022-04-12 08:00:00,195431,267160,7300,19299,16131,39769,5536,22364,14841,30099,0,2335,3038,4652,11264,17197,6721,39958,-15258,-2335,-71729,-1614,-5933,-11999,-23638,-16828,-33237,3
2022-04-12 09:00:00,224531,270183,7531,19018,16865,37620,5780,22231,15141,30292,0,2320,3447,4600,11099,16703,5954,36589,-15151,-2320,-45652,-1153,-5604,-11487,-20755,-16451,-30635,3
2022-04-12 10:00:00,244811,267477,7523,18846,17181,37343,5822,21905,15123,30181,0,2335,3748,4616,10975,16321,5880,36233,-15058,-2335,-22666,-868,-5346,-11323,-20162,-16083,-30353,3
2022-04-12 11:00:00,249387,262927,7425,18509,16581,37930,5810,21520,14023,29669,0,2395,3960,4412,10943,16336,6329,37139,-15646,-2395,-13540,-452,-5393,-11084,-21349,-15710,-30810,3
2022-04-12 12:00:00,236671,259069,7058,18777,15317,37687,5317,21629,14409,28860,0,2336,4119,4255,10859,16127,6215,36489,-14451,-2336,-22398,-136,-5268,-11719,-22370,-16312,-30274,3
2022-04-12 13:00:00,216021,253568,6183,19328,13081,37172,4497,21819,14485,28350,0,2318,4235,4215,10760,16210,6086,37762,-13865,-2318,-37547,20,-5450,-13145,-24091,-17322,-31676,3
2022-04-12 14:00:00,179507,244969,4530,20124,9690,36011,3383,22292,13371,28130,0,2359,4004,4540,11291,16840,5281,42105,-14759,-2359,-65462,-536,-5549,-15594,-26321,-18909,-36824,3
2022-04-12 15:00:00,151273,245264,2552,20842,6794,35759,2627,22692,12359,27817,0,2504,3230,4665,11121,16908,4886,49132,-15458,-2504,-93991,-1435,-5787,-18290,-28965,-20065,-44246,3
2022-04-12 16:00:00,139730,249474,1074,22140,6377,37439,2382,23222,11514,28260,0,2510,3224,4528,11278,17240,4189,51090,-16746,-2510,-109744,-1304,-5962,-21066,-31062,-20840,-46901,3
2022-04-12 17:00:00,137407,252924,859,23682,7131,38557,2847,23877,11796,29700,0,2329,3486,4363,11360,17361,3519,52329,-17904,-2329,-115517,-877,-6001,-22823,-31426,-21030,-48810,3
2022-04-12 18:00:00,133656,249937,991,23708,4912,35797,2847,22525,10960,30586,0,2236,3950,4184,11416,16979,3086,53217,-19626,-2236,-116281,-234,-5563,-22717,-30885,-19678,-50131,3
2022-04-12 19:00:00,129227,237394,1103,22181,4235,32302,3061,20902,10249,28390,0,2196,4034,3944,11252,16166,3246,51172,-18141,-2196,-108167,90,-4914,-21078,-28067,-17841,-47926,3
2022-04-12 20:00:00,125367,223971,1176,21307,4094,29438,3178,19537,8133,26159,0,1991,4089,3681,10907,15449,3213,48218,-18026,-1991,-98604,408,-4542,-20131,-25344,-16359,-45005,3
2022-04-12 21:00:00,126215,210676,1205,20551,3846,26785,3436,18471,6586,24718,0,1756,4150,3513,9669,15199,3246,45033,-18132,-1756,-84461,637,-5530,-19346,-22939,-15035,-41787,3
2022-04-12 22:00:00,125714,198628,1116,19475,3865,25406,3297,17758,5940,23220,0,1521,4228,3394,9581,14950,4015,42373,-17280,-1521,-72914,834,-5369,-18359,-21541,-14461,-38358,3
2022-04-12 23:00:00,125231,192269,1112,18497,4662,24672,3230,17481,5945,22208,0,1379,4479,3329,9591,14821,3422,40654,-16263,-1379,-67038,1150,-5230,-17385,-20010,-14251,-37232,3
2022-04-13 00:00:00,118726,189558,1072,17780,4625,24501,3156,17492,6055,21625,0,1322,4543,3411,9876,14733,3583,39801,-15570,-1322,-70832,1132,-4857,-16708,-19876,-14336,-36218,3
2022-04-13 01:00:00,108081,188578,1060,17707,4613,24909,3284,17903,6072,21495,0,1329,4206,3486,10305,15027,4848,39687,-15423,-1329,-80497,720,-4722,-16647,-20296,-14619,-34839,3
2022-04-13 02:00:00,95395,195476,1105,18387,3845,26552,3223,18482,6213,21923,0,1314,4188,3633,11053,15532,4242,40243,-15710,-1314,-100081,555,-4479,-17282,-22707,-15259,-36001,3
2022-04-13 03:00:00,91024,211923,1170,19881,4845,30685,3441,20538,7676,24111,0,1317,3738,4050,11759,16730,3021,41783,-16435,-1317,-120899,-312,-4971,-18711,-25840,-17097,-38762,3
2022-04-13 04:00:00,91849,233833,1553,22030,8463,35293,4135,22281,9321,26640,0,1415,4007,4480,12116,17849,2655,45930,-17319,-1415,-141984,-473,-5733,-20477,-26830,-18146,-43275,3
2022-04-13 05:00:00,105196,249739,3017,21913,12344,39006,4687,22607,10222,28259,0,1645,4056,4587,12487,18524,2522,49563,-18037,-1645,-144543,-531,-6037,-18896,-26662,-17920,-47041,3
2022-04-13 06:00:00,113501,257206,4960,20759,12581,39957,5281,22315,13086,29533,0,2015,4006,4579,12285,18445,2094,49826,-16447,-2015,-143705,-573,-6160,-15799,-27376,-17034,-47732,3
2022-04-13 07:00:00,123266,258484,6725,19665,14379,39434,6289,21689,14461,29918,0,2243,3733,4604,12171,18285,2122,48156,-15457,-2243,-135218,-871,-6114,-12940,-25055,-15400,-46034,3
2022-04-13 08:00:00,141729,259987,7805,18870,15925,38674,7173,21750,16137,30100,0,2280,3565,4574,12237,17774,2219,45719,-13963,-2280,-118258,-1009,-5537,-11065,-22749,-14577,-43500,3
2022-04-13 09:00:00,157769,261376,8171,18488,16756,37038,7303,21745,17205,30182,0,2250,3550,4421,12150,17007,2772,45762,-12977,-2250,-103607,-871,-4857,-10317,-20282,-14442,-42990,3
2022-04-13 10:00:00,172289,259944,8201,18344,17519,36598,6930,21520,17715,30101,0,2220,3326,4564,12359,16911,2646,47207,-12386,-2220,-87655,-1238,-4552,-10143,-19079,-14590,-44561,3
2022-04-13 11:00:00,171848,254205,8004,18093,16855,37033,6362,21348,17879,29521,0,2197,2897,4456,12268,16698,2509,47094,-11642,-2197,-82357,-1559,-4430,-10089,-20178,-14986,-44585,3
2022-04-13 12:00:00,162001,249638,7411,18541,15674,37341,5501,21646,17735,28437,0,2151,3165,4193,12289,16979,2772,44614,-10702,-2151,-87637,-1028,-4690,-11130,-21667,-16145,-41842,3
2022-04-13 13:00:00,143598,244601,6261,19187,12646,36955,4436,21828,17054,27912,0,2148,2715,4158,12214,16973,2850,44977,-10858,-2148,-101003,-1443,-4759,-12926,-24309,-17392,-42127,3
2022-04-13 14:00:00,116105,239983,4613,19978,9767,35926,3562,22137,16763,27422,0,2175,2296,4322,11865,17453,2569,47347,-10659,-2175,-123878,-2026,-5588,-15365,-26159,-18575,-44778,3
2022-04-13 15:00:00,90089,242616,2566,20700,9063,35923,3495,22326,16353,26902,0,2288,2085,4288,11913,17770,2229,51396,-10549,-2288,-152527,-2203,-5857,-18134,-26860,-18831,-49167,3
2022-04-13 16:00:00,70069,244782,1096,21833,9166,37581,3390,22840,14455,27201,0,2328,1832,4227,11948,17928,2094,52481,-12746,-2328,-174713,-2395,-5980,-20737,-28415,-19450,-50387,1
2022-04-13 17:00:00,67928,244808,880,23265,9130,38387,4065,23442,13433,28278,0,2168,1881,4107,11734,17680,2164,53263,-14845,-2168,-176880,-2226,-5946,-22385,-29257,-19377,-51099,1
2022-04-13 18:00:00,63070,238818,1062,23406,6852,35891,4129,22216,13281,29031,0,2074,1712,3935,11348,17041,2517,53442,-15750,-2074,-175748,-2223,-5693,-22344,-29039,-18087,-50925,1
2022-04-13 19:00:00,57380,226495,1164,22083,5227,32435,4400,20620,12043,26995,0,2110,1859,3621,10763,15905,3670,51653,-14952,-2110,-169115,-1762,-5142,-20919,-27208,-16220,-47983,3
2022-04-13 20:00:00,54482,212371,1185,21087,5018,29436,4486,19155,10800,24875,0,2002,1775,3401,9965,15341,4071,48821,-14075,-2002,-157889,-1626,-5376,-19902,-24418,-14669,-44750,3
2022-04-13 21:00:00,51956,196226,1155,20281,4898,26977,4388,18077,10357,23424,0,1755,1774,3241,9165,14978,4440,45730,-13067,-1755,-144270,-1467,-5813,-19126,-22079,-13689,-41290,3
2022-04-13 22:00:00,56954,186752,1122,19160,4928,25673,4295,17533,9797,21854,0,1506,1950,3117,8882,14869,3620,42917,-12057,-1506,-129798,-1167,-5987,-18038,-20745,-13238,-39297,3
2022-04-13 23:00:00,64641,182050,1151,18227,4993,24772,4091,17168,9837,20681,0,1345,1869,3044,8776,14799,2833,41160,-10844,-1345,-117409,-1175,-6023,-17076,-19779,-13077,-38327,3
2022-04-14 00:00:00,73386,180962,1105,17558,5015,24402,3903,17214,9590,20111,0,1284,1835,3015,8881,14675,2646,40364,-10521,-1284,-107576,-1180,-5794,-16453,-19387,-13311,-37718,3
2022-04-14 01:00:00,71076,182579,1031,17282,5022,24704,3714,17418,9359,19908,0,1306,1913,3028,9445,14718,2426,40060,-10549,-1306,-111503,-1115,-5273,-16251,-19682,-13704,-37634,3
2022-04-14 02:00:00,68870,189997,1055,17803,5094,26311,3386,17865,9199,19821,0,1268,2077,3089,10573,15416,1611,40313,-10622,-1268,-121127,-1012,-4843,-16748,-21217,-14479,-38702,3
2022-04-14 03:00:00,63252,204330,1157,19153,5858,29933,3088,19754,9444,20533,0,1277,2250,3237,11419,16475,1382,42528,-11089,-1277,-141078,-987,-5056,-17996,-24075,-16666,-41146,3
2022-04-14 04:00:00,61351,226755,1717,21092,8662,34379,3501,21520,9670,21241,0,1362,2419,3464,11853,17657,1684,47314,-11571,-1362,-165404,-1045,-5804,-19375,-25717,-18019,-45630,3
2022-04-14 05:00:00,77440,244635,3091,21326,12742,38707,3883,22206,10570,22009,0,1564,2492,3749,11978,18181,1654,50670,-11439,-1564,-167195,-1257,-6203,-18235,-25965,-18323,-49016,3
2022-04-14 06:00:00,93181,255007,4748,20330,14275,39476,4191,21979,13427,23612,0,1885,2600,3940,11868,18613,1533,48380,-10185,-1885,-161826,-1340,-6745,-15582,-25201,-17788,-46847,3
2022-04-14 07:00:00,110437,258767,6320,19425,15999,39094,4555,21719,16547,24492,0,2114,2690,3997,11744,18415,1562,44178,-7945,-2114,-148330,-1307,-6671,-13105,-23095,-17164,-42616,3
2022-04-14 08:00:00,132016,260334,7379,18816,17359,38627,5205,21905,18529,24757,0,2191,2832,3977,11689,18178,1895,39846,-6228,-2191,-128318,-1145,-6489,-11437,-21268,-16700,-37951,3
2022-04-14 09:00:00,150069,261456,7953,18455,18014,36652,5488,21955,20016,24745,0,2188,2878,3860,11780,18108,2245,36675,-4729,-2188,-111387,-982,-6328,-10502,-18638,-16467,-34430,3
2022-04-14 10:00:00,158846,258171,8091,18191,18023,35599,5429,22028,19712,24817,0,2173,2650,3780,11779,17907,1992,36575,-5105,-2173,-99325,-1130,-6128,-10100,-17576,-16599,-34583,3
2022-04-14 11:00:00,158938,251110,7877,17805,16572,35949,5202,21878,18081,24398,0,2157,2540,3753,11557,17624,2129,36861,-6317,-2157,-92172,-1213,-6067,-9928,-19377,-16676,-34732,3
2022-04-14 12:00:00,154619,246745,7399,18076,15118,36501,4528,21931,17315,23270,0,2071,2450,3728,11581,17359,2445,37751,-5955,-2071,-92126,-1278,-5778,-10677,-21383,-17403,-35306,3
2022-04-14 13:00:00,143018,242174,6228,18766,13054,36378,3723,21976,17207,22690,0,2052,2450,3821,11529,17393,2640,39313,-5483,-2052,-99156,-1371,-5864,-12538,-23324,-18253,-36673,3
2022-04-14 14:00:00,122578,238266,4586,19482,10487,35410,2942,21959,16055,22377,0,2039,2747,4077,11644,17602,2722,41795,-6322,-2039,-115688,-1330,-5958,-14896,-24923,-19017,-39073,3
2022-04-14 15:00:00,102336,239178,2669,19974,7742,35193,2967,21936,14905,22388,0,2150,2802,4093,11656,17476,2590,46667,-7483,-2150,-136842,-1291,-5820,-17305,-27451,-18969,-44077,3
2022-04-14 16:00:00,86170,238371,1218,20857,8487,36821,2503,22426,12357,22792,0,2207,2517,3957,11610,17461,2160,49429,-10435,-2207,-152201,-1440,-5851,-19639,-28334,-19923,-47269,3
2022-04-14 17:00:00,79654,237355,888,22069,9326,38001,2538,23168,10151,23957,0,2119,2444,3835,11520,17179,1667,52760,-13806,-2119,-157701,-1391,-5659,-21181,-28675,-20630,-51093,3
2022-04-14 18:00:00,76827,229786,947,22285,6909,35583,2684,21947,9953,25488,0,2055,2697,3723,11094,16487,1581,54670,-15535,-2055,-152959,-1026,-5393,-21338,-28674,-19263,-53089,3
2022-04-14 19:00:00,69276,217265,948,20933,5698,32342,2024,20395,8585,24450,0,2078,2688,3551,10324,15480,1426,52972,-15865,-2078,-147989,-863,-5156,-19985,-26644,-18371,-51546,3
2022-04-14 20:00:00,62098,201242,975,20005,5046,29431,1881,19009,7971,22796,0,1914,2578,3356,10057,15136,1302,50048,-14825,-1914,-139144,-778,-5079,-19030,-24385,-17128,-48746,3
2022-04-14 21:00:00,57641,186302,976,19216,4881,26677,1715,17787,7795,21647,0,1685,2679,3180,8792,14473,1242,47021,-13852,-1685,-128661,-501,-5681,-18240,-21796,-16072,-45779,3
2022-04-14 22:00:00,57650,175044,927,18152,4834,25122,1660,17045,7576,20377,0,759,2828,3055,8439,14261,1097,43840,-12801,-759,-117394,-227,-5822,-17225,-20288,-15385,-42743,3
2022-04-14 23:00:00,56915,168005,937,17041,4848,24208,1629,16763,7196,19283,0,643,2736,2987,8368,14181,970,42035,-12087,-643,-111090,-251,-5813,-16104,-19360,-15134,-41065,3
2022-04-15 00:00:00,54764,162763,939,16173,4849,23960,1508,16687,7462,18515,0,1231,2848,2954,8382,14203,1031,41649,-11053,-1231,-107999,-106,-5821,-15234,-19111,-15179,-40618,3
2022-04-15 01:00:00,57698,162370,783,15807,4632,24311,1330,16886,7691,18264,0,1228,3075,2985,8563,14365,1024,41351,-10573,-1228,-104672,90,-5802,-15024,-19679,-15556,-40327,3
2022-04-15 02:00:00,57122,164467,637,15699,4483,25776,1225,17151,7943,18308,0,1197,3199,3036,9083,14405,977,41636,-10365,-1197,-107345,163,-5322,-15062,-21293,-15926,-40659,3
2022-04-15 03:00:00,60979,164689,665,15295,5315,28850,1379,18655,7884,18669,0,597,3206,3196,9699,14806,995,43301,-10785,-597,-103710,10,-5107,-14630,-23535,-17276,-42306,3
2022-04-15 04:00:00,62306,165632,1240,15608,8608,33014,1611,20466,7646,18848,0,658,3267,3432,10607,15175,1132,46968,-11202,-658,-103326,-165,-4568,-14368,-24406,-18855,-45836,3
2022-04-15 05:00:00,72487,176161,2788,16085,11917,36566,1909,21731,8827,19292,0,1440,3020,3716,10835,15887,1128,50465,-10465,-1440,-103674,-696,-5052,-13297,-24649,-19822,-49337,3
2022-04-15 06:00:00,87352,189602,4491,16133,12675,37044,2442,22632,12108,20701,0,1710,2978,3868,10848,15984,1191,52239,-8593,-1710,-102250,-890,-5136,-11642,-24369,-20190,-51048,3
2022-04-15 07:00:00,104576,201206,5654,16164,13852,36604,2733,22700,15029,21978,0,1957,2647,3961,10752,15804,1438,51343,-6949,-1957,-96630,-1314,-5052,-10510,-22752,-19967,-49905,3
2022-04-15 08:00:00,122012,207949,6266,15959,14747,36122,3325,22925,16912,22334,0,2051,2522,4012,10330,15579,1468,48916,-5422,-2051,-85937,-1490,-5249,-9693,-21375,-19600,-47448,3
2022-04-15 09:00:00,131001,215046,6313,16105,15350,34263,4166,22864,17559,22170,0,2061,2413,3965,10180,15170,1492,46667,-4611,-2061,-84045,-1552,-4990,-9792,-18913,-18698,-45175,3
2022-04-15 10:00:00,137380,211654,5803,16221,15240,33520,5220,22982,18602,22325,0,2066,2177,3914,9968,14749,1475,43690,-3723,-2066,-74274,-1737,-4781,-10418,-18280,-17762,-42215,3
2022-04-15 11:00:00,142381,202950,4738,16647,14851,33797,5514,22229,18651,22254,0,2032,1896,3828,9384,14373,1244,41828,-3603,-2032,-60569,-1932,-4989,-11909,-18946,-16715,-40584,3
2022-04-15 12:00:00,143802,195930,3712,17330,13200,33651,6222,22514,18605,21307,0,1971,1660,3794,9426,14260,1291,40680,-2702,-1971,-52128,-2134,-4834,-13618,-20451,-16292,-39389,1
2022-04-15 13:00:00,133608,193268,2882,17536,11760,33598,6112,22197,18461,20724,0,1903,1542,3857,9583,14276,1560,41082,-2263,-1903,-59660,-2315,-4693,-14654,-21838,-16085,-39522,1
2022-04-15 14:00:00,114107,190668,2336,17706,9344,33182,6074,22072,17232,20522,0,1849,1379,3992,9827,14510,1567,43484,-3290,-1849,-76561,-2613,-4683,-15370,-23838,-15998,-41917,1
2022-04-15 15:00:00,96544,193836,1599,17713,7116,33335,6195,21784,14987,20602,0,1944,1278,4043,10327,14847,1276,47998,-5615,-1944,-97292,-2765,-4520,-16114,-26219,-15589,-46722,1
2022-04-15 16:00:00,82982,198211,971,18140,8385,34855,6039,21839,10805,21107,0,2040,1187,3945,10425,15173,1464,50493,-10302,-2040,-115229,-2758,-4748,-17169,-26470,-15800,-49029,1
2022-04-15 17:00:00,76702,200520,716,19185,8975,35541,6176,22196,8336,22222,0,999,1068,3872,10356,15544,2059,52258,-13886,-999,-123818,-2804,-5188,-18469,-26566,-16020,-50199,1
2022-04-15 18:00:00,78584,198925,1061,19530,6565,33047,5919,21043,7971,23920,0,938,1200,3709,9908,15467,2743,52519,-15949,-938,-120341,-2509,-5559,-18469,-26482,-15124,-49776,1
2022-04-15 19:00:00,72828,193634,1227,18593,4991,30176,5397,19458,7950,23335,0,1886,1066,3628,9496,15126,3209,50469,-15385,-1886,-120806,-2562,-5630,-17366,-25185,-14061,-47260,1
2022-04-15 20:00:00,74083,185877,1276,17607,4321,27773,5180,17838,8039,22004,0,1803,1037,3465,9491,14691,3310,47889,-13965,-1803,-111794,-2428,-5200,-16331,-23452,-12658,-44579,1
2022-04-15 21:00:00,78110,175210,1326,16561,4065,25421,5006,16506,8198,21017,0,1616,764,3293,9383,14528,3601,45340,-12819,-1616,-97100,-2529,-5145,-15235,-21356,-11500,-41739,1
2022-04-15 22:00:00,74154,164438,1340,15567,4233,23846,4743,15677,8441,19845,0,1419,891,3202,9242,14259,3053,43171,-11404,-1419,-90284,-2311,-5017,-14227,-19613,-10934,-40118,1
2022-04-15 23:00:00,76197,158928,1558,14789,4271,22805,4569,15368,8260,18802,0,1273,906,3168,9353,14313,2859,41309,-10542,-1273,-82731,-2262,-4960,-13231,-18534,-10799,-38450,1
2022-04-16 00:00:00,78760,157866,1530,14279,4576,22241,4298,15176,7958,18325,0,1192,850,3188,9383,14470,2367,40322,-10367,-1192,-79106,-2338,-5087,-12749,-17665,-10878,-37955,1
2022-04-16 01:00:00,85707,158865,1451,14083,4954,22281,4237,15180,7666,18090,0,1186,841,3228,9639,14685,2035,39887,-10424,-1186,-73158,-2387,-5046,-12632,-17327,-10943,-37852,1
2022-04-16 02:00:00,86323,162295,1506,14400,5050,22697,4177,14855,7655,18187,0,1143,756,3278,9831,14709,2222,39577,-10532,-1143,-75972,-2522,-4878,-12894,-17647,-10678,-37355,1
2022-04-16 03:00:00,86078,165962,1434,14850,5356,23259,4055,15331,8338,18932,0,1133,759,3355,9839,14638,2687,39766,-10594,-1133,-79884,-2596,-4799,-13416,-17903,-11276,-37079,1
2022-04-16 04:00:00,85220,172308,1660,15831,6831,24767,4214,16468,8672,19360,0,1158,1018,3550,10204,14935,4026,40733,-10688,-1158,-87088,-2532,-4731,-14171,-17936,-12254,-36707,1
2022-04-16 05:00:00,91862,183067,2524,16853,10235,27247,5349,17962,10483,20287,0,604,1205,3719,10243,15154,5052,40798,-9804,-604,-91205,-2514,-4911,-14329,-17012,-12613,-35746,1
2022-04-16 06:00:00,106006,196394,3645,17461,13599,28923,6663,18610,14601,21889,0,733,1527,3763,9892,14804,5958,39728,-7288,-733,-90388,-2236,-4912,-13816,-15324,-11947,-33770,1
2022-04-16 07:00:00,130206,205836,4191,18043,15530,28758,7673,18825,19668,22937,0,1611,1699,3808,9743,14404,5231,37047,-3269,-1611,-75630,-2109,-4661,-13852,-13228,-11152,-31816,1
2022-04-16 08:00:00,162747,212570,4485,18306,17388,27947,7693,18417,22328,23144,0,1698,1703,3756,9774,13898,4613,32742,-816,-1698,-49823,-2053,-4124,-13821,-10559,-10724,-28129,0
2022-04-16 09:00:00,190411,214657,4804,18302,18433,27076,7558,18051,22928,23071,0,1712,1708,3693,9742,13332,4247,29673,-143,-1712,-24246,-1985,-3590,-13498,-8643,-10493,-25426,0
2022-04-16 10:00:00,207161,209714,4819,18002,18897,26317,7508,17580,23520,23252,0,1670,1712,3579,9405,12941,4087,27522,268,-1670,-2553,-1867,-3536,-13183,-7420,-10072,-23435,0
2022-04-16 11:00:00,212814,204283,4831,17595,18465,25707,7494,17107,24013,23112,0,1652,1815,3576,8997,12542,3905,25681,901,-1652,8531,-1761,-3545,-12764,-7242,-9613,-21776,2
2022-04-16 12:00:00,206986,199313,4687,17486,16740,25951,7344,17286,23903,22242,0,1583,1756,3550,9153,12685,3864,25223,1661,-1583,7673,-1794,-3532,-12799,-9211,-9942,-21359,2
2022-04-16 13:00:00,196176,196247,4304,17883,13596,26017,6497,17323,23850,21652,0,1506,1566,3550,9528,12977,4379,26762,2198,-1506,-71,-1984,-3449,-13579,-12421,-10826,-22383,0
2022-04-16 14:00:00,171723,194102,3504,18467,11469,26278,5407,17615,23903,21486,0,1507,1283,3753,9763,13407,4944,30617,2417,-1507,-22379,-2470,-3644,-14963,-14809,-12208,-25673,0
2022-04-16 15:00:00,126303,197765,2631,18696,9924,27572,4783,17821,22844,21814,0,1604,1006,3830,9988,13886,5008,36999,1030,-1604,-71462,-2824,-3898,-16065,-17648,-13038,-31991,0
2022-04-16 16:00:00,93285,199789,2007,19103,11685,29399,4036,17998,19267,22367,0,1726,738,3768,10184,14289,4617,41581,-3100,-1726,-106504,-3030,-4105,-17096,-17714,-13962,-36964,1
2022-04-16 17:00:00,83044,200644,1738,19885,12374,30184,3623,18506,15121,23391,0,1735,666,3698,10197,14382,4372,45550,-8270,-1735,-117600,-3032,-4185,-18147,-17810,-14883,-41178,1
2022-04-16 18:00:00,85246,198253,1640,19920,9971,28233,3571,17842,14098,25254,0,1687,604,3636,10092,13874,4812,47954,-11156,-1687,-113007,-3032,-3782,-18280,-18262,-14271,-43142,1
2022-04-16 19:00:00,88011,193703,1605,18921,8061,25819,3051,17043,13729,23812,0,1700,543,3490,9925,13496,6826,47180,-10083,-1700,-105692,-2947,-3571,-17316,-17758,-13992,-40354,1
2022-04-16 20:00:00,88587,186882,1556,17789,7421,23580,2453,15928,12949,22052,0,1627,576,3348,9729,13386,9329,45207,-9103,-1627,-98295,-2772,-3657,-16233,-16159,-13475,-35878,1
2022-04-16 21:00:00,87610,174891,1518,16762,7727,21702,2055,14746,12887,20774,0,1466,613,3200,9257,13066,9961,42864,-7887,-1466,-87281,-2587,-3809,-15244,-13975,-12691,-32903,1
2022-04-16 22:00:00,82847,163504,1379,15693,7538,20168,2074,13960,12727,19466,0,1274,720,3132,8922,13060,9172,40801,-6739,-1274,-80657,-2412,-4138,-14314,-12630,-11886,-31629,1
2022-04-16 23:00:00,81152,155785,1288,14969,7963,19132,1916,13610,11744,18602,0,1143,730,3107,8820,13154,7084,39371,-6858,-1143,-74633,-2377,-4334,-13681,-11169,-11694,-32287,1
2022-04-17 00:00:00,79079,153733,1248,14473,8072,18631,1649,13495,11083,17964,0,1094,718,3079,8890,13121,5427,38215,-6881,-1094,-74654,-2361,-4231,-13225,-10559,-11846,-32788,1
2022-04-17 01:00:00,75205,154205,1298,14285,8231,18566,1469,13555,10179,17614,0,1092,876,3112,9098,13058,4823,37990,-7435,-1092,-79000,-2236,-3960,-12987,-10335,-12086,-33167,1
2022-04-17 02:00:00,68972,155875,1271,14398,8531,18983,1501,13402,9280,17694,0,1063,948,3165,9088,13042,4355,37775,-8414,-1063,-86903,-2217,-3954,-13127,-10452,-11901,-33420,1
2022-04-17 03:00:00,64202,156800,1126,14499,9088,18938,1662,13293,8479,18065,0,1041,926,3219,9309,13341,4138,37928,-9586,-1041,-92598,-2293,-4032,-13373,-9850,-11631,-33790,1
2022-04-17 04:00:00,65252,156551,1484,14904,10248,19585,2212,14190,7676,18054,0,1078,964,3366,9359,13902,4175,37749,-10378,-1078,-91299,-2402,-4543,-13420,-9337,-11978,-33574,1
2022-04-17 05:00:00,82197,166544,2931,15276,13849,21839,3082,14843,9472,18581,0,1128,1139,3540,9181,14082,4102,36571,-9109,-1128,-84347,-2401,-4901,-12345,-7990,-11761,-32469,1
2022-04-17 06:00:00,108228,180742,4860,15308,16144,23658,4206,14580,13634,19958,0,1246,1399,3602,8682,13896,3651,34570,-6324,-1246,-72514,-2203,-5214,-10448,-7514,-10374,-30919,1
2022-04-17 07:00:00,140745,187001,6354,15267,18231,24827,5165,14705,17530,21170,0,1437,1702,3603,8482,13603,3329,31825,-3640,-1437,-46256,-1901,-5121,-8913,-6596,-9540,-28496,1
2022-04-17 08:00:00,175310,191921,7008,15027,20263,25662,5273,14142,18819,21671,0,1619,1878,3617,7557,13338,2860,28350,-2852,-1619,-16611,-1739,-5781,-8019,-5399,-8869,-25490,1
2022-04-17 09:00:00,193698,195383,6900,14541,21652,25128,5471,14134,19189,21633,0,1739,1915,3573,6538,12871,2505,25221,-2444,-1739,-1685,-1658,-6333,-7641,-3476,-8663,-22716,3
2022-04-17 10:00:00,201509,188130,6748,13913,22842,22308,5539,14154,19059,21821,0,1795,1887,3517,6270,12677,2499,22909,-2762,-1795,13379,-1630,-6407,-7165,534,-8615,-20410,2
2022-04-17 11:00:00,200086,178833,6432,13587,22371,20755,5387,13830,18443,21793,0,1867,1824,3452,6248,12481,2313,21592,-3350,-1867,21253,-1628,-6233,-7155,1616,-8443,-19279,2
2022-04-17 12:00:00,191170,172646,5862,13752,20250,20631,5216,13963,17214,20822,0,1840,1718,3423,6116,12284,3030,21697,-3608,-1840,18524,-1705,-6168,-7890,-381,-8747,-18667,2
2022-04-17 13:00:00,175888,170185,5331,14271,18539,21062,4552,14046,18327,20236,0,1747,1562,3486,6481,12439,3394,23540,-1909,-1747,5703,-1924,-5958,-8940,-2523,-9494,-20146,2
2022-04-17 14:00:00,150525,171291,4339,14938,15495,21900,4025,14342,18146,20290,0,1705,1344,3648,8097,13038,3591,27652,-2144,-1705,-20766,-2304,-4941,-10599,-6405,-10317,-24061,1
2022-04-17 15:00:00,114790,174677,2717,15897,12683,22645,3357,14924,17003,20379,0,1712,943,3700,8757,13685,4041,34561,-3376,-1712,-59887,-2757,-4928,-13180,-9962,-11567,-30520,1
2022-04-17 16:00:00,84502,179916,1431,17083,12121,24381,2898,15472,14358,21115,0,1677,703,3627,9001,14083,4135,39812,-6757,-1677,-95414,-2924,-5082,-15652,-12260,-12574,-35677,1
2022-04-17 17:00:00,78152,184004,1126,18543,13230,26611,3011,16464,13468,22589,0,1579,618,3574,9217,14375,4255,43776,-9121,-1579,-105852,-2956,-5158,-17417,-13381,-13453,-39521,1
2022-04-17 18:00:00,83073,185645,1221,19115,11523,26123,2940,16285,14015,24480,0,1555,658,3541,9184,14420,5308,46554,-10465,-1555,-102572,-2883,-5236,-17894,-14600,-13345,-41246,1
2022-04-17 19:00:00,88871,182180,1314,18391,10099,24421,2702,15675,14107,23465,0,1596,783,3405,8985,13845,6944,46034,-9358,-1596,-93309,-2622,-4860,-17077,-14322,-12973,-39090,1
2022-04-17 20:00:00,91680,175585,1270,17473,9632,22450,2187,14778,13455,21812,0,1556,860,3276,8639,13550,9493,44089,-8357,-1556,-83905,-2416,-4911,-16203,-12818,-12591,-34596,1
2022-04-17 21:00:00,91261,165357,1108,16483,9533,20630,1722,14015,12167,20353,0,1407,865,3127,8409,13343,11642,41862,-8186,-1407,-74096,-2262,-4934,-15375,-11097,-12293,-30220,1
2022-04-17 22:00:00,88720,156729,911,15425,8983,19324,1465,13338,12798,19138,0,1257,968,3094,8304,13265,11504,40392,-6340,-1257,-68009,-2126,-4961,-14514,-10341,-11873,-28888,1
2022-04-17 23:00:00,85864,150896,860,14707,8525,18570,1458,13078,12367,18178,0,1138,1019,3052,8285,13338,9560,38777,-5811,-1138,-65032,-2033,-5053,-13847,-10045,-11620,-29217,1
2022-04-18 00:00:00,82432,148317,826,14243,8356,18350,1517,13085,12095,17688,0,1070,977,3044,8309,13430,7855,37813,-5593,-1070,-65885,-2067,-5121,-13417,-9994,-11568,-29958,1
2022-04-18 01:00:00,76848,149699,777,14101,8470,18411,1504,13214,11519,17810,0,1094,970,3037,8488,13662,7361,37421,-6291,-1094,-72851,-2067,-5174,-13324,-9941,-11710,-30060,1
2022-04-18 02:00:00,69654,152832,764,14300,8477,19107,1553,13093,10810,18189,0,538,963,3118,8524,13825,7832,37586,-7379,-538,-83178,-2155,-5301,-13536,-10630,-11540,-29754,1
2022-04-18 03:00:00,67771,155083,778,14361,8943,19551,1696,13005,10865,19537,0,531,1039,3209,8516,13986,7811,38401,-8672,-531,-87312,-2170,-5470,-13583,-10608,-11309,-30590,1
2022-04-18 04:00:00,68306,156388,1280,14844,10444,20547,2162,13414,11310,21143,0,1098,1158,3392,8609,14148,6676,38664,-9833,-1098,-88082,-2234,-5539,-13564,-10103,-11252,-31988,1
2022-04-18 05:00:00,85240,164231,2466,15369,14343,22827,2980,13861,12547,22543,0,1179,1327,3591,8713,14019,6103,37157,-9996,-1179,-78991,-2264,-5306,-12903,-8484,-10881,-31054,1
2022-04-18 06:00:00,109188,177632,3983,15573,17338,24499,4495,14258,15741,23684,0,1306,1594,3670,9183,14360,5373,35511,-7943,-1306,-68444,-2076,-5177,-11590,-7161,-9763,-30138,1
2022-04-18 07:00:00,139349,186729,5373,15414,18835,24632,5743,14894,18106,24123,0,1475,1895,3670,9178,13932,4430,33151,-6017,-1475,-47380,-1775,-4754,-10041,-5797,-9151,-28721,1
2022-04-18 08:00:00,170193,191620,5245,15348,19665,24284,6160,15046,19434,24423,0,1534,2103,3616,9028,13713,4002,30149,-4989,-1534,-21427,-1513,-4685,-10103,-4619,-8886,-26147,3
2022-04-18 09:00:00,191718,196074,4891,15397,21041,23884,6018,14796,20333,24431,0,1549,2190,3576,8770,13359,3736,27545,-4098,-1549,-4356,-1386,-4589,-10506,-2843,-8778,-23809,3
2022-04-18 10:00:00,205099,190901,5035,14964,21354,21986,6577,15123,20234,24785,0,1517,2192,3509,8271,13164,3264,25584,-4551,-1517,14198,-1317,-4893,-9929,-632,-8546,-22320,2
2022-04-18 11:00:00,201208,182629,5229,14479,20796,21024,6414,14720,20855,24500,0,1474,2061,3466,8044,13062,2953,24081,-3645,-1474,18579,-1405,-5018,-9250,-228,-8306,-21128,2
2022-04-18 12:00:00,190754,176914,4758,14441,19598,20822,6116,14633,21420,23555,0,1426,1899,3368,8317,12955,2428,24338,-2135,-1426,13840,-1469,-4638,-9683,-1224,-8517,-21910,2
2022-04-18 13:00:00,171894,173558,4650,14875,18274,21185,5294,14732,21742,23084,0,1406,1633,3406,8606,13036,2199,26118,-1342,-1406,-1664,-1773,-4430,-10225,-2911,-9438,-23919,0
2022-04-18 14:00:00,140722,173223,3538,15698,15643,22265,4579,15345,20916,22965,0,1454,1408,3729,9201,13600,1980,30541,-2049,-1454,-32501,-2321,-4399,-12160,-6622,-10766,-28561,1
2022-04-18 15:00:00,101017,179679,2276,16563,10485,23215,4017,16044,19340,23285,0,1630,1296,3827,9405,13874,1665,37780,-3945,-1630,-78662,-2531,-4469,-14287,-12730,-12027,-36115,1
2022-04-18 16:00:00,68567,185977,1084,17861,8010,25290,3511,16546,17529,23734,0,1751,1141,3721,9657,14081,1267,42932,-6205,-1751,-117410,-2580,-4424,-16777,-17280,-13035,-41665,1
2022-04-18 17:00:00,61676,191164,692,19224,9237,27786,3477,17356,15994,25359,0,1701,1003,3651,9542,14215,1000,46986,-9365,-1701,-129488,-2648,-4673,-18532,-18549,-13879,-45986,1
2022-04-18 18:00:00,58452,192781,686,19542,8779,27303,3149,16951,16752,27179,0,1681,964,3590,9472,14130,1070,48805,-10427,-1681,-134329,-2626,-4658,-18856,-18524,-13802,-47735,1
2022-04-18 19:00:00,58110,189417,725,18612,7223,25297,2614,16191,16040,25406,0,1709,1013,3319,9013,13573,1319,47745,-9366,-1709,-131307,-2306,-4560,-17887,-18074,-13577,-46426,1
2022-04-18 20:00:00,58856,181492,781,17623,6174,23004,2321,15244,14882,23086,0,1661,1004,3188,8623,13144,1442,45349,-8204,-1661,-122636,-2184,-4521,-16842,-16830,-12923,-43907,1
2022-04-18 21:00:00,55739,170266,721,16610,6463,20915,2209,14459,13601,21714,0,1491,982,3050,8361,12954,1540,42795,-8113,-1491,-114527,-2068,-4593,-15889,-14452,-12250,-41255,1
2022-04-18 22:00:00,56084,162880,689,15629,6535,19673,2091,14115,13619,20530,0,1313,834,2969,8077,12886,1515,40864,-6911,-1313,-106796,-2135,-4809,-14940,-13138,-12024,-39349,1
2022-04-18 23:00:00,55821,158491,656,14961,6244,18971,2085,13903,13195,19787,0,1196,835,2945,8059,12945,1918,39564,-6592,-1196,-102670,-2110,-4886,-14305,-12727,-11818,-37646,1
2022-04-19 00:00:00,52378,157449,674,14584,6087,18752,1988,13959,12328,19495,0,1133,767,2964,8183,13196,2227,39033,-7167,-1133,-105071,-2197,-5013,-13910,-12665,-11971,-36806,1
2022-04-19 01:00:00,50229,161262,684,14572,5902,19516,2124,14372,11844,19538,0,1150,786,3046,8859,13509,2003,38820,-7694,-1150,-111033,-2260,-4650,-13888,-13614,-12248,-36817,1
2022-04-19 02:00:00,54116,171167,685,15476,5071,21522,2381,15271,11874,20226,0,1126,869,3287,9770,14116,1493,39154,-8352,-1126,-117051,-2418,-4346,-14791,-16451,-12890,-37661,1
2022-04-19 03:00:00,55048,191040,745,17462,6222,25948,2675,18070,12543,22660,0,1116,868,3850,10852,15443,1775,41272,-10117,-1116,-135992,-2982,-4591,-16717,-19726,-15395,-39497,1
2022-04-19 04:00:00,69368,216407,1201,20157,9658,31058,2926,20390,13539,25273,0,1169,1262,4234,11198,16391,2041,45246,-11734,-1169,-147039,-2972,-5193,-18956,-21400,-17464,-43205,1
2022-04-19 05:00:00,91653,236067,2097,21138,12721,35652,3477,21622,15291,27088,0,1287,1584,4381,11180,16357,2470,47571,-11797,-1287,-144414,-2797,-5177,-19041,-22931,-18145,-45101,1
2022-04-19 06:00:00,109591,247516,3267,21053,14108,37209,4246,22335,17462,28106,0,1485,1894,4366,11221,16055,3050,46296,-10644,-1485,-137925,-2472,-4834,-17786,-23101,-18089,-43246,1
2022-04-19 07:00:00,135138,251788,4307,20701,13757,36775,4881,22492,19659,28351,0,1670,2073,4410,11201,15768,3380,43219,-8692,-1670,-116650,-2337,-4567,-16394,-23018,-17611,-39839,1
2022-04-19 08:00:00,164599,256549,4473,20829,15488,35934,5059,22499,21014,28521,0,1770,2322,4344,10845,15462,3855,38927,-7507,-1770,-91950,-2022,-4617,-16356,-20446,-17440,-35072,1
2022-04-19 09:00:00,189248,260109,4355,21401,16749,34486,5113,22327,21382,28561,0,1819,2115,4243,10569,14990,4161,35505,-7179,-1819,-70861,-2128,-4421,-17046,-17737,-17214,-31344,1
2022-04-19 10:00:00,200590,256291,4067,21699,17246,34514,5211,22211,20931,28830,0,1820,2093,4225,10286,14878,3227,33360,-7899,-1820,-55701,-2132,-4592,-17632,-17268,-17000,-30133,1
2022-04-19 11:00:00,203071,250689,3852,21413,18195,36047,4769,21567,21009,28432,0,1825,2162,4115,10152,14702,3133,32500,-7423,-1825,-47618,-1953,-4550,-17561,-17852,-16798,-29367,1
2022-04-19 12:00:00,195505,246114,3913,21613,17895,36483,4787,22051,21024,27530,0,1748,2211,3975,10046,14743,3630,32902,-6506,-1748,-50609,-1764,-4697,-17700,-18588,-17264,-29272,1
2022-04-19 13:00:00,178611,241823,3393,21781,16672,36265,4340,22069,21403,27163,0,1689,2336,3991,10026,14558,4392,35508,-5760,-1689,-63212,-1655,-4532,-18388,-19593,-17729,-31116,3
2022-04-19 14:00:00,159960,239423,2610,21833,14230,35274,3511,22104,20730,26957,0,1721,2389,4253,10206,14755,5723,39657,-6227,-1721,-79463,-1864,-4549,-19223,-21044,-18593,-33934,1
2022-04-19 15:00:00,136978,242183,1825,21889,10887,34703,2979,22235,20074,26764,0,1857,2218,4305,10472,15027,7182,45658,-6690,-1857,-105205,-2087,-4555,-20064,-23816,-19256,-38476,1
2022-04-19 16:00:00,115034,243604,1005,22583,11928,36147,2619,22538,18815,27274,0,1967,1864,4146,10698,15287,8268,48520,-8459,-1967,-128570,-2282,-4589,-21578,-24219,-19919,-40252,1
2022-04-19 17:00:00,102364,245696,709,23573,12389,37542,2537,23148,17558,28540,0,1901,1728,3982,10833,15429,9312,51392,-10982,-1901,-143332,-2254,-4596,-22864,-25153,-20611,-42080,1
2022-04-19 18:00:00,98577,240720,739,23550,9745,35143,2079,21895,17617,29428,0,1854,1662,3876,10789,14948,11473,52671,-11811,-1854,-142143,-2214,-4159,-22811,-25398,-19816,-41198,1
2022-04-19 19:00:00,95797,228365,766,22062,7396,31775,1414,20449,17610,27260,0,1871,1534,3676,10520,14184,12811,51325,-9650,-1871,-132568,-2142,-3664,-21296,-24379,-19035,-38514,1
2022-04-19 20:00:00,88356,213678,783,21041,7443,28557,1072,19112,16554,24753,0,1791,1379,3403,9937,13172,13015,48160,-8199,-1791,-125322,-2024,-3235,-20258,-21114,-18040,-35145,1
2022-04-19 21:00:00,81838,195826,789,20349,6807,25837,1088,18097,14950,23352,0,1590,1147,3225,9078,12868,12377,45318,-8402,-1590,-113988,-2078,-3790,-19560,-19030,-17009,-32941,1
2022-04-19 22:00:00,77775,185192,813,19365,6838,24301,1212,17394,14261,22057,0,1394,811,3122,8840,12809,11297,42692,-7796,-1394,-107417,-2311,-3969,-18552,-17463,-16182,-31395,1
2022-04-19 23:00:00,75297,180845,882,18425,7879,23655,1502,17133,14603,21301,0,1263,711,3076,8970,13131,10201,40937,-6698,-1263,-105548,-2365,-4161,-17543,-15776,-15631,-30736,1
2022-04-20 00:00:00,72719,179527,844,17810,7860,23462,1734,17250,15213,20897,0,1205,659,3070,8926,13315,9383,40017,-5684,-1205,-106808,-2411,-4389,-16966,-15602,-15516,-30634,1
2022-04-20 01:00:00,71084,183491,879,17671,7753,23873,1950,17625,15325,20935,0,1204,762,3111,9229,13437,8834,39818,-5610,-1204,-112407,-2349,-4208,-16792,-16120,-15675,-30984,1
2022-04-20 02:00:00,67030,190939,943,18374,6558,25202,2176,18115,15193,21526,0,1179,1005,3343,9971,13882,8161,40168,-6333,-1179,-123909,-2338,-3911,-17431,-18644,-15939,-32007,1
2022-04-20 03:00:00,67285,208641,937,19880,6924,29229,2563,20396,15050,23738,0,1184,1382,3832,10930,15078,7681,42015,-8688,-1184,-141356,-2450,-4148,-18943,-22305,-17833,-34334,1
2022-04-20 04:00:00,77014,229213,1360,22015,9660,34237,2898,22451,16156,26500,0,1264,1646,4271,11844,16298,7518,45603,-10344,-1264,-152199,-2625,-4454,-20655,-24577,-19553,-38085,1
2022-04-20 05:00:00,93335,248716,2591,22065,12539,38890,3266,23645,17310,28473,0,1447,1894,4414,11685,16381,6678,47988,-11163,-1447,-155381,-2520,-4696,-19474,-26351,-20379,-41310,1
2022-04-20 06:00:00,112010,257794,4282,20982,15026,39947,3617,23758,19383,29814,0,1727,2197,4407,11578,15734,5164,46274,-10431,-1727,-145784,-2210,-4156,-16700,-24921,-20141,-41110,1
2022-04-20 07:00:00,130965,257686,6050,19999,14913,39511,3905,23628,21069,30385,0,1976,2266,4376,11325,15500,4472,42158,-9316,-1976,-126721,-2110,-4175,-13949,-24598,-19723,-37686,1
2022-04-20 08:00:00,159363,259011,6488,19609,14274,39095,4276,23890,22613,30798,0,2003,2496,4323,11185,15069,5392,38008,-8185,-2003,-99648,-1827,-3884,-13121,-24821,-19614,-32616,3
2022-04-20 09:00:00,177815,262575,6092,19819,13133,36404,4501,23869,24200,31074,0,1958,2493,4230,10983,14705,5381,34725,-6874,-1958,-84760,-1737,-3722,-13727,-23271,-19368,-29344,3
2022-04-20 10:00:00,184969,260507,5795,20022,13455,36427,4470,23764,24788,31131,0,1889,2468,4206,10724,14469,5757,32434,-6343,-1889,-75538,-1738,-3745,-14227,-22972,-19294,-26677,3
2022-04-20 11:00:00,185126,254620,5665,19847,12495,37108,4109,23544,24912,30390,0,1859,2559,4109,10669,14311,6751,31802,-5478,-1859,-69494,-1550,-3642,-14182,-24613,-19435,-25051,3
2022-04-20 12:00:00,178945,251163,5416,20195,11862,37779,3688,23418,26396,29468,0,1744,2627,3994,10636,14479,8136,32353,-3072,-1744,-72218,-1367,-3843,-14779,-25917,-19730,-24217,3
2022-04-20 13:00:00,168127,243485,4512,20537,10218,37464,3411,23413,25701,28959,0,1684,2595,4032,10742,14512,8941,34286,-3258,-1684,-75358,-1437,-3770,-16025,-27246,-20002,-25345,3
2022-04-20 14:00:00,148419,241913,3564,20959,9639,36353,2813,23149,25013,28658,0,1685,2471,4273,10907,14751,9992,38287,-3645,-1685,-93494,-1802,-3844,-17395,-26714,-20336,-28295,1
2022-04-20 15:00:00,122316,245546,2339,21271,8555,35898,2885,22985,24478,28294,0,1832,2155,4266,10960,14909,10526,44376,-3816,-1832,-123230,-2111,-3949,-18932,-27343,-20100,-33850,1
2022-04-20 16:00:00,98549,248102,1176,22238,10008,37480,2828,23408,22821,28856,0,1934,1714,4126,11001,15146,10180,47567,-6035,-1934,-149553,-2412,-4145,-21062,-27472,-20580,-37387,1
2022-04-20 17:00:00,91327,248152,779,23417,11009,38298,2833,23714,21559,29929,0,1861,1524,3913,11034,15027,9977,51191,-8370,-1861,-156825,-2389,-3993,-22638,-27289,-20881,-41214,1
2022-04-20 18:00:00,88012,242766,742,23603,7625,35607,2080,22339,20863,30822,0,1843,1609,3834,10783,14517,10104,53138,-9959,-1843,-154754,-2225,-3734,-22861,-27982,-20259,-43034,1
2022-04-20 19:00:00,82718,232291,752,22173,5608,32038,1382,20753,20241,28654,0,1873,1582,3585,10257,13797,10238,51939,-8413,-1873,-149573,-2003,-3540,-21421,-26430,-19371,-41701,1
2022-04-20 20:00:00,79065,217312,780,21176,4815,29033,1324,19490,18503,26033,0,1801,1800,3309,9753,12993,10567,48913,-7530,-1801,-138247,-1509,-3240,-20396,-24218,-18166,-38346,3
2022-04-20 21:00:00,78552,202596,797,20459,4770,26479,1433,18500,16919,24310,0,1567,1779,3188,9179,12712,9922,45740,-7391,-1567,-124044,-1409,-3533,-19662,-21709,-17067,-35818,3
2022-04-20 22:00:00,78438,192414,797,19433,4839,24930,1315,17897,15642,22869,0,1344,1574,3098,9061,12401,9019,43103,-7227,-1344,-113976,-1524,-3340,-18636,-20091,-16582,-34084,1
2022-04-20 23:00:00,76362,186631,799,18410,5710,24260,1195,17598,14754,22130,0,1206,1596,3049,9090,12410,8566,41484,-7376,-1206,-110269,-1453,-3320,-17611,-18550,-16403,-32918,1
2022-04-21 00:00:00,73433,182798,826,17792,6050,23993,1136,17625,14626,21627,0,1127,1621,3042,9136,12559,7341,40493,-7001,-1127,-109365,-1421,-3423,-16966,-17943,-16489,-33152,1
2022-04-21 01:00:00,71791,184125,869,17709,6063,24379,1161,17793,14700,21668,0,1132,1604,3085,9336,12871,6852,40024,-6968,-1132,-112334,-1481,-3535,-16840,-18316,-16632,-33172,1
2022-04-21 02:00:00,69525,191905,872,18379,5647,25959,1157,18158,14765,22285,0,1103,1609,3276,10576,13238,6114,40471,-7520,-1103,-122380,-1667,-2662,-17507,-20312,-17001,-34357,1
2022-04-21 03:00:00,67407,208912,906,19792,5938,29865,1314,20549,14708,24586,0,1111,1800,3712,11435,14539,5847,42379,-9878,-1111,-141505,-1912,-3104,-18886,-23927,-19235,-36532,1
2022-04-21 04:00:00,72913,231564,1475,21931,8219,34653,1934,22580,15692,27333,0,1194,1867,4181,12014,16080,5491,45530,-11641,-1194,-158651,-2314,-4066,-20456,-26434,-20646,-40039,1
2022-04-21 05:00:00,86529,248606,3013,21776,12802,39198,2630,23458,17258,29281,0,1373,2123,4239,12045,16356,5427,48158,-12023,-1373,-162077,-2116,-4311,-18763,-26396,-20828,-42731,1
2022-04-21 06:00:00,93690,257267,4800,20768,13924,40465,2545,23547,19844,30193,0,1636,2470,4352,11775,15741,5102,46269,-10349,-1636,-163577,-1882,-3966,-15968,-26541,-21002,-41167,1
2022-04-21 07:00:00,112553,261481,6118,19829,13519,40453,2890,23319,22326,30487,0,1829,2827,4367,11716,15069,4548,42049,-8161,-1829,-148928,-1540,-3353,-13711,-26934,-20429,-37501,3
2022-04-21 08:00:00,135512,264977,6673,19322,13493,40055,3721,23497,23540,30436,0,1848,3290,4324,11545,14462,5211,37763,-6896,-1848,-129465,-1034,-2917,-12649,-26562,-19776,-32552,3
2022-04-21 09:00:00,151142,268123,6678,19182,12298,38282,4418,23639,23715,30538,0,1803,3910,4272,11155,14228,6320,34638,-6823,-1803,-116981,-362,-3073,-12504,-25984,-19221,-28318,3
2022-04-21 10:00:00,158609,265496,6679,19219,11702,38099,4601,23409,23842,30303,0,1774,4226,4255,10670,14173,7688,32457,-6461,-1774,-106887,-29,-3503,-12540,-26397,-18808,-24769,3
2022-04-21 11:00:00,160362,258117,6706,18952,11980,38624,4289,22851,24222,29818,0,1757,4391,4172,10254,14072,8730,32360,-5596,-1757,-97755,219,-3818,-12246,-26644,-18562,-23630,3
2022-04-21 12:00:00,150896,252729,6453,19122,12920,39111,4238,22948,24069,29083,0,1684,4295,4071,10474,14270,9156,33319,-5014,-1684,-101833,224,-3796,-12669,-26191,-18710,-24163,3
2022-04-21 13:00:00,139414,249039,5345,19661,12212,38830,3841,23069,24004,28586,0,1651,3919,4177,10446,14241,10205,35231,-4582,-1651,-109625,-258,-3795,-14316,-26618,-19228,-25026,3
2022-04-21 14:00:00,130223,249408,4149,20263,11561,38034,3089,22927,22772,28157,0,1670,3855,4323,10638,14401,11695,39597,-5385,-1670,-119185,-468,-3763,-16114,-26473,-19838,-27902,3
2022-04-21 15:00:00,117991,253511,2549,20844,10271,37526,2487,22852,20829,27702,0,1811,3323,4332,10984,14488,12420,46098,-6873,-1811,-135520,-1009,-3504,-18295,-27255,-20365,-33678,3
2022-04-21 16:00:00,104650,254100,1279,21893,10983,38562,2227,23118,17225,27958,0,1916,2646,4148,11307,14741,11953,49787,-10733,-1916,-149450,-1502,-3434,-20614,-27579,-20891,-37834,3
2022-04-21 17:00:00,101564,252037,892,23088,9929,38693,2595,23496,15069,29377,0,1851,2297,4017,11381,14768,12077,52567,-14308,-1851,-150473,-1720,-3387,-22196,-28764,-20901,-40490,3
2022-04-21 18:00:00,99724,245201,925,23434,8141,35857,1866,22273,13986,30769,0,1824,2537,3953,11242,14117,12995,53702,-16783,-1824,-145477,-1416,-2875,-22509,-27716,-20407,-40707,3
2022-04-21 19:00:00,99231,234177,1048,21995,7081,32304,1558,20706,13367,28708,0,1847,2758,3854,10906,13464,12953,52045,-15341,-1847,-134946,-1096,-2558,-20947,-25223,-19148,-39092,3
2022-04-21 20:00:00,100963,219419,1024,20981,7622,29303,1394,19362,11806,26220,0,1764,2723,3592,10626,13090,12976,48912,-14414,-1764,-118456,-869,-2464,-19957,-21681,-17968,-35936,3
2022-04-21 21:00:00,103553,203505,1015,20159,6728,26828,1298,18222,9344,24402,0,1556,2812,3435,10272,12400,13160,46066,-15058,-1556,-99952,-623,-2128,-19144,-20100,-16924,-32906,3
2022-04-21 22:00:00,105603,192901,1006,19104,7474,25303,1289,17519,9130,22976,0,1328,2644,3266,10196,12141,12851,43581,-13846,-1328,-87298,-622,-1945,-18098,-17829,-16230,-30730,3
2022-04-21 23:00:00,105458,186939,1019,18141,8332,24628,1448,17266,9627,22016,0,1211,2493,3195,10402,12067,12845,41866,-12389,-1211,-81481,-702,-1665,-17122,-16296,-15818,-29021,3
2022-04-22 00:00:00,106061,185456,1056,17446,8842,24428,1746,17306,10383,21445,0,1171,2578,3144,10447,11882,12237,40635,-11062,-1171,-79395,-566,-1435,-16390,-15586,-15560,-28398,3
2022-04-22 01:00:00,107899,187927,1090,17313,9191,24730,1876,17518,10446,21498,0,1155,2518,3211,10881,12223,12349,40293,-11052,-1155,-80028,-693,-1342,-16223,-15539,-15642,-27944,3
2022-04-22 02:00:00,107303,192960,1048,17859,8903,26280,2249,17962,9909,22126,0,1104,2648,3520,12008,12811,12803,40513,-12217,-1104,-85657,-872,-803,-16811,-17377,-15713,-27710,4
2022-04-22 03:00:00,104191,208587,1055,19196,8031,30049,2552,20215,10160,24456,0,1116,2862,4040,12734,14231,12314,42259,-14296,-1116,-104396,-1178,-1497,-18141,-22018,-17663,-29945,1
2022-04-22 04:00:00,104442,231965,1202,21788,10049,34914,3374,22239,11917,27333,0,1174,3322,4549,13361,15877,11752,45533,-15416,-1174,-127523,-1227,-2516,-20586,-24865,-18865,-33781,1
2022-04-22 05:00:00,122296,251707,1427,22925,13519,39045,3952,23185,13651,29288,0,1374,3933,4780,13054,16053,11335,47820,-15637,-1374,-129411,-847,-2999,-21498,-25526,-19233,-36485,3
2022-04-22 06:00:00,143882,259551,1745,23291,15150,40243,4678,23395,13879,30107,0,1649,4238,4652,12505,15452,11305,46676,-16228,-1649,-115669,-414,-2947,-21546,-25093,-18717,-35371,3
2022-04-22 07:00:00,162437,260608,2267,23335,15073,40017,5388,23090,15150,30367,0,1861,4650,4577,12262,14832,10954,44384,-15217,-1861,-98171,73,-2570,-21068,-24944,-17702,-33430,3
2022-04-22 08:00:00,179732,262470,2913,23284,16060,40024,5909,23296,15769,30335,0,1920,5288,4503,11788,14578,11583,40909,-14566,-1920,-82738,785,-2790,-20371,-23964,-17387,-29326,3
2022-04-22 09:00:00,202514,266447,3311,23136,15084,37726,5953,23130,16580,30795,0,1892,5276,4439,11534,14153,12437,38535,-14215,-1892,-63933,837,-2619,-19825,-22642,-17177,-26098,3
2022-04-22 10:00:00,228511,263524,3549,23046,14167,37069,6284,23048,17356,30835,0,1840,4920,4261,11204,13675,13501,38553,-13479,-1840,-35013,659,-2471,-19497,-22902,-16764,-25052,3
2022-04-22 11:00:00,238916,258313,3278,22476,13704,37659,6007,22429,16811,30221,0,1806,4647,4029,10930,13476,13534,38939,-13410,-1806,-19397,618,-2546,-19198,-23955,-16422,-25405,3
2022-04-22 12:00:00,235639,253011,3043,22586,13221,37649,5838,22495,15959,29166,0,1714,4350,3853,10955,13522,14467,39399,-13207,-1714,-17372,497,-2567,-19543,-24428,-16657,-24932,3
2022-04-22 13:00:00,219291,248027,2443,22820,12118,37484,5601,22572,15412,28699,0,1674,4169,3880,10844,13585,15373,41857,-13287,-1674,-28736,289,-2741,-20377,-25366,-16971,-26484,3
2022-04-22 14:00:00,201462,246220,1839,22876,10188,36218,4863,22447,15147,28378,0,1657,3876,4054,10713,14046,15568,45847,-13231,-1657,-44758,-178,-3333,-21037,-26030,-17584,-30279,3
2022-04-22 15:00:00,178910,248422,1430,22789,10364,36242,4048,22379,14197,28037,0,1754,3632,4049,10305,13962,15271,48961,-13840,-1754,-69512,-417,-3657,-21359,-25878,-18331,-33690,3
2022-04-22 16:00:00,164377,248781,1220,23060,10855,37437,3817,22838,14239,28416,0,1852,3198,3977,10325,13915,15019,49404,-14177,-1852,-84404,-779,-3590,-21840,-26582,-19021,-34385,3
2022-04-22 17:00:00,155045,244407,990,23495,11222,37999,3795,23215,13990,29413,0,1804,2960,3733,10058,13888,13473,50749,-15423,-1804,-89362,-773,-3830,-22505,-26777,-19420,-37276,3
2022-04-22 18:00:00,148446,237958,923,23032,9344,35144,3357,22074,14938,30458,0,1728,3111,3648,9964,13848,10695,51360,-15520,-1728,-89512,-537,-3884,-22109,-25800,-18717,-40665,3
2022-04-22 19:00:00,137708,227045,872,21665,7729,31976,2649,20517,13902,28494,0,1688,3198,3488,9616,13108,10511,49983,-14592,-1688,-89337,-290,-3492,-20793,-24247,-17868,-39472,3
2022-04-22 20:00:00,132273,216167,854,20857,6057,29150,2283,19363,13196,26094,0,1642,3076,3339,9369,12441,12165,47407,-12898,-1642,-83894,-263,-3072,-20003,-23093,-17080,-35242,3
2022-04-22 21:00:00,127571,200477,829,20138,5470,26771,2076,18264,13155,24652,0,1481,2635,3188,9311,12101,14225,45290,-11497,-1481,-72906,-553,-2790,-19309,-21301,-16188,-31065,3
2022-04-22 22:00:00,123239,187931,769,19056,5528,25129,1920,17445,13655,23050,0,1291,2301,3055,9220,11929,14600,42793,-9395,-1291,-64692,-754,-2709,-18287,-19601,-15525,-28193,3
2022-04-22 23:00:00,120021,180234,783,17988,5522,24170,1832,17158,13767,21820,0,1152,2030,2933,9289,12002,15089,40662,-8053,-1152,-60213,-903,-2713,-17205,-18648,-15326,-25573,3
2022-04-23 00:00:00,118476,176656,775,17337,6069,23573,1838,17137,14174,21121,0,1089,1986,2891,9481,12058,15033,39608,-6947,-1089,-58180,-905,-2577,-16562,-17504,-15299,-24575,3
2022-04-23 01:00:00,114989,174384,769,17025,6375,23693,1796,17280,15181,20771,0,1091,2011,2915,9707,12127,14597,38994,-5590,-1091,-59395,-904,-2420,-16256,-17318,-15484,-24397,3
2022-04-23 02:00:00,114283,175249,747,17137,6547,24465,2074,17037,15583,20492,0,1061,2086,2927,10032,12172,14751,38856,-4909,-1061,-60966,-841,-2140,-16390,-17918,-14963,-24105,3
2022-04-23 03:00:00,114729,178091,764,17215,6793,25606,2138,17661,16362,20855,0,1058,2281,3043,10081,12493,15164,39534,-4493,-1058,-63362,-762,-2412,-16451,-18813,-15523,-24370,3
2022-04-23 04:00:00,118245,183787,949,18317,9206,28287,2426,18629,16329,21478,0,1088,2529,3264,10480,13139,14617,39874,-5149,-1088,-65542,-735,-2659,-17368,-19081,-16203,-25257,3
2022-04-23 05:00:00,126987,196538,1377,19454,12160,31093,3222,19604,18989,22782,0,1177,2798,3475,10654,13731,14598,39468,-3793,-1177,-69551,-677,-3077,-18077,-18933,-16382,-24870,3
2022-04-23 06:00:00,143846,209192,1859,20391,14059,32371,4214,19977,23275,24945,0,1347,3106,3596,10987,14006,14544,38363,-1670,-1347,-65346,-490,-3019,-18532,-18312,-15763,-23819,3
2022-04-23 07:00:00,176213,220702,2351,20870,15417,32374,5149,19986,28203,26257,0,1558,3429,3634,11201,13848,13048,35927,1946,-1558,-44489,-205,-2647,-18519,-16957,-14837,-22879,0
2022-04-23 08:00:00,214295,227025,2906,20984,18325,31672,5918,20210,29349,26642,0,1628,3796,3621,10562,13244,10443,33243,2707,-1628,-12730,175,-2682,-18078,-13347,-14292,-22800,0
2022-04-23 09:00:00,227736,227836,3326,20941,18221,30184,6154,20296,28172,26925,0,1580,3945,3718,10012,12667,9960,31747,1247,-1580,-100,227,-2655,-17615,-11963,-14142,-21787,0
2022-04-23 10:00:00,236221,222670,3480,20481,17823,29198,5734,19782,28325,27118,0,1535,4122,3667,9961,12854,8393,29636,1207,-1535,13551,455,-2893,-17001,-11375,-14048,-21243,2
2022-04-23 11:00:00,230810,215963,3518,19450,16645,27928,5881,19481,29254,26752,0,1466,4110,3527,10012,12939,8551,28697,2502,-1466,14847,583,-2927,-15932,-11283,-13600,-20146,2
2022-04-23 12:00:00,225234,210427,3711,18736,15670,28137,5495,19039,28690,25539,0,1384,4344,3541,9931,12835,9105,28974,3151,-1384,14807,803,-2904,-15025,-12467,-13544,-19869,2
2022-04-23 13:00:00,215421,207358,3199,18758,12658,28238,4801,18754,28023,24734,0,1312,4328,3556,10740,13280,10438,30572,3289,-1312,8063,772,-2540,-15559,-15580,-13953,-20134,2
2022-04-23 14:00:00,202598,207670,2717,19054,9947,28521,4079,18880,27222,24270,0,1304,4016,3731,11392,13867,12519,33992,2952,-1304,-5072,285,-2475,-16337,-18574,-14801,-21473,0
2022-04-23 15:00:00,177369,213443,2018,19291,8057,29500,3738,19518,27619,24231,0,1458,3436,3755,11313,14133,15824,39075,3388,-1458,-36074,-319,-2820,-17273,-21443,-15780,-23251,0
2022-04-23 16:00:00,157447,216211,1215,19888,9176,31254,3338,19802,26699,24897,0,1609,2884,3621,11213,14207,15222,42561,1802,-1609,-58764,-737,-2994,-18673,-22078,-16464,-27339,0
2022-04-23 17:00:00,145300,213860,928,20714,10342,32212,3148,20476,22760,25919,0,1605,2564,3499,11152,14143,14413,45256,-3159,-1605,-68560,-935,-2991,-19786,-21870,-17328,-30843,3
2022-04-23 18:00:00,144768,208680,1060,21087,7657,29956,2888,19487,21444,27576,0,1548,2599,3480,10919,14050,14849,47116,-6132,-1548,-63912,-881,-3131,-20027,-22299,-16599,-32267,3
2022-04-23 19:00:00,145015,202708,1166,20059,6230,27575,2603,18416,20484,26157,0,1551,2715,3298,10729,13621,15257,46712,-5673,-1551,-57693,-583,-2892,-18893,-21345,-15813,-31455,3
2022-04-23 20:00:00,144117,194875,1274,18946,5511,25458,1940,17123,19773,24343,0,1554,2624,3143,10268,13124,15405,44776,-4570,-1554,-50758,-519,-2856,-17672,-19947,-15183,-29371,3
2022-04-23 21:00:00,140848,183849,1387,17959,5935,23733,1823,16160,19360,22835,0,1392,2516,2987,10332,13121,15546,42430,-3475,-1392,-43001,-471,-2789,-16572,-17798,-14337,-26884,3
2022-04-23 22:00:00,137913,174249,1421,16880,6197,22100,1803,15560,19129,21484,0,1221,2657,2868,10106,12913,15354,40443,-2355,-1221,-36336,-211,-2807,-15459,-15903,-13757,-25089,3
2022-04-23 23:00:00,135229,167811,1471,16046,6760,21089,1748,15226,18402,20162,0,1103,2695,2813,10026,12877,14766,39097,-1760,-1103,-32582,-118,-2851,-14575,-14329,-13478,-24331,3
2022-04-24 00:00:00,131445,163764,1524,15529,6965,20671,1661,14879,17376,19479,0,1065,2798,2805,10030,12813,14345,38128,-2103,-1065,-32319,-7,-2783,-14005,-13706,-13218,-23783,3
2022-04-24 01:00:00,128351,163138,1577,15287,7129,20455,1630,14940,16864,19223,0,1045,2760,2794,10160,12773,14591,37779,-2359,-1045,-34787,-34,-2613,-13710,-13326,-13310,-23188,3
2022-04-24 02:00:00,126116,164658,1592,15462,7098,20767,1813,14757,16187,19364,0,1020,2504,2800,10174,12807,14742,37389,-3177,-1020,-38542,-296,-2633,-13870,-13669,-12944,-22647,3
2022-04-24 03:00:00,117978,164912,1577,15454,7330,20750,1932,15036,15467,19639,0,1035,2646,2912,10370,12873,14806,37696,-4172,-1035,-46934,-266,-2503,-13877,-13420,-13104,-22890,3
2022-04-24 04:00:00,115646,165072,2068,16161,8673,22032,2456,15675,14463,19522,0,1046,2935,3116,11307,13147,14587,37208,-5059,-1046,-49426,-181,-1840,-14093,-13359,-13219,-22621,3
2022-04-24 05:00:00,119836,175294,2797,16997,10823,24285,2981,16575,15475,20128,0,1083,3496,3349,11955,13800,13733,35874,-4653,-1083,-55458,147,-1845,-14200,-13462,-13594,-22141,3
2022-04-24 06:00:00,137221,190814,4169,17409,13919,26473,3868,17234,18060,21873,0,1185,3941,3622,12293,13977,12778,34130,-3813,-1185,-53593,319,-1684,-13240,-12554,-13366,-21352,3
2022-04-24 07:00:00,163851,203506,5377,17630,16013,27114,4518,17400,20461,23261,0,1324,4343,3709,12517,14056,12110,31792,-2800,-1324,-39655,634,-1539,-12253,-11101,-12882,-19682,3
2022-04-24 08:00:00,193292,212636,5826,17778,16878,27420,5032,17498,20994,23640,0,1394,4597,3692,12178,14227,9792,28673,-2646,-1394,-19344,905,-2049,-11952,-10542,-12466,-18881,3
2022-04-24 09:00:00,207228,220710,6048,17745,18222,27297,5624,17453,21151,23698,0,1449,4695,3811,11008,13669,7899,26401,-2547,-1449,-13482,884,-2661,-11697,-9075,-11829,-18502,3
2022-04-24 10:00:00,211934,216320,6110,17624,18797,24881,6121,17597,20548,23883,0,1464,4977,3832,10211,13658,6590,25042,-3335,-1464,-4386,1145,-3447,-11514,-6084,-11476,-18452,3
2022-04-24 11:00:00,201862,209261,5481,17295,18561,24534,6014,17380,21512,23709,0,1519,4838,3837,10125,13411,7089,24923,-2197,-1519,-7399,1001,-3286,-11814,-5973,-11366,-17834,3
2022-04-24 12:00:00,192768,205431,5307,17165,17714,24242,6070,17525,21352,22618,0,1461,4638,3781,10385,13580,8697,26533,-1266,-1461,-12663,857,-3195,-11858,-6528,-11455,-17836,3
2022-04-24 13:00:00,180161,202021,4839,17355,16467,24496,5847,17692,20565,21930,0,1401,3784,4105,11608,13946,9981,28466,-1365,-1401,-21860,-321,-2338,-12516,-8029,-11845,-18485,3
2022-04-24 14:00:00,159838,202071,4100,17717,14619,25018,5535,18099,19505,21642,0,1432,3889,4202,12036,14403,13953,31938,-2137,-1432,-42233,-313,-2367,-13617,-10399,-12564,-17985,3
2022-04-24 15:00:00,139804,207785,3223,17880,11955,25777,4968,18430,17585,21859,0,1576,3974,4058,12006,14661,14764,38209,-4274,-1576,-67981,-84,-2655,-14657,-13822,-13462,-23445,3
2022-04-24 16:00:00,120107,211242,2130,18722,10525,27530,4730,19046,13832,22552,0,1710,3533,4020,11785,15011,15345,41957,-8720,-1710,-91135,-487,-3226,-16592,-17005,-14316,-26612,3
2022-04-24 17:00:00,109932,211900,1729,19917,10617,29387,4605,19513,9237,24420,0,1697,3205,3780,11721,15574,14918,45118,-15183,-1697,-101968,-575,-3853,-18188,-18770,-14908,-30200,3
2022-04-24 18:00:00,106431,211397,1355,20720,10565,27995,4132,18768,9131,26810,0,1713,3157,3669,11513,15568,14134,47276,-17679,-1713,-104966,-512,-4055,-19365,-17430,-14636,-33142,3
2022-04-24 19:00:00,99545,206835,1184,19618,8477,26000,3622,17946,8343,26051,0,1719,3092,3510,11429,15056,13567,47134,-17708,-1719,-107290,-418,-3627,-18434,-17523,-14324,-33567,3
2022-04-24 20:00:00,93762,197714,1106,18511,7895,23903,3463,16736,7255,23970,0,1693,3105,3258,11253,14559,12723,45306,-16715,-1693,-103952,-153,-3306,-17405,-16008,-13273,-32583,3
2022-04-24 21:00:00,85689,185244,1041,17416,8205,22341,2991,15778,6405,22388,0,1478,3074,3143,10897,14053,11718,42615,-15983,-1478,-99555,-69,-3156,-16375,-14136,-12787,-30897,3
2022-04-24 22:00:00,82861,175581,1083,16422,7332,20816,2674,15489,6175,21084,0,1279,2843,3077,10813,13794,10664,40622,-14909,-1279,-92720,-234,-2981,-15339,-13484,-12815,-29958,3
2022-04-24 23:00:00,81294,170814,1178,15662,6813,20010,2601,15332,5442,20298,0,1170,2454,3010,10832,13812,9684,39226,-14856,-1170,-89520,-556,-2980,-14484,-13197,-12731,-29542,3
2022-04-25 00:00:00,78265,168927,1046,15352,6497,19584,2340,15359,4679,19897,0,1124,2116,3012,11039,13845,8331,38585,-15218,-1124,-90662,-896,-2806,-14306,-13087,-13019,-30254,3
2022-04-25 01:00:00,70260,171239,1233,15290,6246,19467,2158,15718,4667,19987,0,1147,1788,3083,11269,14015,8013,38510,-15320,-1147,-100979,-1295,-2746,-14057,-13221,-13560,-30497,1
2022-04-25 02:00:00,65277,180177,1123,16056,6168,19940,2128,16618,4387,20907,0,1131,1696,3302,11463,14527,7282,38892,-16520,-1131,-114900,-1606,-3064,-14933,-13772,-14490,-31610,1
2022-04-25 03:00:00,65238,202397,1174,17822,6702,20237,2184,19548,4515,23580,0,1154,1542,3806,11239,15618,6846,40774,-19065,-1154,-137159,-2264,-4379,-16648,-13535,-17364,-33928,1
2022-04-25 04:00:00,66092,232917,1399,20674,8574,21612,2385,21688,6901,26422,0,1251,1545,4265,11310,16992,7143,44922,-19521,-1251,-166825,-2720,-5682,-19275,-13038,-19303,-37779,1
2022-04-25 05:00:00,74775,250492,2257,21273,11578,23989,2680,22652,10662,28239,0,1492,1667,4426,11003,16888,6866,49593,-17577,-1492,-175717,-2759,-5885,-19016,-12411,-19972,-42727,1
2022-04-25 06:00:00,84200,259641,3655,20736,14150,25403,2975,22946,13386,28641,0,1886,1737,4500,11211,16418,6543,52513,-15255,-1886,-175441,-2763,-5207,-17081,-11253,-19971,-45970,1
2022-04-25 07:00:00,91299,262962,5009,19994,15615,25987,3145,22705,16950,28805,0,2090,2151,4468,11313,16099,7240,53150,-11855,-2090,-171663,-2317,-4786,-14985,-10372,-19560,-45910,1
2022-04-25 08:00:00,101096,265291,6038,19504,17179,26286,3192,23088,17977,28672,0,2141,2287,4430,11477,15625,7279,52826,-10695,-2141,-164195,-2143,-4148,-13466,-9107,-19896,-45547,1
2022-04-25 09:00:00,113119,268830,6338,19344,17338,26271,3161,23092,18256,28707,0,2140,2286,4356,11448,15181,5624,51937,-10451,-2140,-155711,-2070,-3733,-13006,-8933,-19931,-46313,3
2022-04-25 10:00:00,121671,265589,6341,19631,16046,23995,2970,23047,17880,28530,0,2129,2280,4334,11576,14979,5429,51265,-10650,-2129,-143918,-2054,-3403,-13290,-7949,-20077,-45836,3
2022-04-25 11:00:00,127900,261587,6069,19448,15674,23695,2778,22610,17466,28139,0,2130,2255,4221,11654,14880,6080,50744,-10673,-2130,-133687,-1966,-3226,-13379,-8021,-19832,-44664,3
2022-04-25 12:00:00,126291,256785,6058,19551,15434,23610,2616,22718,17665,27521,0,2043,2204,4086,11697,15107,6045,49774,-9856,-2043,-130494,-1882,-3410,-13493,-8176,-20102,-43729,3
2022-04-25 13:00:00,119335,251749,5305,19664,14222,23736,2412,22633,17373,26952,0,2018,2160,4288,11803,15034,5244,49294,-9579,-2018,-132414,-2128,-3231,-14359,-9514,-20221,-44050,1
2022-04-25 14:00:00,105459,245544,4201,20171,12234,24831,2101,22676,16705,26591,0,2024,1793,4395,11812,14709,5884,50250,-9886,-2024,-140085,-2602,-2897,-15970,-12597,-20575,-44366,1
2022-04-25 15:00:00,88521,245832,2903,20548,9242,25475,1827,22536,15376,26254,0,2158,1486,4240,12005,14554,6529,52596,-10878,-2158,-157311,-2754,-2549,-17645,-16233,-20709,-46067,1
2022-04-25 16:00:00,72339,247202,1527,21412,8491,27351,2096,23028,12560,26651,0,2185,1172,4184,12224,15300,7774,52403,-14091,-2185,-174863,-3012,-3076,-19885,-18860,-20932,-44629,1
2022-04-25 17:00:00,63599,246708,1136,22433,9248,29275,2106,23437,9895,28032,0,2018,996,4076,12219,15855,7525,52936,-18137,-2018,-183109,-3080,-3636,-21297,-20027,-21331,-45411,1
2022-04-25 18:00:00,61128,240420,1050,22821,8018,28428,1762,22155,9216,29780,0,974,969,3992,11883,15506,7810,53454,-20564,-974,-179292,-3023,-3623,-21771,-20410,-20393,-45644,1
2022-04-25 19:00:00,56545,229638,1096,21440,6382,26205,1308,20500,8622,27972,0,962,948,3768,11656,14228,9136,51754,-19350,-962,-173093,-2820,-2572,-20344,-19823,-19192,-42618,1
2022-04-25 20:00:00,50763,214607,1040,20447,5159,23685,1087,19179,7190,25500,0,1901,862,3528,11683,13358,10217,48729,-18310,-1901,-163844,-2666,-1675,-19407,-18526,-18092,-38512,4
2022-04-25 21:00:00,50101,199789,1075,19578,4455,21527,1173,18202,6642,23890,0,1644,787,3327,11657,13245,10962,45901,-17248,-1644,-149688,-2540,-1588,-18503,-17072,-17029,-34939,4
2022-04-25 22:00:00,49837,189493,1088,18442,5205,20295,1018,17590,5973,22560,0,1416,705,3211,11450,12862,10725,43287,-16587,-1416,-139656,-2506,-1412,-17354,-15090,-16572,-32562,4
2022-04-25 23:00:00,48769,183986,1022,17466,5695,19709,1024,17332,5676,21774,0,1300,671,3169,11337,12850,11135,41406,-16098,-1300,-135217,-2498,-1513,-16444,-14014,-16308,-30271,1
2022-04-26 00:00:00,50192,182975,967,16894,5626,19605,1022,17432,5477,21388,0,1235,653,3173,11324,13089,10423,40603,-15911,-1235,-132783,-2520,-1765,-15927,-13979,-16410,-30180,1
2022-04-26 01:00:00,47130,185423,966,16818,5790,20097,1000,17680,5246,21295,0,1248,645,3255,11143,13443,9748,40331,-16049,-1248,-138293,-2610,-2300,-15852,-14307,-16680,-30583,1
2022-04-26 02:00:00,44157,191438,1028,17414,4544,22156,1062,18070,5292,21862,0,1220,666,3435,11237,13778,9435,40596,-16570,-1220,-147281,-2769,-2541,-16386,-17612,-17008,-31161,1
2022-04-26 03:00:00,43141,208185,1078,18664,5099,26778,1099,20399,6750,24446,0,1212,710,3924,11424,15432,9127,42416,-17696,-1212,-165044,-3214,-4008,-17586,-21679,-19300,-33289,1
2022-04-26 04:00:00,50609,235567,1481,20868,10397,32504,1619,22297,7174,27197,0,1296,848,4395,11634,16403,9487,46206,-20023,-1296,-184958,-3547,-4769,-19387,-22107,-20678,-36719,1
2022-04-26 05:00:00,66010,253789,2932,20797,14132,37123,2204,23099,9153,28884,0,1534,1093,4529,11598,16169,8919,49328,-19731,-1534,-187779,-3436,-4571,-17865,-22991,-20895,-40409,1
2022-04-26 06:00:00,80200,263525,4669,19967,14511,38806,2660,23163,11980,29411,0,1919,1303,4464,11574,15812,8471,49365,-17431,-1919,-183325,-3161,-4238,-15298,-24295,-20503,-40894,1
2022-04-26 07:00:00,95331,265541,5707,19319,13368,38527,3161,22534,13595,29305,0,2093,1500,4473,11736,15792,7786,45927,-15710,-2093,-170210,-2973,-4056,-13612,-25159,-19373,-38141,1
2022-04-26 08:00:00,107118,268173,6494,18731,13815,38428,3711,22737,14880,29254,0,2131,1579,4438,11937,16159,6797,41152,-14374,-2131,-161055,-2859,-4222,-12237,-24613,-19026,-34355,1
2022-04-26 09:00:00,112861,271620,6603,18589,14927,36754,4074,22740,16341,29332,0,2101,1762,4372,12057,15867,6350,37978,-12991,-2101,-158759,-2610,-3810,-11986,-21827,-18666,-31628,1
2022-04-26 10:00:00,112108,267792,6459,18561,15747,36299,4052,22754,16242,29343,0,2034,1795,4352,11926,15435,5408,36327,-13101,-2034,-155684,-2557,-3509,-12102,-20552,-18702,-30919,1
2022-04-26 11:00:00,116440,261318,6182,18428,15443,36885,4040,22844,15149,28935,0,1963,1783,4222,11741,15185,4827,35467,-13786,-1963,-144878,-2439,-3444,-12246,-21442,-18804,-30640,1
2022-04-26 12:00:00,116543,257554,5606,18841,13855,36142,3415,22621,13954,28193,0,1852,1665,4125,11753,15257,5525,35085,-14239,-1852,-141011,-2460,-3504,-13235,-22287,-19206,-29560,1
2022-04-26 13:00:00,111518,254342,4769,19471,12824,36388,2800,22561,13844,27740,0,1842,1646,4142,11775,15312,5388,36443,-13896,-1842,-142824,-2496,-3537,-14702,-23564,-19761,-31055,1
2022-04-26 14:00:00,98800,252530,3693,19967,10240,35483,2039,22346,13749,27522,0,1887,1488,4374,11688,15650,5172,39579,-13773,-1887,-153730,-2886,-3962,-16274,-25243,-20307,-34407,1
2022-04-26 15:00:00,84671,253368,2368,20411,7524,34793,1693,22312,12668,27284,0,2067,1284,4296,11663,15842,4623,43870,-14616,-2067,-168697,-3012,-4179,-18043,-27269,-20619,-39247,1
2022-04-26 16:00:00,69043,252463,1231,21346,8289,35628,1761,22767,11905,27707,0,2137,1022,4118,11496,16004,4340,46453,-15802,-2137,-183420,-3096,-4508,-20115,-27339,-21006,-42113,1
2022-04-26 17:00:00,58829,250011,835,22441,9102,36956,1785,23365,11802,29426,0,2012,993,3962,11610,16370,4039,49584,-17624,-2012,-191182,-2969,-4760,-21606,-27854,-21580,-45545,1
2022-04-26 18:00:00,56238,242542,822,22832,6814,34894,1503,22232,11339,30524,0,1949,956,3865,11434,16022,3446,51679,-19185,-1949,-186304,-2909,-4588,-22010,-28080,-20729,-48233,1
2022-04-26 19:00:00,52259,231713,852,21456,5066,31407,950,20693,10249,28313,0,1942,892,3696,11259,15049,2648,51151,-18064,-1942,-179454,-2804,-3790,-20604,-26341,-19743,-48503,1
2022-04-26 20:00:00,48390,215547,875,20445,4280,28474,969,19388,8179,25856,0,1908,749,3471,11303,14545,2100,48408,-17677,-1908,-167157,-2722,-3242,-19570,-24194,-18419,-46308,1
2022-04-26 21:00:00,47909,199659,941,19601,4450,26097,1044,18328,6063,24314,0,1655,939,3299,10791,14268,2167,45922,-18251,-1655,-151750,-2360,-3477,-18660,-21647,-17284,-43755,1
2022-04-26 22:00:00,44629,188140,1132,18488,4664,24665,912,17705,5432,22993,0,1413,983,3190,10715,14020,1987,43495,-17561,-1413,-143511,-2207,-3305,-17356,-20001,-16793,-41508,1
2022-04-26 23:00:00,42736,182234,1174,17420,4615,24092,848,17431,4985,22228,0,1265,942,3139,10529,13983,1648,41827,-17243,-1265,-139498,-2197,-3454,-16246,-19477,-16583,-40179,1
2022-04-27 00:00:00,43307,180826,1117,16810,4567,24003,827,17474,4579,21710,0,1197,897,3145,10448,14129,1723,40891,-17131,-1197,-137519,-2248,-3681,-15693,-19436,-16647,-39168,1
2022-04-27 01:00:00,41015,183358,1014,16692,4679,24351,876,17665,4725,21642,0,1217,889,3164,10285,14133,1690,40473,-16917,-1217,-142343,-2275,-3848,-15678,-19672,-16789,-38783,1
2022-04-27 02:00:00,40644,191245,1006,17377,4412,25619,1104,17903,5106,22189,0,1193,944,3398,10369,14416,1373,40396,-17083,-1193,-150601,-2454,-4047,-16371,-21207,-16799,-39023,1
2022-04-27 03:00:00,40311,206614,1102,18672,4909,29206,1408,20012,7285,24431,0,1203,1128,3863,10807,15876,1261,40801,-17146,-1203,-166303,-2735,-5069,-17570,-24297,-18604,-39540,1
2022-04-27 04:00:00,48026,233986,1481,21133,8633,34303,2032,21729,8691,27332,0,1289,1241,4293,10841,17081,964,40675,-18641,-1289,-185960,-3052,-6240,-19652,-25670,-19697,-39711,1
2022-04-27 05:00:00,66144,249985,2339,21755,12350,38134,2776,22170,10166,29214,0,1543,1521,4497,10786,16888,1069,39848,-19048,-1543,-183841,-2976,-6102,-19416,-25784,-19394,-38779,1
2022-04-27 06:00:00,82622,256641,3022,21543,12748,38258,3903,21925,11348,29944,0,1948,1771,4474,10778,16744,1302,38484,-18596,-1948,-174019,-2703,-5966,-18521,-25510,-18022,-37182,1
2022-04-27 07:00:00,103908,260294,3851,21248,13785,37842,4721,21486,11516,29973,0,2095,1987,4475,10693,16373,1583,36904,-18457,-2095,-156386,-2488,-5680,-17397,-24057,-16765,-35321,1
2022-04-27 08:00:00,125081,263769,4164,21103,15046,37353,4990,22154,11603,29955,0,2104,2050,4419,10734,16121,1495,35313,-18352,-2104,-138688,-2369,-5387,-16939,-22307,-17164,-33818,1
2022-04-27 09:00:00,139586,264315,4059,21394,15822,35603,4581,22361,12098,30150,0,2049,1996,4305,10802,16051,1538,33732,-18052,-2049,-124729,-2309,-5249,-17335,-19781,-17780,-32194,1
2022-04-27 10:00:00,143164,260071,3716,21838,16096,35178,4218,22470,12417,30196,0,2013,2058,4297,10760,15938,1793,32218,-17779,-2013,-116907,-2239,-5178,-18122,-19082,-18252,-30425,1
2022-04-27 11:00:00,141735,254493,3645,21810,15767,36092,4086,22327,12686,29815,0,2020,2143,4228,10766,15985,2230,30282,-17129,-2020,-112758,-2085,-5219,-18165,-20325,-18241,-28052,1
2022-04-27 12:00:00,139178,250382,3377,22000,15009,36203,4467,22705,12695,29059,0,1942,2163,4148,10800,15919,2725,28860,-16364,-1942,-111204,-1985,-5119,-18623,-21194,-18238,-26135,1
2022-04-27 13:00:00,128698,247765,3017,22169,13177,36106,3816,22216,12230,28555,0,966,2148,4134,10753,16025,3213,29411,-16325,-966,-119067,-1986,-5272,-19152,-22929,-18400,-26198,1
2022-04-27 14:00:00,110499,242454,2532,22373,11185,35317,2848,21798,11834,28436,0,995,1980,4366,10470,16281,3388,32413,-16602,-995,-131955,-2386,-5811,-19841,-24132,-18950,-29025,1
2022-04-27 15:00:00,87582,244051,1841,22405,8943,34696,2838,22178,11488,28126,0,2126,1772,4317,10324,16135,3285,37198,-16638,-2126,-156469,-2545,-5811,-20564,-25753,-19340,-33913,1
2022-04-27 16:00:00,65680,246463,1324,22808,9857,36045,2898,22569,11324,28502,0,2167,1481,4180,10268,16148,3071,41026,-17178,-2167,-180783,-2699,-5880,-21484,-26188,-19671,-37955,1
2022-04-27 17:00:00,52812,246449,1072,23185,9954,37301,2688,23077,10387,29641,0,2043,1274,4010,10218,16627,2537,44519,-19254,-2043,-193637,-2736,-6409,-22113,-27347,-20389,-41982,1
2022-04-27 18:00:00,49444,242604,1046,22980,7595,35125,2321,22098,9686,30517,0,1981,1281,3904,10353,16525,2568,47279,-20831,-1981,-193160,-2623,-6172,-21934,-27530,-19777,-44711,1
2022-04-27 19:00:00,48792,231797,1193,21536,6091,31502,1925,20478,8845,28370,0,1976,1310,3676,10124,15561,2847,47300,-19525,-1976,-183005,-2366,-5437,-20343,-25411,-18553,-44453,1
2022-04-27 20:00:00,48160,215985,1272,20548,5979,28728,1524,19159,6551,25857,0,1955,1272,3460,9816,14615,2582,45518,-19306,-1955,-167825,-2188,-4799,-19276,-22749,-17635,-42936,1
2022-04-27 21:00:00,49481,200155,1291,19726,5962,26365,1350,18132,6372,24367,0,1705,1302,3289,9782,13904,2575,43399,-17995,-1705,-150674,-1987,-4122,-18435,-20403,-16782,-40824,1
2022-04-27 22:00:00,47012,189054,1363,18612,7160,25024,1198,17596,5763,22862,0,1469,1319,3164,9989,13606,2483,41501,-17099,-1469,-142042,-1845,-3617,-17249,-17864,-16398,-39018,1
2022-04-27 23:00:00,47354,182829,1392,17597,7514,24255,1134,17330,5555,21990,0,1336,1382,3144,10145,13671,2669,40042,-16435,-1336,-135475,-1762,-3526,-16205,-16741,-16196,-37373,1
2022-04-28 00:00:00,46424,181723,1443,17005,8052,23980,1167,17442,5261,21697,0,1274,1528,3139,10338,13722,2529,39317,-16436,-1274,-135299,-1611,-3384,-15562,-15928,-16275,-36788,1
2022-04-28 01:00:00,45240,183252,1449,16950,8424,24125,1245,17668,5589,21677,0,1278,1630,3225,10452,14024,2519,39014,-16088,-1278,-138012,-1595,-3572,-15501,-15701,-16423,-36495,1
2022-04-28 02:00:00,44985,190981,1428,17547,8136,25680,1358,17916,6108,22177,0,1251,1670,3415,10752,14219,2833,39400,-16069,-1251,-145996,-1745,-3467,-16119,-17544,-16558,-36567,1
2022-04-28 03:00:00,43851,207378,1393,18828,7549,29020,1596,19942,7746,24535,0,1257,1718,3896,11372,15596,2707,41268,-16789,-1257,-163527,-2178,-4224,-17435,-21471,-18346,-38561,1
2022-04-28 04:00:00,57804,233175,1696,21352,12584,34305,2310,21858,9205,27115,0,1329,1818,4339,11723,17201,2529,44105,-17910,-1329,-175371,-2521,-5478,-19656,-21721,-19548,-41576,1
2022-04-28 05:00:00,76561,249426,2283,22126,16577,37913,3239,22187,11123,29136,0,1582,2217,4462,11457,16966,2244,45922,-18013,-1582,-172865,-2245,-5509,-19843,-21336,-18948,-43678,1
2022-04-28 06:00:00,101850,257353,3302,21843,16948,38383,3872,21973,13186,29956,0,2002,2527,4429,11844,16368,2474,45380,-16770,-2002,-155503,-1902,-4524,-18541,-21435,-18101,-42906,3
2022-04-28 07:00:00,133963,258086,4263,21389,17739,37471,4873,21607,14663,30198,0,2170,2698,4432,12102,16237,2726,42777,-15535,-2170,-124123,-1734,-4135,-17126,-19732,-16734,-40051,3
2022-04-28 08:00:00,154398,260457,5032,20901,18864,36952,5339,21973,14772,30156,0,2198,2870,4366,12297,16112,3081,39758,-15384,-2198,-106059,-1496,-3815,-15869,-18088,-16634,-36677,3
2022-04-28 09:00:00,165833,260431,5284,20498,19582,35273,5337,21912,15386,30347,0,2167,2973,4244,12397,15863,3384,36355,-14961,-2167,-94598,-1271,-3466,-15214,-15691,-16575,-32971,3
2022-04-28 10:00:00,173619,258270,5312,20545,19392,35031,5472,22139,15743,30293,0,2158,2998,4251,12459,15741,3296,33690,-14550,-2158,-84651,-1253,-3282,-15233,-15639,-16667,-30394,3
2022-04-28 11:00:00,182157,253307,5108,20409,19388,35610,5116,21768,15945,29583,0,2130,3118,4163,12520,15195,3820,32853,-13638,-2130,-71150,-1045,-2675,-15301,-16222,-16652,-29033,3
2022-04-28 12:00:00,181091,250055,4798,20554,18587,35941,4463,21581,15927,28678,0,2027,3353,4087,12542,14912,4519,32610,-12751,-2027,-68964,-734,-2370,-15756,-17354,-17118,-28091,3
2022-04-28 13:00:00,164233,245081,4404,20580,16678,35840,3940,21773,15585,28163,0,1980,3212,4103,12418,14651,5081,33988,-12578,-1980,-80848,-891,-2233,-16176,-19162,-17833,-28907,3
2022-04-28 14:00:00,141553,240121,3681,20810,14579,35252,3132,21916,14990,27940,0,1996,2846,4331,12311,15215,5187,37797,-12950,-1996,-98568,-1485,-2904,-17129,-20673,-18784,-32610,3
2022-04-28 15:00:00,109132,241461,2720,21015,11714,35144,2524,21938,14646,27772,0,2119,2452,4285,11822,15332,5696,43738,-13126,-2119,-132329,-1833,-3510,-18295,-23430,-19414,-38042,3
2022-04-28 16:00:00,83650,242516,1810,21572,13427,36600,2265,22376,13836,28124,0,2163,2167,4165,11517,15475,5612,47629,-14288,-2163,-158866,-1998,-3958,-19762,-23173,-20111,-42017,3
2022-04-28 17:00:00,67673,242185,1347,22415,14123,37998,2056,23162,13320,29305,0,2058,2000,4012,11298,15763,5804,50803,-15985,-2058,-174512,-2012,-4465,-21068,-23875,-21106,-44999,3
2022-04-28 18:00:00,63313,238580,1363,22745,11915,35866,1677,22278,13357,30325,0,2007,1947,3896,11306,15961,5858,52393,-16968,-2007,-175267,-1949,-4655,-21382,-23951,-20601,-46535,3
2022-04-28 19:00:00,58861,229867,1306,21395,8746,32217,1086,20767,12614,28358,0,1995,1888,3689,11055,15219,6242,51225,-15744,-1995,-171006,-1801,-4164,-20089,-23471,-19681,-44983,3
2022-04-28 20:00:00,55791,215077,1278,20409,8585,29164,918,19311,11013,25781,0,1975,1943,3464,10760,14439,6252,48402,-14768,-1975,-159286,-1521,-3679,-19131,-20579,-18393,-42150,3
2022-04-28 21:00:00,52375,199618,1224,19584,8781,26773,903,18229,10888,24292,0,1729,1848,3297,10541,13771,6042,45796,-13404,-1729,-147243,-1449,-3230,-18360,-17992,-17326,-39754,3
2022-04-28 22:00:00,49713,187051,1188,18499,8474,25199,916,17710,10192,22878,0,1492,1778,3198,10558,13775,5571,43203,-12686,-1492,-137338,-1420,-3217,-17311,-16725,-16794,-37632,3
2022-04-28 23:00:00,48912,179859,1051,17455,8571,24525,971,17326,9348,22005,0,1349,1714,3152,10643,13921,5072,41443,-12657,-1349,-130947,-1438,-3278,-16404,-15954,-16355,-36371,1
2022-04-29 00:00:00,47483,177351,980,16874,8637,24218,1041,17404,8465,21723,0,1281,1614,3112,10616,13997,4745,40512,-13258,-1281,-129868,-1498,-3381,-15894,-15581,-16363,-35767,1
2022-04-29 01:00:00,43717,179224,909,16789,8631,24470,1073,17601,8285,21639,0,1293,1554,3159,10479,14172,4196,40180,-13354,-1293,-135507,-1605,-3693,-15880,-15839,-16528,-35984,1
2022-04-29 02:00:00,39890,187557,821,17417,8114,25977,1167,17847,8425,22274,0,1263,1520,3307,10576,14662,3420,40315,-13849,-1263,-147667,-1787,-4086,-16596,-17863,-16680,-36895,1
2022-04-29 03:00:00,39637,204791,884,18486,9239,29058,1388,19914,9135,24471,0,1274,1517,3802,10885,16028,3437,42017,-15336,-1274,-165154,-2285,-5143,-17602,-19819,-18526,-38580,1
2022-04-29 04:00:00,49969,229279,1544,20492,13857,34076,2219,21749,10059,26890,0,1345,1553,4242,11112,16937,3615,44988,-16831,-1345,-179310,-2689,-5825,-18948,-20219,-19530,-41373,1
2022-04-29 05:00:00,72343,247053,3138,20432,16062,37640,3266,22275,12212,28530,0,1597,1763,4326,10858,16866,3463,47918,-16318,-1597,-174710,-2563,-6008,-17294,-21578,-19009,-44455,1
2022-04-29 06:00:00,97224,255514,5045,19521,16416,38136,4264,21825,15295,29200,0,1975,2118,4468,10839,16669,3731,48877,-13905,-1975,-158290,-2350,-5830,-14476,-21720,-17561,-45146,1
2022-04-29 07:00:00,121017,259206,6568,18584,17501,37503,5200,21592,17137,29195,0,2117,2435,4501,10869,16252,4093,47760,-12058,-2117,-138189,-2066,-5383,-12016,-20002,-16392,-43667,3
2022-04-29 08:00:00,136925,259840,7433,18086,18389,36949,5479,21760,18536,29093,0,2109,2641,4439,10934,15846,3836,47002,-10557,-2109,-122915,-1798,-4912,-10653,-18560,-16281,-43166,3
2022-04-29 09:00:00,151212,259517,7416,18190,19082,35066,5436,21706,19151,29307,0,2049,2864,4313,10669,15378,4620,46310,-10156,-2049,-108305,-1449,-4709,-10774,-15984,-16270,-41690,3
2022-04-29 10:00:00,159224,256422,7030,18323,19476,34786,5334,21480,19318,29249,0,2013,3067,4191,10466,14864,5396,44564,-9931,-2013,-97198,-1124,-4398,-11293,-15310,-16146,-39168,3
2022-04-29 11:00:00,159587,248389,6602,18079,19497,35404,5350,21189,19873,28694,0,1962,3162,4035,10485,14463,6482,42591,-8821,-1962,-88802,-873,-3978,-11477,-15907,-15839,-36109,3
2022-04-29 12:00:00,153473,243155,6185,18463,18071,35666,5079,21534,20252,27860,0,1826,3187,3945,10404,14295,7250,40637,-7608,-1826,-89682,-758,-3891,-12278,-17595,-16455,-33387,3
2022-04-29 13:00:00,136840,236555,5185,18967,15725,35411,4053,21224,19525,27277,0,1761,3095,4006,10734,14891,8331,40072,-7752,-1761,-99715,-911,-4157,-13782,-19686,-17171,-31741,3
2022-04-29 14:00:00,114656,234996,4101,19506,13156,34930,3258,21553,18804,27011,0,1766,2775,4197,10937,15339,9735,42378,-8207,-1766,-120340,-1422,-4402,-15405,-21774,-18295,-32643,3
2022-04-29 15:00:00,92231,237226,2535,19720,10631,35087,2333,21723,17299,26947,0,1872,2328,4180,10615,14927,9622,46213,-9648,-1872,-144995,-1852,-4312,-17185,-24456,-19390,-36591,3
2022-04-29 16:00:00,75239,239262,1238,20445,11349,35808,1777,21917,15204,27228,0,1961,1839,3990,10499,14816,9660,47739,-12024,-1961,-164023,-2151,-4317,-19207,-24459,-20140,-38079,1
2022-04-29 17:00:00,65248,237012,790,21275,11779,36648,1925,22398,12281,27682,0,1917,1553,3831,10803,14984,9798,49767,-15401,-1917,-171764,-2278,-4181,-20485,-24869,-20473,-39969,1
2022-04-29 18:00:00,65115,231800,773,21953,9319,34466,1881,21535,12307,28873,0,1863,1432,3748,10784,15018,9534,51349,-16566,-1863,-166685,-2316,-4234,-21180,-25147,-19654,-41815,1
2022-04-29 19:00:00,62868,219685,820,20873,7566,31332,1612,20021,11596,27164,0,1833,1303,3582,10773,14209,9691,50449,-15568,-1833,-156817,-2279,-3436,-20053,-23766,-18409,-40758,1
2022-04-29 20:00:00,58800,205568,877,19989,6802,28645,1857,18730,10871,24942,0,1824,1273,3384,10557,13485,8988,47830,-14071,-1824,-146768,-2111,-2928,-19112,-21843,-16873,-38842,1
2022-04-29 21:00:00,57014,190306,809,19236,6484,26497,1803,17519,11117,23613,0,1623,1236,3184,10327,13674,7851,45202,-12496,-1623,-133292,-1948,-3347,-18427,-20013,-15716,-37351,1
2022-04-29 22:00:00,55471,179996,710,18138,6558,24931,1760,16764,11541,22221,0,1406,1094,3063,10503,13668,7122,43194,-10680,-1406,-124525,-1969,-3165,-17428,-18373,-15004,-36072,1
2022-04-29 23:00:00,55495,172648,681,17004,6228,24065,1686,16353,10368,21154,0,1280,1004,2998,10342,13577,6233,41732,-10786,-1280,-117153,-1994,-3235,-16323,-17837,-14667,-35499,1
2022-04-30 00:00:00,56044,168858,682,16326,6650,23452,1533,16297,9844,20507,0,1201,930,2956,10237,13624,5006,40787,-10663,-1201,-112814,-2026,-3387,-15644,-16802,-14764,-35781,1
2022-04-30 01:00:00,56539,168471,688,16094,6559,23472,1417,16299,9687,20301,0,1198,921,2957,10296,13510,4013,40253,-10614,-1198,-111932,-2036,-3214,-15406,-16913,-14882,-36240,1
2022-04-30 02:00:00,53726,170053,684,16293,5878,23926,1456,15769,9987,20191,0,1166,938,2967,10076,13523,2947,40002,-10204,-1166,-116327,-2029,-3447,-15609,-18048,-14313,-37055,1
2022-04-30 03:00:00,51520,171485,791,16107,5779,24798,1850,16393,9678,20526,0,1144,999,3104,10272,13640,2697,40326,-10848,-1144,-119965,-2105,-3368,-15316,-19019,-14543,-37629,1
2022-04-30 04:00:00,52953,177739,1503,16882,8291,27638,2648,17432,10007,20971,0,1170,1114,3354,10281,13601,2531,40505,-10964,-1170,-124786,-2240,-3320,-15379,-19347,-14784,-37974,1
2022-04-30 05:00:00,60334,190860,3082,17175,11501,30418,3514,18321,11680,22447,0,1276,1304,3569,10394,13745,2360,40580,-10767,-1276,-130526,-2265,-3351,-14093,-18917,-14807,-38220,1
2022-04-30 06:00:00,75589,205181,4826,16996,13294,31343,4307,18746,14383,24273,0,1474,1636,3668,10730,14107,2274,40387,-9890,-1474,-129592,-2032,-3377,-12170,-18049,-14439,-38113,1
2022-04-30 07:00:00,97565,216359,6117,16530,15308,30976,4720,18401,16289,25317,0,1702,1817,3644,10894,14411,2463,39467,-9028,-1702,-118794,-1827,-3517,-10413,-15668,-13681,-37004,1
2022-04-30 08:00:00,116610,220989,6885,16254,16363,29845,5282,18846,17881,25360,0,1827,1947,3617,10700,14285,2841,38755,-7479,-1827,-104379,-1670,-3585,-9369,-13482,-13564,-35914,3
2022-04-30 09:00:00,127843,223734,6947,16212,16611,27918,5260,18682,19801,25336,0,1865,2017,3602,10375,14140,3089,39183,-5535,-1865,-95891,-1585,-3765,-9265,-11307,-13422,-36094,3
2022-04-30 10:00:00,132901,220048,6449,16401,16967,26737,4827,18159,21318,25309,0,1868,2030,3577,10292,13970,3075,39095,-3991,-1868,-87147,-1547,-3678,-9952,-9770,-13332,-36020,3
2022-04-30 11:00:00,135399,211925,5739,15990,16996,26654,4782,18026,22911,24764,0,1872,2017,3534,10229,13720,3384,38749,-1853,-1872,-76526,-1517,-3491,-10251,-9658,-13244,-35365,3
2022-04-30 12:00:00,130846,205459,5236,16032,16332,27023,4385,18083,24062,23904,0,1798,2036,3478,10285,13788,3224,38678,158,-1798,-74613,-1442,-3503,-10796,-10691,-13698,-35454,0
2022-04-30 13:00:00,113524,201878,4398,16388,13925,27072,3456,17900,24044,23368,0,1718,1978,3574,10523,13802,2791,39161,676,-1718,-88354,-1596,-3279,-11990,-13147,-14444,-36370,0
2022-04-30 14:00:00,95444,200665,3445,16915,10601,27436,2837,18281,22965,22912,0,1708,1838,3747,13479,13785,2559,40958,53,-1708,-105221,-1909,-306,-13470,-16835,-15444,-38399,0
2022-04-30 15:00:00,76727,203160,2328,17318,7957,28235,2075,18348,20523,22932,0,1804,1624,3826,14190,13500,2321,44623,-2409,-1804,-126433,-2202,690,-14990,-20278,-16273,-42302,4
2022-04-30 16:00:00,63664,205346,1265,18118,7558,29482,1616,18381,15639,23257,0,1909,1293,3712,15236,13673,1982,46283,-7618,-1909,-141682,-2419,1563,-16853,-21924,-16765,-44301,4
2022-04-30 17:00:00,57543,203112,747,19225,8575,30763,1631,19026,13274,23949,0,1822,1049,3606,15769,13738,1598,47349,-10675,-1822,-145569,-2557,2031,-18478,-22188,-17395,-45751,4
2022-04-30 18:00:00,54735,198735,686,20073,6757,29064,1793,18604,13070,25548,0,1715,927,3520,16040,14170,1135,48492,-12478,-1715,-144000,-2593,1870,-19387,-22307,-16811,-47357,4
2022-04-30 19:00:00,54458,192543,704,19161,5231,26855,1598,17398,12570,24575,0,1653,884,3392,16313,13859,980,48089,-12005,-1653,-138085,-2508,2454,-18457,-21624,-15800,-47109,4
2022-04-30 20:00:00,50314,182908,695,18069,3926,24439,1492,16197,11292,22755,0,1590,867,3198,16191,13486,837,46161,-11463,-1590,-132594,-2331,2705,-17374,-20513,-14705,-45324,4
2022-04-30 21:00:00,44597,171535,710,16972,4798,22460,1548,15323,9815,21146,0,1439,845,3020,10167,12885,732,44090,-11331,-1439,-126938,-2175,-2718,-16262,-17662,-13775,-43358,1
2022-04-30 22:00:00,41033,161659,709,15907,4063,20801,1644,14761,8979,19925,0,1276,856,2910,10171,12521,727,42149,-10946,-1276,-120626,-2054,-2350,-15198,-16738,-13117,-41422,1
2022-04-30 23:00:00,40737,154298,667,15124,3595,19628,1584,14456,8474,18964,0,1140,851,2850,10234,12385,700,40808,-10490,-1140,-113561,-1999,-2151,-14457,-16033,-12872,-40108,1
2022-05-01 00:00:00,38443,150033,612,14635,3463,19066,1368,14254,8293,18321,0,1096,861,2833,10152,12147,607,40073,-10028,-1096,-111590,-1972,-1995,-14023,-15603,-12886,-39466,1
2022-05-01 01:00:00,38094,149576,589,14342,3418,18839,1195,14144,8099,18013,0,1112,825,2824,10164,12265,589,39710,-9914,-1112,-111482,-1999,-2101,-13753,-15421,-12949,-39121,1
2022-05-01 02:00:00,36985,150797,573,14224,3584,18732,1064,13531,7792,17950,0,1066,943,2822,10264,12129,573,39468,-10158,-1066,-113812,-1879,-1865,-13651,-15148,-12467,-38895,1
2022-05-01 03:00:00,37153,149344,674,13863,4312,18304,1436,13643,7670,18003,0,1073,908,2902,10310,12230,583,39333,-10333,-1073,-112191,-1994,-1920,-13189,-13992,-12207,-38750,1
2022-05-01 04:00:00,40441,151030,1260,14281,5668,19394,2175,14092,7769,17778,0,1082,1060,3134,10452,12647,615,38034,-10009,-1082,-110589,-2074,-2195,-13021,-13726,-11917,-37419,1
2022-05-01 05:00:00,51323,159996,2524,14872,7635,20983,3230,14662,10170,18749,0,1161,1097,3390,10550,13031,761,36351,-8579,-1161,-108673,-2293,-2481,-12348,-13348,-11432,-35590,1
2022-05-01 06:00:00,68762,172464,3970,15330,9905,22824,4419,15178,14076,20420,0,1271,1280,3511,10803,13174,1019,35621,-6344,-1271,-103702,-2231,-2371,-11360,-12919,-10759,-34602,1
2022-05-01 07:00:00,93393,184487,5440,15080,12401,23729,5097,15312,17480,21684,0,1476,1476,3557,10927,13112,1228,34511,-4204,-1476,-91094,-2081,-2185,-9640,-11328,-10215,-33283,1
2022-05-01 08:00:00,115788,193753,6476,14662,14043,23690,5265,14986,19402,22148,0,1647,1566,3599,10787,13157,1424,33122,-2746,-1647,-77965,-2033,-2370,-8186,-9647,-9721,-31698,1
2022-05-01 09:00:00,126192,198867,6922,14253,15749,24504,5488,15040,20114,22293,0,1772,1655,3567,10623,13235,1529,32822,-2179,-1772,-72675,-1912,-2612,-7331,-8755,-9552,-31293,1
2022-05-01 10:00:00,129016,194784,6496,13861,14755,22281,5424,15213,20180,22350,0,1833,1648,3547,10595,13046,1401,31965,-2170,-1833,-65768,-1899,-2451,-7365,-7526,-9789,-30564,1
2022-05-01 11:00:00,133530,186580,6234,13772,14545,22081,4597,14739,20433,21943,0,1911,1606,3540,10368,12860,1450,30668,-1510,-1911,-53050,-1934,-2492,-7538,-7536,-10142,-29218,0
2022-05-01 12:00:00,126328,183539,5386,14110,13539,21607,4492,15275,21656,21042,0,1824,1674,3544,10404,12886,1379,30019,614,-1824,-57211,-1870,-2482,-8724,-8068,-10783,-28640,0
2022-05-01 13:00:00,114493,181850,4400,14686,12545,22293,3487,15218,21577,20586,0,1735,1598,3550,10530,13247,1223,31017,991,-1735,-67357,-1952,-2717,-10286,-9748,-11731,-29794,0
2022-05-01 14:00:00,96042,182242,3278,15448,9783,22521,2903,15831,20746,20472,0,1707,1592,3847,10566,13741,1159,33734,274,-1707,-86200,-2255,-3175,-12170,-12738,-12928,-32575,0
2022-05-01 15:00:00,76379,187694,2038,15948,7669,23286,2506,16359,20194,20845,0,1753,1349,3919,10580,13863,1204,39114,-651,-1753,-111315,-2570,-3283,-13910,-15617,-13853,-37910,0
2022-05-01 16:00:00,58176,192910,1080,17015,6561,24990,2196,16751,15794,21255,0,902,1082,3779,10520,13632,1063,42427,-5461,-902,-134734,-2697,-3112,-15935,-18429,-14555,-41364,1
2022-05-01 17:00:00,50722,192747,600,18270,7273,26935,1990,17346,12626,22378,0,867,927,3701,10572,13561,850,45149,-9752,-867,-142025,-2774,-2989,-17670,-19662,-15356,-44299,1
2022-05-01 18:00:00,48190,191208,601,19149,7611,26417,1827,17220,13154,24107,0,1689,910,3607,10862,14044,926,47194,-10953,-1689,-143018,-2697,-3182,-18548,-18806,-15393,-46268,1
2022-05-01 19:00:00,47834,188606,617,18125,5831,24410,1679,16445,13452,23523,0,1659,935,3442,10862,13494,1324,47432,-10071,-1659,-140772,-2507,-2632,-17508,-18579,-14766,-46108,1
2022-05-01 20:00:00,44499,180678,600,16889,4847,22261,1537,15321,12247,21837,0,1675,947,3269,11015,12881,1590,45530,-9590,-1675,-136179,-2322,-1866,-16289,-17414,-13784,-43940,1
2022-05-01 21:00:00,43416,169378,625,15871,4377,20694,1414,14552,11418,20499,0,1521,958,3115,11064,12605,1643,43257,-9081,-1521,-125962,-2157,-1541,-15246,-16317,-13138,-41614,1
2022-05-01 22:00:00,45563,162038,591,15108,5456,19468,1286,14082,10960,19324,0,1346,894,3027,10868,12429,1584,41723,-8364,-1346,-116475,-2133,-1561,-14517,-14012,-12796,-40139,1
2022-05-01 23:00:00,45939,157160,569,14491,5623,19021,1134,13879,10296,18605,0,1240,893,2970,10909,12630,1475,40415,-8309,-1240,-111221,-2077,-1721,-13922,-13398,-12745,-38940,1
2022-05-02 00:00:00,44570,155381,574,14057,5591,18987,1049,13895,9921,18215,0,1169,915,2985,11007,12719,1237,39793,-8294,-1169,-110811,-2070,-1712,-13483,-13396,-12846,-38556,1
2022-05-02 01:00:00,43643,158805,588,14102,5624,19574,920,14079,9364,18121,0,1175,971,3085,11413,12891,1068,39889,-8757,-1175,-115162,-2114,-1478,-13514,-13950,-13159,-38821,1
2022-05-02 02:00:00,40341,168977,579,14863,4156,21579,819,14024,8991,18704,0,1144,1042,3279,11679,13048,813,40503,-9713,-1144,-128636,-2237,-1369,-14284,-17423,-13205,-39690,1
2022-05-02 03:00:00,37846,190196,645,16482,5869,26112,1145,15327,9420,20774,0,1145,1216,3795,11592,14219,575,42354,-11354,-1145,-152350,-2579,-2627,-15837,-20243,-14182,-41779,1
2022-05-02 04:00:00,47593,222547,1224,19281,9869,31605,1968,16513,10164,22397,0,1172,1445,4270,11929,15330,631,44909,-12233,-1172,-174954,-2825,-3401,-18057,-21736,-14545,-44278,1
2022-05-02 05:00:00,68777,241455,2479,19849,12155,35905,3046,17385,12587,23945,0,1280,1940,4440,12006,15446,801,45808,-11358,-1280,-172678,-2500,-3440,-17370,-23750,-14339,-45007,1
2022-05-02 06:00:00,90714,250619,4020,19436,12842,37106,4298,17685,15802,25129,0,1452,2425,4405,12490,15318,1121,44383,-9327,-1452,-159905,-1980,-2828,-15416,-24264,-13387,-43262,1
2022-05-02 07:00:00,120867,253375,5430,18867,13569,36635,5189,17469,17911,26195,0,1638,2699,4371,12953,15032,1452,40801,-8284,-1638,-132508,-1672,-2079,-13437,-23066,-12280,-39349,1
2022-05-02 08:00:00,147007,256735,6327,18496,14677,36097,5786,17514,18930,26627,0,1790,2941,4326,13286,14892,1693,36711,-7697,-1790,-109728,-1385,-1606,-12169,-21420,-11728,-35018,3
2022-05-02 09:00:00,159869,260215,6844,18384,15424,34409,5910,17646,19084,26836,0,1890,3059,4275,13656,14678,1731,33612,-7752,-1890,-100346,-1216,-1022,-11540,-18985,-11736,-31881,4
2022-05-02 10:00:00,159101,259119,6506,18577,15237,34539,5549,17697,19430,27266,0,1908,3337,4268,13819,14801,1910,31513,-7836,-1908,-100018,-931,-982,-12071,-19302,-12148,-29603,3
2022-05-02 11:00:00,153790,254213,5568,18726,14249,35288,5370,17730,19534,26976,0,1891,3502,4197,13827,14443,2167,31064,-7442,-1891,-100423,-695,-616,-13158,-21039,-12360,-28897,4
2022-05-02 12:00:00,144077,249608,5114,19093,12927,35117,4835,17844,18733,26127,0,1812,3548,4130,13865,14411,2580,31479,-7394,-1812,-105531,-582,-546,-13979,-22190,-13009,-28899,4
2022-05-02 13:00:00,131831,245395,4302,19461,12322,35534,4129,17856,19056,25737,0,1781,3517,4099,13888,14557,2919,33634,-6681,-1781,-113564,-582,-669,-15159,-23212,-13727,-30715,3
2022-05-02 14:00:00,111579,240866,3083,19831,9858,34660,3270,17875,19028,25555,0,1797,3399,4387,13793,15043,3217,37199,-6527,-1797,-129287,-988,-1250,-16748,-24802,-14605,-33982,3
2022-05-02 15:00:00,89782,241228,2050,20056,8195,34262,2411,18044,18446,25338,0,1969,3113,4359,13538,14973,3465,42153,-6892,-1969,-151446,-1246,-1435,-18006,-26067,-15633,-38688,3
2022-05-02 16:00:00,69762,243669,1015,20838,8238,35023,2109,18432,17077,25920,0,2094,2886,4170,13233,14632,3387,44944,-8843,-2094,-173907,-1284,-1399,-19823,-26785,-16323,-41557,3
2022-05-02 17:00:00,55219,241931,547,21684,7586,36083,2104,19031,15958,26949,0,2001,2836,4005,13110,14810,3031,48247,-10991,-2001,-186712,-1169,-1700,-21137,-28497,-16927,-45216,3
2022-05-02 18:00:00,52466,236709,505,22136,6283,34620,2014,18680,16278,28268,0,1928,2920,3907,12983,14745,2968,50321,-11990,-1928,-184243,-987,-1762,-21631,-28337,-16666,-47353,3
2022-05-02 19:00:00,54745,228336,494,20778,5175,31474,1698,17571,15189,26497,0,1888,3022,3709,12785,13871,2780,50553,-11308,-1888,-173591,-687,-1086,-20284,-26299,-15873,-47773,3
2022-05-02 20:00:00,52886,213401,499,19703,4284,28594,1474,16242,13504,24096,0,1835,2970,3493,12646,13092,2463,48281,-10592,-1835,-160515,-523,-446,-19204,-24310,-14768,-45818,4
2022-05-02 21:00:00,52619,197778,501,18903,4062,26030,1477,15293,12432,22867,0,1588,2978,3279,12803,12882,1873,45841,-10435,-1588,-145159,-301,-79,-18402,-21968,-13816,-43968,4
2022-05-02 22:00:00,49784,187429,509,17831,3907,24586,1766,14767,11746,21742,0,1394,2818,3145,12628,12544,1406,43846,-9996,-1394,-137645,-327,84,-17322,-20679,-13001,-42440,4
2022-05-02 23:00:00,48701,180291,512,16908,4239,23744,1861,14337,10849,20943,0,1266,2700,3076,12540,12654,1048,42333,-10094,-1266,-131590,-376,-114,-16396,-19505,-12476,-41285,4
2022-05-03 00:00:00,50533,178833,506,16291,4224,23467,1957,14270,10589,20633,0,1199,2730,3068,12409,12633,961,41482,-10044,-1199,-128300,-338,-224,-15785,-19243,-12313,-40521,4
2022-05-03 01:00:00,54354,181388,486,16165,4334,23759,2174,14178,10568,20640,0,1210,2519,3129,12267,12660,1029,41190,-10072,-1210,-127034,-610,-393,-15679,-19425,-12004,-40161,4
2022-05-03 02:00:00,54706,190242,492,16800,3750,25265,2232,13595,10824,21218,0,1186,2397,3298,12178,13358,1375,41535,-10394,-1186,-135536,-901,-1180,-16308,-21515,-11363,-40160,3
2022-05-03 03:00:00,53089,206296,596,17862,4422,28786,2462,13829,11175,23674,0,1202,2243,3812,12225,14608,1462,43180,-12499,-1202,-153207,-1569,-2383,-17266,-24364,-11367,-41718,1
2022-05-03 04:00:00,62424,234640,1253,20044,8253,34031,2881,14409,13360,26319,0,1264,2080,4297,12159,15279,1652,45308,-12959,-1264,-172216,-2217,-3120,-18791,-25778,-11528,-43656,1
2022-05-03 05:00:00,82263,250706,2668,20211,12238,37971,3741,15270,15157,28275,0,1530,2110,4432,12456,15485,2010,47085,-13118,-1530,-168443,-2322,-3029,-17543,-25733,-11529,-45075,1
2022-05-03 06:00:00,102631,258141,4402,19398,13455,38565,4531,15362,17199,29163,0,1953,2327,4398,12513,15529,2436,46942,-11964,-1953,-155510,-2071,-3016,-14996,-25110,-10831,-44506,1
2022-05-03 07:00:00,125511,260023,5880,18746,13600,38190,5211,15566,18163,29083,0,2141,2502,4409,12694,15766,1983,45163,-10920,-2141,-134512,-1907,-3072,-12866,-24590,-10355,-43180,3
2022-05-03 08:00:00,144534,261662,6852,18224,14706,37971,5762,16004,18072,29055,0,2194,2482,4348,12546,15552,1979,43584,-10983,-2194,-117128,-1866,-3006,-11372,-23265,-10242,-41605,3
2022-05-03 09:00:00,160149,263287,7034,18138,14758,36276,5849,16380,18942,29203,0,2190,2412,4294,12270,15304,2166,42081,-10261,-2190,-103138,-1882,-3034,-11104,-21518,-10531,-39915,3
2022-05-03 10:00:00,164604,261292,6450,18760,14500,35983,5359,16121,19680,29428,0,2175,2339,4325,12002,15206,3070,41167,-9748,-2175,-96688,-1986,-3204,-12310,-21483,-10762,-38097,3
2022-05-03 11:00:00,165036,256992,5449,18918,14445,37115,5006,15871,19812,29374,0,2154,2306,4270,11817,15067,3960,41977,-9562,-2154,-91956,-1964,-3250,-13469,-22670,-10865,-38017,3
2022-05-03 12:00:00,153030,250731,4708,19358,12721,37091,4985,16180,19481,28972,0,2081,2319,4129,11425,14776,3745,42486,-9491,-2081,-97701,-1810,-3351,-14650,-24370,-11195,-38741,3
2022-05-03 13:00:00,138744,247161,3860,19887,10769,36832,4105,15946,18952,28433,0,2052,2183,4123,11441,15061,3764,43492,-9481,-2052,-108417,-1940,-3620,-16027,-26063,-11841,-39728,3
2022-05-03 14:00:00,122240,244317,2950,20347,9460,36268,3308,16331,18381,28193,0,2098,1939,4414,11182,15465,4226,45615,-9812,-2098,-122077,-2475,-4283,-17397,-26808,-13023,-41389,1
2022-05-03 15:00:00,97931,245478,1917,20620,7209,35530,2480,16871,17515,27983,0,2282,1626,4397,10958,15262,4449,48480,-10468,-2282,-147547,-2771,-4304,-18703,-28321,-14391,-44031,1
2022-05-03 16:00:00,75390,245626,1076,21292,7652,36447,1751,17160,16570,28128,0,2336,1278,4189,10782,15118,4008,49246,-11558,-2336,-170236,-2911,-4336,-20216,-28795,-15409,-45238,1
2022-05-03 17:00:00,61270,242073,762,21959,7712,37091,2183,17928,15381,29061,0,2174,966,4010,10647,15524,3543,50817,-13680,-2174,-180803,-3044,-4877,-21197,-29379,-15745,-47274,1
2022-05-03 18:00:00,53666,236315,609,22250,5886,35055,2170,17791,16098,30117,0,2084,792,3944,10642,15398,3002,51882,-14019,-2084,-182649,-3152,-4756,-21641,-29169,-15621,-48880,1
2022-05-03 19:00:00,50668,228300,771,20824,4224,31513,1751,16771,15285,28049,0,2031,691,3737,10455,14363,2501,51813,-12764,-2031,-177632,-3046,-3908,-20053,-27289,-15020,-49312,1
2022-05-03 20:00:00,46027,211795,717,19784,3683,28662,1399,15623,13579,25512,0,1902,614,3483,10485,13803,2136,49249,-11933,-1902,-165768,-2869,-3318,-19067,-24979,-14224,-47113,1
2022-05-03 21:00:00,41238,194822,698,18891,3771,26357,1378,14856,11941,24071,0,1648,595,3288,9963,13574,1678,46712,-12130,-1648,-153584,-2693,-3611,-18193,-22586,-13478,-45034,1
2022-05-03 22:00:00,39618,183440,606,17938,3743,24726,1378,14397,11658,22816,0,1416,621,3168,9945,13491,1220,44464,-11158,-1416,-143822,-2547,-3546,-17332,-20983,-13019,-43244,1
2022-05-03 23:00:00,38787,178761,612,16913,3605,24069,1432,14247,12197,21785,0,1287,601,3101,9855,13357,945,43006,-9588,-1287,-139974,-2500,-3502,-16301,-20464,-12815,-42061,1
2022-05-04 00:00:00,37322,176722,680,16359,3751,24053,1442,14277,12706,21406,0,1208,495,3090,9635,13402,665,42315,-8700,-1208,-139400,-2595,-3767,-15679,-20302,-12835,-41650,1
2022-05-04 01:00:00,35955,177680,655,16311,3523,24385,1514,14584,12481,21332,0,1198,464,3160,9690,13518,597,42076,-8851,-1198,-141725,-2696,-3828,-15656,-20862,-13070,-41479,1
2022-05-04 02:00:00,34024,185778,683,16888,3221,25572,1670,15221,12215,21830,0,1180,496,3336,9885,13949,576,42188,-9615,-1180,-151754,-2840,-4064,-16205,-22351,-13551,-41612,1
2022-05-04 03:00:00,33802,202613,817,17914,5149,29371,1981,18018,12715,24287,0,1160,620,3787,10302,15174,566,43354,-11572,-1160,-168811,-3167,-4872,-17097,-24222,-16037,-42788,1
2022-05-04 04:00:00,46513,230321,1463,20144,8137,34162,2389,20096,13255,26935,0,1236,847,4287,10346,16133,592,45801,-13680,-1236,-183808,-3440,-5787,-18681,-26025,-17707,-45209,1
2022-05-04 05:00:00,69986,247202,2882,20344,9646,37250,3385,21010,14859,28820,0,1484,1152,4436,10430,16314,674,46916,-13961,-1484,-177216,-3284,-5884,-17462,-27604,-17625,-46242,1
2022-05-04 06:00:00,89345,255585,4454,19721,10564,37821,4473,20926,17242,29472,0,1872,1429,4391,10481,15665,886,45584,-12230,-1872,-166240,-2962,-5184,-15267,-27257,-16453,-44698,1
2022-05-04 07:00:00,106336,256589,5846,18985,11435,37770,5363,20478,18337,29612,0,2005,1576,4455,10562,15279,1224,42067,-11275,-2005,-150253,-2879,-4717,-13139,-26335,-15115,-40843,1
2022-05-04 08:00:00,125037,259703,6877,18450,13121,38045,5829,20948,19501,29729,0,2045,1667,4420,10764,15215,1483,38472,-10228,-2045,-134666,-2753,-4451,-11573,-24924,-15119,-36989,1
2022-05-04 09:00:00,139382,262366,7021,18599,13486,35930,5665,21232,19856,29995,0,2020,1790,4342,10822,15002,1668,35263,-10139,-2020,-122984,-2552,-4180,-11578,-22444,-15567,-33595,1
2022-05-04 10:00:00,142222,261562,6610,19071,13495,36067,5362,21100,19775,30044,0,2000,1842,4376,10605,14523,1839,32887,-10269,-2000,-119340,-2534,-3918,-12461,-22572,-15738,-31048,1
2022-05-04 11:00:00,134656,256084,5889,19281,12695,37234,5067,21123,19222,29487,0,1979,1811,4273,10960,14606,1835,32178,-10265,-1979,-121428,-2462,-3646,-13392,-24539,-16056,-30343,1
2022-05-04 12:00:00,125026,252180,5285,19664,11965,38010,4350,20773,18506,28710,0,1933,1834,4182,11025,14624,1837,32997,-10204,-1933,-127154,-2348,-3599,-14379,-26045,-16423,-31160,1
2022-05-04 13:00:00,116181,247000,4320,20094,10253,37086,3578,20719,18100,28129,0,1923,1897,4181,11109,14726,1815,35249,-10029,-1923,-130819,-2284,-3617,-15774,-26833,-17141,-33434,1
2022-05-04 14:00:00,98205,244492,3322,20438,7868,35507,3003,21111,17956,27674,0,1949,1700,4447,11006,14942,1721,38922,-9718,-1949,-146287,-2747,-3936,-17116,-27639,-18108,-37201,1
2022-05-04 15:00:00,78721,244336,2274,20575,7214,35320,2378,21258,17047,27454,0,2115,1335,4361,10737,14885,1529,44459,-10407,-2115,-165615,-3026,-4148,-18301,-28106,-18880,-42930,1
2022-05-04 16:00:00,62129,245329,1313,21085,7194,36275,2076,21669,16798,27997,0,2181,1027,4121,10567,15139,1134,47492,-11199,-2181,-183200,-3094,-4572,-19772,-29081,-19593,-46358,1
2022-05-04 17:00:00,53663,243299,904,21771,7748,37203,2259,22178,15593,29151,0,2066,796,3986,10679,15206,723,50132,-13558,-2066,-189636,-3190,-4527,-20867,-29455,-19919,-49409,1
2022-05-04 18:00:00,47381,236065,776,22247,6372,35333,2755,21318,15748,29955,0,1991,806,3897,11054,14878,599,51812,-14207,-1991,-188684,-3091,-3824,-21471,-28961,-18563,-51213,1
2022-05-04 19:00:00,43740,228285,798,20975,5300,32012,3118,19564,15754,27955,0,1951,837,3715,11108,14018,730,52057,-12201,-1951,-184545,-2878,-2910,-20177,-26712,-16446,-51327,1
2022-05-04 20:00:00,40472,211884,792,19884,4245,29022,3375,18070,14753,25511,0,1925,845,3475,10839,13157,571,49491,-10758,-1925,-171412,-2630,-2318,-19092,-24777,-14695,-48920,1
2022-05-04 21:00:00,37856,196447,856,19099,3958,26473,3563,17063,13661,24133,0,1703,822,3295,10459,12929,582,46689,-10472,-1703,-158591,-2473,-2470,-18243,-22515,-13500,-46107,1
2022-05-04 22:00:00,36925,185163,785,17985,3737,25051,3445,16493,13082,22764,0,1465,843,3165,10075,12445,679,44201,-9682,-1465,-148238,-2322,-2370,-17200,-21314,-13048,-43522,1
2022-05-04 23:00:00,38747,178204,849,16978,3918,24471,3135,16206,13010,21828,0,1332,983,3109,9946,12404,652,42709,-8818,-1332,-139457,-2126,-2458,-16129,-20553,-13071,-42057,1
2022-05-05 00:00:00,41341,177084,1003,16395,3962,24310,2871,16368,12306,21217,0,1261,942,3090,9966,12193,740,41945,-8911,-1261,-135743,-2148,-2227,-15392,-20348,-13497,-41205,1
2022-05-05 01:00:00,43425,178870,1052,16261,4260,24387,2677,16539,11465,21254,0,1256,970,3152,10152,12514,578,41661,-9789,-1256,-135445,-2182,-2362,-15209,-20127,-13862,-41083,1
2022-05-05 02:00:00,40929,188492,1046,16786,4210,25620,2555,16778,11587,21807,0,1222,1029,3306,10867,13052,473,41860,-10220,-1222,-147563,-2277,-2185,-15740,-21410,-14223,-41387,1
2022-05-05 03:00:00,35738,203836,1061,17841,6046,29187,2591,18918,12623,24176,0,1226,1070,3786,11418,14679,479,43004,-11553,-1226,-168098,-2716,-3261,-16780,-23141,-16327,-42525,1
2022-05-05 04:00:00,44275,230532,1432,20109,8431,33936,2706,20613,13837,26802,0,1280,1177,4274,11421,15553,544,45119,-12965,-1280,-186257,-3097,-4132,-18677,-25505,-17907,-44575,1
2022-05-05 05:00:00,64590,247169,2695,20503,11900,37552,3325,21078,16058,28547,0,1543,1445,4440,11275,15689,762,46917,-12489,-1543,-182579,-2995,-4414,-17808,-25652,-17753,-46155,1
2022-05-05 06:00:00,82058,257277,4232,20006,12698,38707,3883,20934,18731,29167,0,1911,1733,4489,11423,15510,1109,47548,-10436,-1911,-175219,-2756,-4087,-15774,-26009,-17051,-46439,1
2022-05-05 07:00:00,102243,260506,5522,19304,13472,39094,4348,20229,21316,29143,0,2106,1916,4532,11679,15331,1069,45552,-7827,-2106,-158263,-2616,-3652,-13782,-25622,-15881,-44483,1
2022-05-05 08:00:00,117968,262899,6544,18761,14531,39673,4995,20517,21989,29272,0,2175,1961,4484,11967,15273,1113,42891,-7283,-2175,-144931,-2523,-3306,-12217,-25142,-15522,-41778,1
2022-05-05 09:00:00,131820,266109,7043,18524,13575,37826,5381,20833,22911,29253,0,2107,2044,4464,12218,15278,1413,40574,-6342,-2107,-134289,-2420,-3060,-11481,-24251,-15452,-39161,1
2022-05-05 10:00:00,139400,265538,6788,18486,12525,37493,5240,21097,24087,29321,0,2099,1946,4127,12312,15124,1570,38287,-5234,-2099,-126138,-2181,-2812,-11698,-24968,-15857,-36717,1
2022-05-05 11:00:00,141359,260467,6435,18499,12380,38215,4516,21032,24125,28908,0,2099,2049,3992,12167,14780,1603,37171,-4783,-2099,-119108,-1943,-2613,-12064,-25835,-16516,-35568,3
2022-05-05 12:00:00,133413,256862,5856,19210,12226,37890,4141,21571,23953,28191,0,2046,2705,4297,12229,14652,1660,37673,-4238,-2046,-123449,-1592,-2423,-13354,-25664,-17430,-36013,3
2022-05-05 13:00:00,120122,251966,5053,19724,11409,37342,3778,21811,24023,27650,0,2005,2861,4347,12304,14764,1518,39330,-3627,-2005,-131844,-1486,-2460,-14671,-25933,-18033,-37812,3
2022-05-05 14:00:00,99321,246852,3618,20108,10129,36723,2852,21534,24519,27264,0,2017,2780,4505,12301,15206,1557,42280,-2745,-2017,-147531,-1725,-2905,-16490,-26594,-18682,-40723,3
2022-05-05 15:00:00,83479,246992,2346,20296,9456,36398,2559,21389,23659,27059,0,2129,2686,4424,11987,14773,1244,46488,-3400,-2129,-163513,-1738,-2786,-17950,-26942,-18830,-45244,3
2022-05-05 16:00:00,64872,246595,1293,20850,10293,37225,2730,21953,21761,27309,0,2155,2697,4259,11676,14607,1082,47831,-5548,-2155,-181723,-1562,-2931,-19557,-26932,-19223,-46749,3
2022-05-05 17:00:00,54819,243342,807,21568,10471,37527,2386,22249,18173,28248,0,2014,2342,4079,11387,14612,864,49861,-10075,-2014,-188523,-1737,-3225,-20761,-27056,-19863,-48997,3
2022-05-05 18:00:00,48755,237085,775,22119,9043,35412,2348,21419,18030,29770,0,1951,2148,3983,11403,14606,623,51934,-11740,-1951,-188330,-1835,-3203,-21344,-26369,-19071,-51311,3
2022-05-05 19:00:00,44292,228031,877,20865,7558,31900,1583,19657,16928,28025,0,1913,2076,3818,11074,13902,543,51381,-11097,-1913,-183739,-1742,-2828,-19988,-24342,-18074,-50838,3
2022-05-05 20:00:00,40868,212883,858,19871,6984,29077,1361,18315,15821,25568,0,1860,1860,3565,10408,13119,512,49128,-9747,-1860,-172015,-1705,-2711,-19013,-22093,-16954,-48616,3
2022-05-05 21:00:00,39065,197598,719,18959,6755,26686,1256,17382,13796,24011,0,1629,1682,3335,10042,12678,456,46980,-10215,-1629,-158533,-1653,-2636,-18240,-19931,-16126,-46524,1
2022-05-05 22:00:00,39724,186943,713,17836,6855,25304,1277,16696,12453,22715,0,1393,1611,3207,10043,12547,435,44749,-10262,-1393,-147219,-1596,-2504,-17123,-18449,-15419,-44314,1
2022-05-05 23:00:00,39798,180612,737,16839,7112,24752,1282,16389,12093,21779,0,1231,1573,3124,10011,12315,422,42869,-9686,-1231,-140814,-1551,-2304,-16102,-17640,-15107,-42447,1
2022-05-06 00:00:00,40896,177961,776,16191,6675,24413,1235,16426,12003,21324,0,1175,1471,3103,10104,12387,401,42003,-9321,-1175,-137065,-1632,-2283,-15415,-17738,-15191,-41602,1
2022-05-06 01:00:00,41658,179801,780,16058,6585,24658,1281,16642,12121,21162,0,1153,1406,3151,10357,12608,395,41747,-9041,-1153,-138143,-1745,-2251,-15278,-18073,-15361,-41352,1
2022-05-06 02:00:00,41295,188430,796,16510,6553,26010,1274,16797,12517,21666,0,1127,1473,3289,10844,12788,382,41875,-9149,-1127,-147135,-1816,-1944,-15714,-19457,-15523,-41493,1
2022-05-06 03:00:00,39359,203499,989,17578,6699,29185,1399,19102,13251,23881,0,1114,1473,3730,11051,14049,630,42942,-10630,-1114,-164140,-2257,-2998,-16589,-22486,-17703,-42312,1
2022-05-06 04:00:00,49507,230743,1487,19919,9471,34367,1867,20957,14257,26042,0,1203,1741,4289,11380,15096,800,45145,-11785,-1203,-181236,-2548,-3716,-18432,-24896,-19090,-44345,1
2022-05-06 05:00:00,72809,248844,2150,20635,12119,38605,2835,22071,17366,27823,0,1467,1995,4522,11405,15433,1044,47696,-10457,-1467,-176035,-2527,-4028,-18485,-26486,-19236,-46652,1
2022-05-06 06:00:00,91622,257133,2883,20600,12001,39789,3239,21949,21044,28352,0,1863,2107,4513,11292,15283,1222,47891,-7308,-1863,-165511,-2406,-3991,-17717,-27788,-18710,-46669,1
2022-05-06 07:00:00,108428,259805,3535,20416,12257,39951,3782,21409,24452,28499,0,2057,2158,4572,11499,15499,1548,44743,-4047,-2057,-151377,-2414,-4000,-16881,-27694,-17627,-43195,1
2022-05-06 08:00:00,125895,261109,4246,20125,13001,39918,4507,21813,24613,28701,0,2158,2246,4530,11571,15198,2056,39318,-4088,-2158,-135214,-2284,-3627,-15879,-26917,-17306,-37262,1
2022-05-06 09:00:00,137897,263548,4892,19851,11779,37371,4514,21543,24106,28945,0,2188,2418,4410,11566,14896,2501,34854,-4839,-2188,-125651,-1992,-3330,-14959,-25592,-17029,-32353,3
2022-05-06 10:00:00,139309,260054,5125,19869,12292,37171,4502,21361,24406,28874,0,2206,2532,4272,11518,14371,3020,32627,-4468,-2206,-120745,-1740,-2853,-14744,-24879,-16859,-29607,3
2022-05-06 11:00:00,135032,251280,5052,19649,12637,37764,4439,21257,26637,28320,0,2218,2571,4149,11736,13823,3618,32347,-1683,-2218,-116248,-1578,-2087,-14597,-25127,-16818,-28729,3
2022-05-06 12:00:00,127805,244824,4830,19708,14001,37799,4290,21466,27438,27381,0,2085,2561,4045,11716,13554,3794,33241,57,-2085,-117019,-1484,-1838,-14878,-23798,-17176,-29447,0
2022-05-06 13:00:00,115527,240131,4064,20017,12990,37157,3687,21446,27191,26990,0,2042,2636,4087,11765,13603,4215,35529,201,-2042,-124604,-1451,-1838,-15953,-24167,-17759,-31314,0
2022-05-06 14:00:00,100513,239304,3142,20402,10820,36059,2964,21509,26541,26719,0,1992,2618,4264,11828,14187,4232,38788,-178,-1992,-138791,-1646,-2359,-17260,-25239,-18545,-34556,0
2022-05-06 15:00:00,81806,240284,2208,20358,10108,35761,2442,21519,25119,26424,0,2043,2410,4269,11741,13905,4277,43654,-1305,-2043,-158478,-1859,-2164,-18150,-25653,-19077,-39377,0
2022-05-06 16:00:00,63688,238651,1457,20807,10470,36369,2097,21653,21211,26507,0,2113,2059,4062,11251,13162,4016,46330,-5296,-2113,-174963,-2003,-1911,-19350,-25899,-19556,-42314,4
2022-05-06 17:00:00,49014,233010,1022,21268,10014,36328,1967,21956,18197,26992,0,2035,1911,3817,11564,13030,3491,49495,-8795,-2035,-183996,-1906,-1466,-20246,-26314,-19989,-46004,4
2022-05-06 18:00:00,40612,225626,1018,21656,9131,34258,1524,21358,18325,28121,0,1936,1925,3743,11859,13232,3538,51506,-9796,-1936,-185014,-1818,-1373,-20638,-25127,-19834,-47968,4
2022-05-06 19:00:00,39572,218044,1081,20502,8773,31391,933,19805,17323,26857,0,1868,1945,3571,11846,13055,3340,51644,-9534,-1868,-178472,-1626,-1209,-19421,-22618,-18872,-48304,4
2022-05-06 20:00:00,36075,204640,1045,19582,8323,28671,917,18460,16231,24717,0,1832,2153,3320,11603,12957,2723,49389,-8486,-1832,-168565,-1167,-1354,-18537,-20348,-17543,-46666,3
2022-05-06 21:00:00,36959,190952,879,18840,7854,26731,1077,17362,14433,23320,0,1660,2265,3169,10503,11823,2353,46598,-8887,-1660,-153993,-904,-1320,-17961,-18877,-16285,-44245,3
2022-05-06 22:00:00,39224,181114,805,17770,7956,25205,1188,16717,13474,21980,0,1447,2127,3036,10205,11296,1558,43823,-8506,-1447,-141890,-909,-1091,-16965,-17249,-15529,-42265,3
2022-05-06 23:00:00,40431,173373,846,16715,7978,24244,1328,16324,12211,21001,0,1306,2254,2945,10505,11515,1388,41781,-8790,-1306,-132942,-691,-1010,-15869,-16266,-14996,-40393,3
2022-05-07 00:00:00,39856,168165,875,16062,8073,23758,1428,16212,11932,20381,0,1232,2196,2884,10596,11526,1380,40813,-8449,-1232,-128309,-688,-930,-15187,-15685,-14784,-39433,3
2022-05-07 01:00:00,39000,167179,989,15700,7880,23626,1479,16019,11620,20019,0,1208,2329,2872,10504,11338,1454,40591,-8399,-1208,-128179,-543,-834,-14711,-15746,-14540,-39137,3
2022-05-07 02:00:00,36483,169334,918,15793,7848,23889,1685,15604,11213,19947,0,1174,2313,2879,10625,11049,1139,40478,-8734,-1174,-132851,-566,-424,-14875,-16041,-13919,-39339,4
2022-05-07 03:00:00,37844,172029,844,15628,8118,24869,2037,16277,11044,20482,0,1169,2342,2980,10782,10890,993,40474,-9438,-1169,-134185,-638,-108,-14784,-16751,-14240,-39481,4
2022-05-07 04:00:00,46689,179210,1254,16523,9786,27918,2610,17529,10829,20902,0,580,2559,3286,11403,11108,857,40540,-10073,-580,-132521,-727,295,-15269,-18132,-14919,-39683,4
2022-05-07 05:00:00,65036,191542,2002,17455,12617,31123,3362,18493,13207,22588,0,675,3048,3598,11874,12137,873,39959,-9381,-675,-126506,-550,-263,-15453,-18506,-15131,-39086,4
2022-05-07 06:00:00,85171,206598,2925,18023,14413,32832,4149,19045,17184,24383,0,1493,3566,3706,12137,12938,1124,38884,-7199,-1493,-121427,-140,-801,-15098,-18419,-14896,-37760,3
2022-05-07 07:00:00,109088,215604,3869,18091,14202,32439,4805,19093,20086,25472,0,1708,3908,3730,12392,13168,1238,37522,-5386,-1708,-106516,178,-776,-14222,-18237,-14288,-36284,3
2022-05-07 08:00:00,130049,218163,4490,18002,14626,31696,5080,19023,21563,25537,0,1802,4225,3673,12243,13214,1389,34656,-3974,-1802,-88114,552,-971,-13512,-17070,-13943,-33267,3
2022-05-07 09:00:00,141716,219417,4912,17892,14607,30160,5146,18785,22135,25589,0,1793,4490,3574,12404,13334,1847,32828,-3454,-1793,-77701,916,-930,-12980,-15553,-13639,-30981,3
2022-05-07 10:00:00,143778,215974,5014,17614,15086,29088,5257,18524,21683,25759,0,1763,4610,3485,12440,13337,2357,32659,-4076,-1763,-72196,1125,-897,-12600,-14002,-13267,-30302,3
2022-05-07 11:00:00,146778,210604,4958,16989,14034,27610,4880,17962,21573,25335,0,1761,4720,3436,12337,12816,2757,33097,-3762,-1761,-63826,1284,-479,-12031,-13576,-13082,-30340,3
2022-05-07 12:00:00,142086,204605,4532,16918,13319,27313,4520,17913,21492,24073,0,1728,4791,3403,12261,12547,3609,33316,-2581,-1728,-62519,1388,-286,-12386,-13994,-13393,-29707,3
2022-05-07 13:00:00,138227,203265,3901,17258,11602,27452,4014,18131,22218,23300,0,1690,4727,3433,12013,12395,4649,34591,-1082,-1690,-65038,1294,-382,-13357,-15850,-14117,-29942,3
2022-05-07 14:00:00,127030,204010,3227,17583,10529,28622,3380,18292,22166,23113,0,1655,4526,3665,11783,12547,5873,38138,-947,-1655,-76980,861,-764,-14356,-18093,-14912,-32265,3
2022-05-07 15:00:00,105563,207668,2328,17816,9683,29126,2938,18510,21596,23185,0,1744,4149,3787,11787,12813,6465,41615,-1589,-1744,-102105,362,-1026,-15488,-19443,-15572,-35150,3
2022-05-07 16:00:00,87763,209883,1420,18401,10202,30687,2538,18685,17861,23471,0,1856,3587,3659,11516,13116,6984,43470,-5610,-1856,-122120,-72,-1600,-16981,-20485,-16147,-36486,3
2022-05-07 17:00:00,78948,206906,984,19136,11397,31273,2045,19016,15099,24133,0,1786,3173,3534,11283,13497,7600,45207,-9034,-1786,-127958,-361,-2214,-18152,-19876,-16971,-37607,3
2022-05-07 18:00:00,70544,200219,936,19867,9473,29693,1976,18741,15173,25627,0,1705,2860,3475,11070,13313,7669,46827,-10454,-1705,-129675,-615,-2243,-18931,-20220,-16765,-39158,3
2022-05-07 19:00:00,71289,196293,919,18956,7294,27495,1430,17641,14953,24782,0,1638,2837,3365,10836,13087,7016,47054,-9829,-1638,-125004,-528,-2251,-18037,-20201,-16211,-40038,3
2022-05-07 20:00:00,67423,186777,845,17898,6408,25379,1189,16295,14181,22950,0,1649,2794,3195,10651,12761,7724,45474,-8769,-1649,-119354,-401,-2110,-17053,-18971,-15106,-37750,3
2022-05-07 21:00:00,63614,174072,833,16790,6259,23568,1013,15213,11322,21312,0,1510,2765,3037,10223,12123,8379,43705,-9990,-1510,-110458,-272,-1900,-15957,-17309,-14200,-35326,3
2022-05-07 22:00:00,61808,161998,822,15743,6464,22024,1096,14621,9878,20030,0,1326,2481,2896,10012,11813,7389,41488,-10152,-1326,-100190,-415,-1801,-14921,-15560,-13525,-34099,3
2022-05-07 23:00:00,62039,155180,822,14944,6155,21126,1121,14280,9350,19095,0,1204,2359,2836,10000,11545,7012,39621,-9745,-1204,-93141,-477,-1545,-14122,-14971,-13159,-32609,3
2022-05-08 00:00:00,61866,150639,774,14515,6108,20758,1149,14112,9277,18572,0,1149,2219,2836,10154,11482,6967,38992,-9295,-1149,-88773,-617,-1328,-13741,-14650,-12963,-32025,3
2022-05-08 01:00:00,60405,148496,727,14315,6164,20619,1194,13891,9200,18261,0,1131,2066,2839,10317,11544,6413,38510,-9061,-1131,-88091,-773,-1227,-13588,-14455,-12697,-32097,3
2022-05-08 02:00:00,59513,149453,737,14373,6351,20695,1166,13411,9055,18315,0,1088,2006,2763,10460,11492,6348,38390,-9260,-1088,-89940,-757,-1032,-13636,-14344,-12245,-32042,3
2022-05-08 03:00:00,61062,149818,893,14153,6998,20425,1325,13678,8606,18577,0,1087,1916,2895,10872,11792,6707,38003,-9971,-1087,-88756,-979,-920,-13260,-13427,-12353,-31296,4
2022-05-08 04:00:00,66592,153938,1550,14681,8855,22039,1743,14288,8484,18418,0,1059,1810,3105,10991,12154,6159,36681,-9934,-1059,-87346,-1295,-1163,-13131,-13184,-12545,-30522,1
2022-05-08 05:00:00,81881,165977,2623,15302,10543,24175,2579,14895,11456,19342,0,1114,2066,3332,11259,12406,5754,35040,-7886,-1114,-84096,-1266,-1147,-12679,-13632,-12316,-29286,1
2022-05-08 06:00:00,103689,181473,3811,15966,11783,25888,3777,15267,15905,21069,0,1255,2113,3437,11441,12772,5513,33718,-5164,-1255,-77784,-1324,-1331,-12155,-14105,-11490,-28205,1
2022-05-08 07:00:00,123275,190037,4871,16353,13674,27366,4685,15471,19341,22276,0,1407,2235,3473,11564,13123,4746,31821,-2935,-1407,-66762,-1238,-1559,-11482,-13692,-10786,-27075,3
2022-05-08 08:00:00,145506,197658,5569,16450,13647,27526,5287,15536,20018,22851,0,1542,2547,3470,11560,13243,4707,28279,-2833,-1542,-52152,-923,-1683,-10881,-13879,-10249,-23572,3
2022-05-08 09:00:00,163250,203182,5978,16461,14722,27879,5304,15545,19646,23079,0,1582,2671,3449,11284,13357,4518,25301,-3433,-1582,-39932,-778,-2073,-10483,-13157,-10241,-20783,3
2022-05-08 10:00:00,171044,197270,5971,16186,13990,25624,5595,15992,20919,23516,0,1587,2695,3441,10819,13130,4597,23511,-2597,-1587,-26226,-746,-2311,-10215,-11634,-10397,-18914,3
2022-05-08 11:00:00,169761,191063,5601,15902,12933,23915,5481,15771,21042,23493,0,1600,2605,3393,10936,12726,4948,22467,-2451,-1600,-21302,-788,-1790,-10301,-10982,-10290,-17519,3
2022-05-08 12:00:00,163672,186487,5085,15998,12793,23872,5086,15706,20382,22294,0,1519,2555,3373,10878,12835,5426,22684,-1912,-1519,-22815,-818,-1957,-10913,-11079,-10620,-17258,3
2022-05-08 13:00:00,152727,182031,4325,16417,12746,24843,4216,15431,20455,21605,0,1457,2394,3469,10792,12961,5670,24444,-1150,-1457,-29304,-1075,-2169,-12092,-12097,-11215,-18774,3
2022-05-08 14:00:00,136860,181593,3494,16986,10538,24867,3739,15935,18697,21638,0,1454,2162,3711,10708,13591,5679,28317,-2941,-1454,-44733,-1549,-2883,-13492,-14329,-12196,-22638,1
2022-05-08 15:00:00,105753,188468,2382,17407,8452,25745,3613,16810,16445,21933,0,1559,1889,3791,10491,13938,5374,34533,-5488,-1559,-82715,-1902,-3447,-15025,-17293,-13197,-29159,1
2022-05-08 16:00:00,75853,193608,1383,18257,8018,27211,3115,17352,14887,22556,0,1684,1574,3680,10359,14312,5078,39467,-7669,-1684,-117755,-2106,-3953,-16874,-19193,-14237,-34389,1
2022-05-08 17:00:00,63351,194555,824,19149,9517,28596,3036,17970,12911,23479,0,1680,1304,3597,10360,14374,4472,43533,-10568,-1680,-131204,-2293,-4014,-18325,-19079,-14934,-39061,1
2022-05-08 18:00:00,60162,195361,656,19894,8709,27997,3149,17853,12815,25404,0,1684,1294,3570,10457,14340,3828,46093,-12589,-1684,-135199,-2276,-3883,-19238,-19288,-14704,-42265,1
2022-05-08 19:00:00,57923,196486,640,18868,6500,26024,2910,16969,13074,25065,0,1654,1238,3432,10479,13727,3425,47428,-11991,-1654,-138563,-2194,-3248,-18228,-19524,-14059,-44003,1
2022-05-08 20:00:00,58835,190124,638,17646,5341,23838,3012,15923,10670,23070,0,1622,1160,3244,10241,12989,3334,45827,-12400,-1622,-131289,-2084,-2748,-17008,-18497,-12911,-42493,1
2022-05-08 21:00:00,57209,177723,679,16459,5725,21902,2835,14851,8030,21470,0,1434,1052,3100,10081,12522,3015,43602,-13440,-1434,-120514,-2048,-2441,-15780,-16177,-12016,-40587,1
2022-05-08 22:00:00,55646,169002,750,15461,6115,20610,2947,14550,7628,20372,0,1239,1106,2999,10220,12255,2981,41626,-12744,-1239,-113356,-1893,-2035,-14711,-14495,-11603,-38645,1
2022-05-08 23:00:00,56171,164476,723,14790,6149,20174,3029,14271,7408,19700,0,1124,1214,2950,10494,12160,2831,40454,-12292,-1124,-108305,-1736,-1666,-14067,-14025,-11242,-37623,1
2022-05-09 00:00:00,54666,163720,693,14466,6619,20053,3000,14328,7010,19425,0,1055,1238,2941,10627,11694,2370,39718,-12415,-1055,-109054,-1703,-1067,-13773,-13434,-11328,-37348,1
2022-05-09 01:00:00,53619,166107,679,14456,6691,20558,3042,14595,6746,19562,0,1041,1245,3022,11019,11945,1929,39504,-12816,-1041,-112488,-1777,-926,-13777,-13867,-11553,-37575,4
2022-05-09 02:00:00,51691,174564,656,15187,6888,22354,2895,15119,7137,20336,0,1003,1456,3194,11441,12679,1799,39904,-13199,-1003,-122873,-1738,-1238,-14531,-15466,-12224,-38105,1
2022-05-09 03:00:00,52392,192891,851,16615,6450,26565,2890,17957,7935,23138,0,1023,1797,3681,11888,14051,1867,41450,-15203,-1023,-140499,-1884,-2163,-15764,-20115,-15067,-39583,1
2022-05-09 04:00:00,65208,224351,1491,19185,9542,32221,3055,20145,9550,25647,0,1095,1718,4141,12107,15333,1919,43719,-16097,-1095,-159143,-2423,-3226,-17694,-22679,-17090,-41800,1
2022-05-09 05:00:00,85637,243285,2684,19870,12456,36565,3861,20825,12334,27566,0,1364,1751,4334,11688,15999,1695,45197,-15232,-1364,-157648,-2583,-4311,-17186,-24109,-16964,-43502,1
2022-05-09 06:00:00,109585,253859,4108,19497,13682,37575,5008,20721,14933,27998,0,1768,2209,4334,11601,15588,1403,43934,-13065,-1768,-144274,-2125,-3987,-15389,-23893,-15713,-42531,1
2022-05-09 07:00:00,136615,256642,5459,19070,14515,36839,5905,20599,16483,28260,0,1945,2647,4380,11666,15353,1489,40582,-11777,-1945,-120027,-1733,-3687,-13611,-22324,-14694,-39093,3
2022-05-09 08:00:00,158261,259280,6481,18667,15336,36524,6207,20755,17959,28368,0,2015,2829,4388,11866,15017,1709,36895,-10409,-2015,-101019,-1559,-3151,-12186,-21188,-14548,-35186,3
2022-05-09 09:00:00,170436,261179,6702,18865,16427,35078,6259,20852,18539,28847,0,2019,2927,4251,12044,14840,1813,34090,-10308,-2019,-90743,-1324,-2796,-12163,-18651,-14593,-32277,3
2022-05-09 10:00:00,175101,259197,6305,19357,15716,34770,5954,20426,17878,29049,0,2042,3049,4283,12222,14579,1824,32169,-11171,-2042,-84096,-1234,-2357,-13052,-19054,-14472,-30345,3
2022-05-09 11:00:00,175507,254579,5447,19436,15050,35815,5814,20285,18189,28695,0,2062,3163,4240,12294,14243,1870,31814,-10506,-2062,-79072,-1077,-1949,-13989,-20765,-14471,-29944,3
2022-05-09 12:00:00,165089,250581,4935,19785,13661,36072,5394,20545,17966,28031,0,1998,3168,4138,12224,14049,1942,32517,-10065,-1998,-85492,-970,-1825,-14850,-22411,-15151,-30575,3
2022-05-09 13:00:00,150233,247572,3785,20271,12850,35949,4694,20770,17744,27725,0,1980,3167,4071,12274,14465,1854,34582,-9981,-1980,-97339,-904,-2191,-16486,-23099,-16076,-32728,3
2022-05-09 14:00:00,127673,242707,2974,20354,10706,35085,3564,20923,17846,27602,0,2016,3013,4250,12207,14644,1759,39049,-9756,-2016,-115034,-1237,-2437,-17380,-24379,-17359,-37290,3
2022-05-09 15:00:00,99391,243465,2102,20433,9569,34376,2830,21037,17338,27406,0,2119,2590,4275,12016,14281,1410,44959,-10068,-2119,-144074,-1685,-2265,-18331,-24807,-18207,-43549,3
2022-05-09 16:00:00,77385,245595,1333,21013,9773,34984,2551,21518,15035,27791,0,2096,2273,4122,11925,14368,1125,48317,-12756,-2096,-168210,-1849,-2443,-19680,-25211,-18967,-47192,3
2022-05-09 17:00:00,65619,243703,791,21513,9901,35864,2523,21998,12972,28299,0,1925,2303,3905,12107,14495,804,51217,-15327,-1925,-178084,-1602,-2388,-20722,-25963,-19475,-50413,3
2022-05-09 18:00:00,60263,238106,636,22088,8802,34432,2550,21348,12690,29399,0,1817,2585,3809,12101,13659,917,52527,-16709,-1817,-177843,-1224,-1558,-21452,-25630,-18798,-51610,3
2022-05-09 19:00:00,63228,231574,623,20905,6815,30981,2860,19588,12587,27724,0,1771,2814,3679,12000,12861,1176,52649,-15137,-1771,-168346,-865,-861,-20282,-24166,-16728,-51473,4
2022-05-09 20:00:00,68850,217341,614,19830,5558,28449,3266,18067,10551,25236,0,1731,2953,3430,12165,12313,1902,50235,-14685,-1731,-148491,-477,-148,-19216,-22891,-14801,-48333,4
2022-05-09 21:00:00,74022,202272,622,18979,5204,25830,3583,16916,9720,23969,0,1543,2988,3259,11833,11375,2721,47346,-14249,-1543,-128250,-271,458,-18357,-20626,-13333,-44625,4
2022-05-09 22:00:00,78652,193136,618,17889,5415,24365,3819,16306,8692,22574,0,1318,2925,3110,11749,11205,3589,43901,-13882,-1318,-114484,-185,544,-17271,-18950,-12487,-40312,4
2022-05-09 23:00:00,84627,186517,629,16939,6183,23750,3844,16033,7538,21673,0,1189,2964,3033,11598,11453,5081,41706,-14135,-1189,-101890,-69,145,-16310,-17567,-12189,-36625,4
2022-05-10 00:00:00,85833,182471,630,16343,6357,23570,3779,16074,7446,21349,0,1134,3065,2988,11547,11957,6538,41112,-13903,-1134,-96638,77,-410,-15713,-17213,-12295,-34574,3
2022-05-10 01:00:00,90252,185134,615,16198,6402,23743,3747,16193,7295,21204,0,1130,3303,3066,11557,12251,7351,40760,-13909,-1130,-94882,237,-694,-15583,-17341,-12446,-33409,3
2022-05-10 02:00:00,89243,192244,609,16598,5408,24809,3803,16452,7191,21751,0,1091,3520,3228,11397,12379,8805,40833,-14560,-1091,-103001,292,-982,-15989,-19401,-12649,-32028,3
2022-05-10 03:00:00,85137,207789,766,17651,6355,28217,3833,18703,9041,24045,0,1086,3480,3737,12308,13616,11274,42103,-15004,-1086,-122652,-257,-1308,-16885,-21862,-14870,-30829,3
2022-05-10 04:00:00,96254,236989,1435,19765,10352,33597,4020,20608,10463,26364,0,1162,3659,4268,12510,14939,12918,44490,-15901,-1162,-140735,-609,-2429,-18330,-23245,-16588,-31572,3
2022-05-10 05:00:00,115970,253737,2764,20004,13485,37197,4538,21173,12997,28057,0,1447,3921,4503,12317,15364,13074,47799,-15060,-1447,-137767,-582,-3047,-17240,-23712,-16635,-34725,3
2022-05-10 06:00:00,130836,261396,4325,19564,14398,37681,5435,20797,16183,28665,0,1779,3910,4478,12581,15547,13584,48731,-12482,-1779,-130560,-568,-2966,-15239,-23283,-15362,-35147,3
2022-05-10 07:00:00,151385,263694,5609,18977,15539,37176,6316,20189,18414,29033,0,1955,4321,4638,12570,15286,14472,47409,-10619,-1955,-112309,-317,-2716,-13368,-21637,-13873,-32937,3
2022-05-10 08:00:00,180134,268642,6469,18693,16362,36913,6763,20209,18700,29465,0,1968,4439,4692,12641,14996,14577,45120,-10765,-1968,-88508,-253,-2355,-12224,-20551,-13446,-30543,3
2022-05-10 09:00:00,209084,274847,6755,18706,17556,35015,6934,20246,18464,29566,0,1885,4586,4744,12663,14548,14370,42616,-11102,-1885,-65763,-158,-1885,-11951,-17459,-13312,-28246,3
2022-05-10 10:00:00,223392,276932,6771,18838,17861,35180,7056,20261,18990,29708,0,1811,4782,4753,12707,14346,13111,39962,-10718,-1811,-53540,29,-1639,-12067,-17319,-13205,-26851,3
2022-05-10 11:00:00,225050,273043,6570,18705,17449,36272,6790,20200,18854,29175,0,1846,4721,4721,12884,14378,15386,41914,-10321,-1846,-47993,0,-1494,-12135,-18823,-13410,-26528,3
2022-05-10 12:00:00,218016,270861,6007,18944,15382,36558,6219,20553,19126,28484,0,1792,4578,4530,13118,14706,15537,44433,-9358,-1792,-52845,48,-1588,-12937,-21176,-14334,-28896,3
2022-05-10 13:00:00,197265,265081,5254,19288,13622,36677,5408,20870,18988,28041,0,1783,4697,4522,13244,14661,14849,46738,-9053,-1783,-67816,175,-1417,-14034,-23055,-15462,-31889,3
2022-05-10 14:00:00,171913,256566,4235,19720,11375,35884,4247,21234,18616,28174,0,1830,4332,4701,13340,15121,14653,50134,-9558,-1830,-84653,-369,-1781,-15485,-24509,-16987,-35481,3
2022-05-10 15:00:00,142723,255282,2683,20105,9474,35423,3383,21530,17782,27860,0,1964,3967,4550,13406,15461,14016,52962,-10078,-1964,-112559,-583,-2055,-17422,-25949,-18147,-38946,3
2022-05-10 16:00:00,118884,253885,1279,20965,9508,35887,2910,21782,16233,28303,0,2054,4034,4277,13597,15351,13561,52046,-12070,-2054,-135001,-243,-1754,-19686,-26379,-18872,-38485,3
2022-05-10 17:00:00,103563,250688,708,21615,10140,36362,3088,22136,13783,28831,0,1887,3753,4020,13434,14776,12241,51680,-15048,-1887,-147125,-267,-1342,-20907,-26222,-19048,-39439,3
2022-05-10 18:00:00,94918,241255,607,22299,9196,35088,3485,21455,13059,29699,0,1792,3225,3857,13332,14537,9692,51636,-16640,-1792,-146337,-632,-1205,-21692,-25892,-17970,-41944,3
2022-05-10 19:00:00,89280,231563,608,21081,6441,31643,3922,19866,12772,28203,0,1788,2968,3668,12887,13459,6402,51152,-15431,-1788,-142283,-700,-572,-20473,-25202,-15944,-44750,4
2022-05-10 20:00:00,81160,216002,625,20084,5520,29014,4039,18203,11575,25605,0,1750,2970,3412,11987,12456,4961,48887,-14030,-1750,-134842,-442,-469,-19459,-23494,-14164,-43926,3
2022-05-10 21:00:00,75970,199234,668,19160,5372,26505,4106,16957,10003,24356,0,1557,2701,3209,10702,11999,4525,46127,-14353,-1557,-123264,-508,-1297,-18492,-21133,-12851,-41602,3
2022-05-10 22:00:00,70572,185259,728,17969,5404,24892,4048,16416,9125,22889,0,1358,2538,3107,10232,12054,4355,43663,-13764,-1358,-114687,-569,-1822,-17241,-19488,-12368,-39308,3
2022-05-10 23:00:00,67117,179950,725,16949,5589,24262,3643,16079,9256,22072,0,1219,2446,3050,9794,12172,5155,42027,-12816,-1219,-112833,-604,-2378,-16224,-18673,-12436,-36872,3
2022-05-11 00:00:00,69179,177959,712,16366,5697,24080,3243,16080,8981,21694,0,574,2350,3018,9480,12133,6143,41069,-12713,-574,-108780,-668,-2653,-15654,-18383,-12837,-34926,1
2022-05-11 01:00:00,72886,180283,722,16266,5826,24352,3007,16147,8886,21598,0,556,2282,3035,9385,12028,7564,40746,-12712,-556,-107397,-753,-2643,-15544,-18526,-13140,-33182,1
2022-05-11 02:00:00,74856,186618,710,16645,5629,25501,2836,16386,8350,22053,0,1102,2441,3178,9613,12498,8140,40871,-13703,-1102,-111762,-737,-2885,-15935,-19872,-13550,-32731,3
2022-05-11 03:00:00,79674,203402,872,17713,6299,28725,2893,18604,9247,24192,0,1150,2513,3700,10751,13534,9152,42038,-14945,-1150,-123728,-1187,-2783,-16841,-22426,-15711,-32886,1
2022-05-11 04:00:00,94298,232621,1633,19867,10383,33733,3178,20534,11171,26566,0,1230,2710,4251,10938,15120,9561,44406,-15395,-1230,-138323,-1541,-4182,-18234,-23350,-17356,-34845,1
2022-05-11 05:00:00,116865,252149,3321,19975,13082,37357,3830,21312,13811,27532,0,1539,3041,4470,10901,15630,10947,46814,-13721,-1539,-135284,-1429,-4729,-16654,-24275,-17482,-35867,3
2022-05-11 06:00:00,136933,261465,5072,19389,14511,38218,4100,21305,15509,27598,0,1908,3266,4542,10885,15673,11152,46018,-12089,-1908,-124532,-1276,-4788,-14317,-23707,-17205,-34866,3
2022-05-11 07:00:00,167160,264106,6356,18800,15656,37873,4742,20979,17311,27721,0,2018,3485,4629,10971,14971,11429,42373,-10410,-2018,-96946,-1144,-4000,-12444,-22217,-16237,-30944,3
2022-05-11 08:00:00,210060,269307,7174,18482,16739,37582,5330,21091,18704,28183,0,2044,3711,4722,11124,14739,10748,38787,-9479,-2044,-59247,-1011,-3615,-11308,-20843,-15761,-28039,3
2022-05-11 09:00:00,253696,274207,7217,18596,16945,35896,5680,21401,20655,29578,0,2000,3885,4735,11125,14764,10322,35665,-8923,-2000,-20511,-850,-3639,-11379,-18951,-15721,-25343,3
2022-05-11 10:00:00,280155,275256,7274,18954,16810,35563,5869,21585,20862,29864,0,1955,4241,4770,10489,14620,10142,33548,-9002,-1955,4899,-529,-4131,-11680,-18753,-15716,-23406,2
2022-05-11 11:00:00,282861,272292,7111,18825,16631,36664,5908,21431,21077,29457,0,1940,4819,4816,10588,14539,11814,32852,-8380,-1940,10569,3,-3951,-11714,-20033,-15523,-21038,2
2022-05-11 12:00:00,271508,268657,6587,19248,15380,37007,5612,21517,21668,28680,0,1841,4883,4602,11010,14885,12638,33893,-7012,-1841,2851,281,-3875,-12661,-21627,-15905,-21255,2
2022-05-11 13:00:00,261403,264240,5723,19875,13107,36690,5004,21538,20991,28379,0,1843,4626,4524,11671,14448,14400,37747,-7388,-1843,-2837,102,-2777,-14152,-23583,-16534,-23347,3
2022-05-11 14:00:00,242300,261010,4407,20550,11697,36269,4480,21553,19822,28261,0,1883,4259,4719,12057,15413,14839,43325,-8439,-1883,-18710,-460,-3356,-16143,-24572,-17073,-28486,3
2022-05-11 15:00:00,194940,257391,2755,21205,9697,35983,4283,21721,18294,28002,0,2044,4074,4543,12311,15246,15249,49139,-9708,-2044,-62451,-469,-2935,-18450,-26286,-17438,-33890,3
2022-05-11 16:00:00,149819,251310,1409,22066,10126,36257,3725,21863,16962,28194,0,2081,3752,4293,12115,15336,15393,50745,-11232,-2081,-101491,-541,-3221,-20657,-26131,-18138,-35352,3
2022-05-11 17:00:00,123160,245798,904,22664,10441,36708,3734,22284,15701,28851,0,1924,3387,4109,12043,14615,16009,51823,-13150,-1924,-122638,-722,-2572,-21760,-26267,-18550,-35814,3
2022-05-11 18:00:00,108846,236492,877,23282,8938,35479,3897,21663,15021,29738,0,1879,2898,3981,11939,14670,16425,51865,-14717,-1879,-127646,-1083,-2731,-22405,-26541,-17766,-35440,3
2022-05-11 19:00:00,107025,231176,1088,22110,6441,31995,3926,19910,14326,27944,0,1872,2375,3752,11789,14241,16802,51007,-13618,-1872,-124151,-1377,-2452,-21022,-25554,-15984,-34205,3
2022-05-11 20:00:00,108521,215759,1278,20974,5431,29065,4155,18495,12181,25449,0,1849,2052,3473,10850,13617,12201,48324,-13268,-1849,-107238,-1421,-2767,-19696,-23634,-14340,-36123,3
2022-05-11 21:00:00,116831,197723,1318,20014,5129,26616,4081,17357,10608,24197,0,866,1994,3257,10661,13022,9846,45748,-13589,-866,-80892,-1263,-2361,-18696,-21487,-13276,-35902,1
2022-05-11 22:00:00,124832,186957,1250,18905,5455,24986,3851,16544,9814,22956,0,687,2469,3160,10995,13029,9128,43206,-13142,-687,-62125,-691,-2034,-17655,-19531,-12693,-34078,1
2022-05-11 23:00:00,136484,185109,1135,17848,5730,24198,3806,16174,9505,22234,0,1281,2691,3108,10932,12580,8229,41625,-12729,-1281,-48625,-417,-1648,-16713,-18468,-12368,-33396,3
2022-05-12 00:00:00,142304,183680,1147,17243,6032,23872,3382,16151,9020,21906,0,1222,3055,3068,10951,12229,7903,40890,-12886,-1222,-41376,-13,-1278,-16096,-17840,-12769,-32987,3
2022-05-12 01:00:00,141773,186642,1038,17138,6027,24168,3642,16165,8666,21857,0,1221,3246,3167,11008,12141,7059,40316,-13191,-1221,-44869,79,-1133,-16100,-18141,-12523,-33257,3
2022-05-12 02:00:00,136355,192795,931,17625,5415,25203,4151,16401,8269,22343,0,1181,3499,3303,11449,12553,5796,40374,-14074,-1181,-56440,196,-1104,-16694,-19788,-12250,-34578,3
2022-05-12 03:00:00,137055,208225,1054,18636,6411,28356,5024,18825,9412,24406,0,1174,3505,3882,12651,14017,4529,41675,-14994,-1174,-71170,-377,-1366,-17582,-21945,-13801,-37146,3
2022-05-12 04:00:00,144405,235782,1692,20225,10056,33489,6786,20756,10509,26656,0,1225,3823,4423,13177,15225,3938,43826,-16147,-1225,-91377,-600,-2048,-18533,-23433,-13970,-39888,3
2022-05-12 05:00:00,161011,252082,3330,19911,13095,37106,8389,21467,12770,28074,0,1498,4390,4635,13459,15170,2934,45051,-15304,-1498,-91071,-245,-1711,-16581,-24011,-13078,-42117,3
2022-05-12 06:00:00,175023,260104,5059,19424,14288,37667,9109,21219,14393,28436,0,1869,4680,4660,13786,14983,2801,43385,-14043,-1869,-85081,20,-1197,-14365,-23379,-12110,-40584,3
2022-05-12 07:00:00,187958,260971,6386,19029,14789,37554,9882,20833,15901,28621,0,987,5038,4743,13814,14750,3479,40360,-12720,-987,-73013,295,-936,-12643,-22765,-10951,-36881,3
2022-05-12 08:00:00,202336,262650,7263,18831,15850,37290,10346,20956,16761,28848,0,963,5294,4634,13569,14531,3957,37527,-12087,-963,-60314,660,-962,-11568,-21440,-10610,-33570,3
2022-05-12 09:00:00,219231,265246,7781,18928,16786,35512,10565,20862,18018,29361,0,1952,5615,4620,13386,14422,4654,35722,-11343,-1952,-46015,995,-1036,-11147,-18726,-10297,-31068,3
2022-05-12 10:00:00,237804,265311,8021,19095,17136,35192,11006,20982,19116,29621,0,1949,6068,4720,13337,14477,6285,34797,-10505,-1949,-27507,1348,-1140,-11074,-18056,-9976,-28512,3
2022-05-12 11:00:00,245515,263931,7885,19206,16865,36178,10560,20449,19649,29381,0,1968,5822,4703,13072,14271,7548,34857,-9732,-1968,-18416,1119,-1199,-11321,-19313,-9889,-27309,3
2022-05-12 12:00:00,241188,262323,7408,19853,15966,36562,9822,20475,19435,28667,0,1882,5949,4607,13179,14324,9437,35710,-9232,-1882,-21135,1342,-1145,-12445,-20596,-10653,-26273,3
2022-05-12 13:00:00,219961,255305,6114,20571,14089,36691,8926,20787,19221,28565,0,1842,5463,4568,13264,14350,9586,36922,-9344,-1842,-35344,895,-1086,-14457,-22602,-11861,-27336,3
2022-05-12 14:00:00,186253,251601,4465,21318,12139,36465,7676,21342,18471,28516,0,1911,5033,4554,13401,14693,9448,39301,-10045,-1911,-65348,479,-1292,-16853,-24326,-13666,-29853,3
2022-05-12 15:00:00,147332,251486,2627,21424,10254,35818,5714,21392,16799,28132,0,2089,4157,4477,13383,14061,9490,43592,-11333,-2089,-104154,-320,-678,-18797,-25564,-15678,-34102,3
2022-05-12 16:00:00,122998,249860,1398,21948,10935,36226,4068,21761,14672,28360,0,2090,3593,4232,13077,13835,10101,45914,-13688,-2090,-126862,-639,-758,-20550,-25291,-17693,-35813,3
2022-05-12 17:00:00,100111,247138,859,22249,10825,36567,3271,22099,14044,28850,0,1971,3518,3973,13079,14434,9913,49030,-14806,-1971,-147027,-455,-1355,-21390,-25742,-18828,-39117,3
2022-05-12 18:00:00,85707,239258,1025,22672,9798,35473,2985,21580,13587,29668,0,1917,3246,3805,12841,14390,8985,51117,-16081,-1917,-153551,-559,-1549,-21647,-25675,-18595,-42132,3
2022-05-12 19:00:00,74763,231027,1240,21491,6754,31956,2428,19866,12831,28121,0,1847,3302,3606,12440,13830,8217,51214,-15290,-1847,-156264,-304,-1390,-20251,-25202,-17438,-42997,3
2022-05-12 20:00:00,64860,214025,1197,20416,5568,29027,2009,18532,10690,25861,0,1763,2963,3358,11898,13007,8907,48952,-15171,-1763,-149165,-395,-1109,-19219,-23459,-16523,-40045,3
2022-05-12 21:00:00,61663,199012,1394,19478,6260,26806,1889,17313,8683,24520,0,1524,2697,3143,11569,12557,8743,46192,-15837,-1524,-137349,-446,-988,-18084,-20546,-15424,-37449,3
2022-05-12 22:00:00,60088,189745,1281,18316,6033,25115,1837,16645,7654,23316,0,1334,2506,2950,11337,12216,9184,43366,-15662,-1334,-129657,-444,-879,-17035,-19082,-14808,-34182,3
2022-05-12 23:00:00,59958,184041,1268,17265,5942,24410,1873,16305,6287,22496,0,1210,2368,2832,11352,11918,10026,41508,-16209,-1210,-124083,-464,-566,-15997,-18468,-14432,-31482,3
2022-05-13 00:00:00,62733,179773,1205,16564,6113,24104,1876,16244,5668,22181,0,1112,2358,2837,11181,12009,10517,40688,-16513,-1112,-117040,-479,-828,-15359,-17991,-14368,-30171,3
2022-05-13 01:00:00,69398,180899,1041,16418,6101,24408,1892,16201,5259,22045,0,1092,2292,2824,11278,12017,9881,40096,-16786,-1092,-111501,-532,-739,-15377,-18307,-14309,-30215,3
2022-05-13 02:00:00,71458,187175,1279,16812,5766,25397,2000,16426,5235,22405,0,1054,2171,2838,11561,12493,11151,40121,-17170,-1054,-115717,-667,-932,-15533,-19631,-14426,-28970,3
2022-05-13 03:00:00,79749,203428,1288,17827,7256,28556,2331,18691,7066,24392,0,1060,2053,2997,12084,13950,11707,41156,-17326,-1060,-123679,-944,-1866,-16539,-21300,-16360,-29449,3
2022-05-13 04:00:00,95379,232594,1506,20181,12240,33686,3097,20643,8659,26595,0,1117,2174,3268,12344,15277,11361,43767,-17936,-1117,-137215,-1094,-2933,-18675,-21446,-17546,-32406,3
2022-05-13 05:00:00,113575,250520,2469,20845,15229,37579,3681,21206,11202,28121,0,1402,2371,3542,12148,15287,11804,46203,-16919,-1402,-136945,-1171,-3139,-18376,-22350,-17525,-34399,3
2022-05-13 06:00:00,133904,259607,3673,20702,15001,38259,4860,21282,14247,28622,0,1739,2839,3713,12288,15150,11169,46310,-14375,-1739,-125703,-874,-2862,-17029,-23258,-16422,-35141,3
2022-05-13 07:00:00,157722,263337,4854,20447,15454,37918,5869,21040,16174,29001,0,1891,3569,3840,12290,14933,10680,44165,-12827,-1891,-105615,-271,-2643,-15593,-22464,-15171,-33485,3
2022-05-13 08:00:00,194918,268006,5510,20345,16419,37588,6574,21659,16660,29398,0,1936,4031,4003,12336,14849,10384,41841,-12738,-1936,-73088,28,-2513,-14835,-21169,-15085,-31457,3
2022-05-13 09:00:00,223316,270939,5987,20307,16908,35790,6956,21731,17099,29753,0,1932,4177,4024,12148,14584,10922,39729,-12654,-1932,-47623,153,-2436,-14320,-18882,-14775,-28807,3
2022-05-13 10:00:00,242475,267208,5872,20324,17383,35799,6892,21484,17220,29947,0,1923,4413,3973,11939,14390,11259,37852,-12727,-1923,-24733,440,-2451,-14452,-18416,-14592,-26593,3
2022-05-13 11:00:00,256823,260844,5303,20339,17115,36561,6530,21415,17679,29471,0,1862,4927,3883,10903,14061,12260,37514,-11792,-1862,-4021,1044,-3158,-15036,-19446,-14885,-25254,3
2022-05-13 12:00:00,256209,257840,4764,20753,16102,36690,5953,21630,17770,28652,0,1727,5135,4035,11079,14009,12691,36676,-10882,-1727,-1631,1100,-2930,-15989,-20588,-15677,-23985,3
2022-05-13 13:00:00,255375,256978,4316,20793,14499,36722,4893,21446,17397,28270,0,1638,4812,4113,12005,13982,11878,36175,-10873,-1638,-1603,699,-1977,-16477,-22223,-16553,-24297,3
2022-05-13 14:00:00,228608,252605,3588,20723,13341,36223,4523,21459,16786,28293,0,1617,5037,4180,12303,14253,13482,38203,-11507,-1617,-23997,857,-1950,-17135,-22882,-16936,-24721,3
2022-05-13 15:00:00,187146,250275,2502,20605,10559,35508,4248,21579,15298,27993,0,1729,5376,4049,12271,14131,14821,42719,-12695,-1729,-63129,1327,-1860,-18103,-24949,-17331,-27898,3
2022-05-13 16:00:00,148740,245607,1382,20959,11003,36075,4096,21617,13186,28156,0,1797,5069,3921,12204,13766,15223,45199,-14970,-1797,-96867,1148,-1562,-19577,-25072,-17521,-29976,3
2022-05-13 17:00:00,123257,240508,984,21267,11328,36128,3628,21739,11110,28338,0,1740,4244,3831,12124,13502,14917,47841,-17228,-1740,-117251,413,-1378,-20283,-24800,-18111,-32924,3
2022-05-13 18:00:00,111661,230039,1008,21699,9474,34771,3768,21109,10214,28931,0,1712,4529,3728,11895,13283,13666,49406,-18717,-1712,-118378,801,-1388,-20691,-25297,-17341,-35740,3
2022-05-13 19:00:00,106371,223059,1203,20767,8079,31584,3559,19562,9415,27587,0,1702,4495,3658,11386,12920,12825,49468,-18172,-1702,-116688,837,-1534,-19564,-23505,-16003,-36643,3
2022-05-13 20:00:00,104136,208693,1397,19825,7174,28799,3165,18164,8947,25652,0,1703,4549,3420,10988,12216,11891,47604,-16705,-1703,-104557,1129,-1228,-18428,-21625,-14999,-35713,3
2022-05-13 21:00:00,101986,194435,1499,18957,6570,26463,3455,17094,6404,24509,0,1577,3989,3223,10651,11967,10490,45383,-18105,-1577,-92449,766,-1316,-17458,-19893,-13639,-34893,3
2022-05-13 22:00:00,99947,183480,1487,17810,6494,25041,3640,16357,6193,23339,0,1377,4033,3086,10304,11691,8997,42275,-17146,-1377,-83533,947,-1387,-16323,-18547,-12717,-33278,3
2022-05-13 23:00:00,101152,175920,1554,16715,6253,24185,3844,15969,6092,22220,0,1241,3504,3019,10196,11446,7997,40716,-16128,-1241,-74768,485,-1250,-15161,-17932,-12125,-32719,3
2022-05-14 00:00:00,99733,170903,1440,16086,5996,23756,3769,15778,6307,21610,0,1171,3360,2958,10090,11266,5953,39515,-15303,-1171,-71170,402,-1176,-14646,-17760,-12009,-33562,3
2022-05-14 01:00:00,99432,170947,1361,15818,6000,23707,3918,15564,6025,21195,0,1144,3231,2954,10070,11365,4621,38716,-15170,-1144,-71515,277,-1295,-14457,-17707,-11646,-34095,3
2022-05-14 02:00:00,101118,172727,1176,15674,5984,23861,4104,15080,5869,20987,0,1110,3204,2926,10165,11316,3723,38973,-15118,-1110,-71609,278,-1151,-14498,-17877,-10976,-35250,3
2022-05-14 03:00:00,101249,174632,1293,15502,6715,24805,4532,15985,5819,21243,0,1110,3235,2986,10160,11402,3373,38898,-15424,-1110,-73383,249,-1242,-14209,-18090,-11453,-35525,3
2022-05-14 04:00:00,99974,180990,2028,16229,9751,27802,5260,17043,6359,21486,0,1135,3819,3198,10622,12065,2978,38326,-15127,-1135,-81016,621,-1443,-14201,-18051,-11783,-35348,3
2022-05-14 05:00:00,108181,193623,3569,16733,12608,30125,6405,18144,8223,22739,0,1262,4344,3493,11092,12599,2151,37057,-14516,-1262,-85442,851,-1507,-13164,-17517,-11739,-34906,3
2022-05-14 06:00:00,131537,207103,5310,16779,14797,31240,7773,18561,11303,24746,0,1453,4971,3675,11446,12762,1899,35924,-13443,-1453,-75566,1296,-1316,-11469,-16443,-10788,-34025,3
2022-05-14 07:00:00,161988,215316,6618,16527,15770,30713,8997,19162,14081,25562,0,1647,5328,3781,11642,12979,1858,34118,-11481,-1647,-53328,1547,-1337,-9909,-14943,-10165,-32260,3
2022-05-14 08:00:00,202825,221718,7296,16417,16864,29941,9429,19075,17302,25976,0,1738,5216,3793,11841,12909,1902,31283,-8674,-1738,-18893,1423,-1068,-9121,-13077,-9646,-29381,3
2022-05-14 09:00:00,224927,224237,7479,16353,17840,28932,9539,18857,21601,25768,0,1728,5145,3821,11847,12869,1747,30049,-4167,-1728,690,1324,-1022,-8874,-11092,-9318,-28302,3
2022-05-14 10:00:00,230660,219279,7599,16149,18289,27879,9594,18627,23421,25953,0,1706,5375,3846,11816,12333,1599,29000,-2532,-1706,11381,1529,-517,-8550,-9590,-9033,-27401,2
2022-05-14 11:00:00,227395,210864,7238,15745,17797,27682,9291,18107,23940,25488,0,1655,5164,3814,11835,11998,1500,27706,-1548,-1655,16531,1350,-163,-8507,-9885,-8816,-26206,2
2022-05-14 12:00:00,218649,205584,6540,15824,16737,27385,8680,17735,23060,24805,0,1570,5702,3638,11979,11848,1626,27616,-1745,-1570,13065,2064,131,-9284,-10648,-9055,-25990,2
2022-05-14 13:00:00,200081,201516,5682,16321,14966,27573,8352,17956,22359,24383,0,1512,5609,3645,11992,12485,1436,28789,-2024,-1512,-1435,1964,-493,-10639,-12607,-9604,-27353,3
2022-05-14 14:00:00,172039,201118,4520,17038,12870,28502,7207,17845,20055,24073,0,1509,5271,3761,12191,13125,1464,31619,-4018,-1509,-29079,1510,-934,-12518,-15632,-10638,-30155,3
2022-05-14 15:00:00,131740,202470,3002,17610,10341,29409,5837,18079,17783,24298,0,1599,4650,3799,12058,13059,1402,36711,-6515,-1599,-70730,851,-1001,-14608,-19068,-12242,-35309,3
2022-05-14 16:00:00,100489,204279,1485,18361,10157,30457,4881,18322,14933,24449,0,1707,3762,3558,12049,12940,1220,40561,-9516,-1707,-103790,204,-891,-16876,-20300,-13441,-39341,3
2022-05-14 17:00:00,82058,200708,818,18859,10626,30631,4451,18578,11546,24867,0,1679,2862,3384,11904,13004,1033,43757,-13321,-1679,-118650,-522,-1100,-18041,-20005,-14127,-42724,3
2022-05-14 18:00:00,74988,193684,637,19545,9773,29831,4082,18348,10897,26168,0,1642,2443,3289,11848,13230,1174,46286,-15271,-1642,-118696,-846,-1382,-18908,-20058,-14266,-45112,3
2022-05-14 19:00:00,72039,191610,630,18969,8185,27898,4152,17353,10382,25409,0,1596,2216,3214,11791,12709,1476,47060,-15027,-1596,-119571,-998,-918,-18339,-19713,-13201,-45584,4
2022-05-14 20:00:00,68874,182401,646,17794,6904,25712,3851,16185,9441,23709,0,1576,2044,3080,11837,12100,1725,45857,-14268,-1576,-113527,-1036,-263,-17148,-18808,-12334,-44132,4
2022-05-14 21:00:00,59915,170157,662,16709,5778,23833,3692,15214,9425,22099,0,1495,2129,2905,11454,11660,2360,43894,-12674,-1495,-110242,-776,-206,-16047,-18055,-11522,-41534,4
2022-05-14 22:00:00,52780,162249,685,15581,5595,22415,3552,14490,9988,21044,0,1340,2115,2793,11544,11551,2867,41870,-11056,-1340,-109469,-678,-7,-14896,-16820,-10938,-39003,4
2022-05-14 23:00:00,49499,155000,670,14806,5444,21667,3462,13988,9947,20064,0,1223,1923,2744,11476,11405,3511,40093,-10117,-1223,-105501,-821,71,-14136,-16223,-10526,-36582,4
2022-05-15 00:00:00,46306,150661,651,14310,5577,21163,3361,13772,9978,19523,0,1150,1642,2698,11314,10935,3528,38782,-9545,-1150,-104355,-1056,379,-13659,-15586,-10411,-35254,4
2022-05-15 01:00:00,45211,149048,628,14143,5496,21037,3302,13468,9965,19121,0,1122,1524,2680,11278,11020,3264,38270,-9156,-1122,-103837,-1156,258,-13515,-15541,-10166,-35006,4
2022-05-15 02:00:00,43164,149016,634,14014,5246,20927,3185,13049,10239,19143,0,1082,1459,2644,11097,11214,3210,38122,-8904,-1082,-105852,-1185,-117,-13380,-15681,-9864,-34912,4
2022-05-15 03:00:00,42401,147638,831,13861,5732,20610,3028,13413,10374,19331,0,1063,1446,2739,11144,11479,2728,37268,-8957,-1063,-105237,-1293,-335,-13030,-14878,-10385,-34540,4
2022-05-15 04:00:00,54563,151852,1608,14431,8009,22174,3551,14200,11334,19214,0,1040,1524,2956,11192,11471,2713,35221,-7880,-1040,-97289,-1432,-279,-12823,-14165,-10649,-32508,4
2022-05-15 05:00:00,78959,164214,3129,14968,11979,23987,4818,14834,14719,20005,0,1114,1667,3218,11405,11593,2791,33210,-5286,-1114,-85255,-1551,-188,-11839,-12008,-10016,-30419,4
2022-05-15 06:00:00,107605,179243,4756,15460,14925,25442,6033,15104,18794,21541,0,1241,1825,3431,11496,11896,2842,31953,-2747,-1241,-71638,-1606,-400,-10704,-10517,-9071,-29111,4
2022-05-15 07:00:00,140754,191274,6089,15708,16262,25694,7152,15612,22825,22644,0,1403,1997,3585,11723,12069,2937,30115,181,-1403,-50520,-1588,-346,-9619,-9432,-8460,-27178,0
2022-05-15 08:00:00,172959,196802,6999,15687,17152,25778,7508,15627,24874,23203,0,1550,2060,3628,11942,12189,3186,27687,1671,-1550,-23843,-1568,-247,-8688,-8626,-8119,-24501,0
2022-05-15 09:00:00,192457,201660,7266,15653,17694,25818,7558,15293,26281,23467,0,1614,2072,3586,11972,12290,3481,25620,2814,-1614,-9203,-1514,-318,-8387,-8124,-7735,-22139,0
2022-05-15 10:00:00,200732,197733,7194,15350,17856,24709,7753,15376,27130,23933,0,1623,1989,3684,12028,12135,4184,24542,3197,-1623,2999,-1695,-107,-8156,-6853,-7623,-20358,0
2022-05-15 11:00:00,199964,191184,7088,14975,17653,24461,7370,14963,27354,23830,0,1695,1966,3612,12019,11847,4715,23866,3524,-1695,8780,-1646,172,-7887,-6808,-7593,-19151,2
2022-05-15 12:00:00,192823,184951,6411,15284,16263,24679,6957,14987,26090,22725,0,1628,1914,3594,12102,12084,5091,24220,3365,-1628,7872,-1680,18,-8873,-8416,-8030,-19129,2
2022-05-15 13:00:00,177756,181755,5485,15838,14581,25368,6066,15221,25241,22050,0,1555,1681,3560,12187,12553,6069,26501,3191,-1555,-3999,-1879,-366,-10353,-10787,-9155,-20432,0
2022-05-15 14:00:00,152542,182186,4339,16563,12248,26184,4818,15947,25469,22055,0,1500,1436,3820,12059,12960,7241,30747,3414,-1500,-29644,-2384,-901,-12224,-13936,-11129,-23506,0
2022-05-15 15:00:00,111261,187416,2784,17277,9731,27013,3460,16616,23806,22558,0,1612,1169,3843,12153,13188,8349,36728,1248,-1612,-76155,-2674,-1035,-14493,-17282,-13156,-28379,0
2022-05-15 16:00:00,81143,193324,1300,18212,8132,27722,2570,17175,19868,23210,0,1744,856,3706,11934,13132,9173,40700,-3342,-1744,-112181,-2850,-1198,-16912,-19590,-14605,-31527,4
2022-05-15 17:00:00,70154,194831,740,18996,8308,28911,2123,17513,16604,24228,0,1709,722,3569,11826,13212,9784,44190,-7624,-1709,-124677,-2847,-1386,-18256,-20603,-15390,-34406,4
2022-05-15 18:00:00,70328,193146,657,19894,8237,29113,2042,17650,14610,25544,0,1669,700,3436,11928,13297,10699,46878,-10934,-1669,-122818,-2736,-1369,-19237,-20876,-15608,-36179,4
2022-05-15 19:00:00,76975,194356,716,19182,6686,27312,2055,16896,13368,25473,0,1591,752,3380,11887,12969,12336,47507,-12105,-1591,-117381,-2628,-1082,-18466,-20626,-14841,-35171,4
2022-05-15 20:00:00,84590,189477,761,17843,5919,24878,1555,15919,11522,23694,0,1531,723,3170,11687,12318,13421,46293,-12172,-1531,-104887,-2447,-631,-17082,-18959,-14364,-32872,4
2022-05-15 21:00:00,87629,177983,742,16676,5900,22978,1336,15084,9962,22202,0,1367,668,3016,11340,11656,13154,43659,-12240,-1367,-90354,-2348,-316,-15934,-17078,-13748,-30505,4
2022-05-15 22:00:00,91166,169769,679,15608,5335,21755,1170,14659,9409,21147,0,1167,625,2933,11332,11534,12353,41879,-11738,-1167,-78603,-2308,-202,-14929,-16420,-13489,-29526,4
2022-05-15 23:00:00,95546,164820,647,14885,5599,21099,1053,14411,9487,20401,0,1078,614,2880,11375,11564,11439,40320,-10914,-1078,-69274,-2266,-189,-14238,-15500,-13358,-28881,4
2022-05-16 00:00:00,98066,163084,652,14511,5591,20877,981,14550,9374,20042,0,1023,610,2878,11526,11656,9136,39513,-10668,-1023,-65018,-2268,-130,-13859,-15286,-13569,-30377,4
2022-05-16 01:00:00,103592,167533,669,14601,5564,21326,878,14675,9182,20099,0,1011,609,2912,11622,11876,7924,39488,-10917,-1011,-63941,-2303,-254,-13932,-15762,-13797,-31564,4
2022-05-16 02:00:00,97181,176730,669,15147,5346,22999,969,15149,8741,20674,0,1001,641,3063,11849,12344,7478,39838,-11933,-1001,-79549,-2422,-495,-14478,-17653,-14180,-32360,4
2022-05-16 03:00:00,93278,194383,905,16549,7067,27178,1474,17824,8719,22787,0,1028,727,3559,12057,13763,6337,40693,-14068,-1028,-101105,-2832,-1706,-15644,-20111,-16350,-34356,1
2022-05-16 04:00:00,98402,225003,1737,19079,9869,32439,2731,20075,10744,25007,0,1121,932,4084,12274,14743,6387,42531,-14263,-1121,-126601,-3152,-2469,-17342,-22570,-17344,-36144,1
2022-05-16 05:00:00,114986,244074,3228,19591,12718,36445,3858,20765,12957,26636,0,1372,1170,4336,12081,14964,6091,45768,-13679,-1372,-129088,-3166,-2883,-16363,-23727,-16907,-39677,1
2022-05-16 06:00:00,126353,254801,4861,19301,15371,37896,4852,20720,15410,27497,0,1769,1282,4408,11967,14875,5137,46877,-12087,-1769,-128448,-3126,-2908,-14440,-22525,-15868,-41740,1
2022-05-16 07:00:00,138550,261447,6068,18924,15828,37861,5618,20424,17533,28068,0,1983,1582,4419,12010,14968,5974,46039,-10535,-1983,-122897,-2837,-2958,-12856,-22033,-14806,-40065,1
2022-05-16 08:00:00,157263,264884,6888,18695,16100,37472,5996,20599,18765,28663,0,2068,1834,4438,12011,14845,7974,42575,-9898,-2068,-107621,-2604,-2834,-11807,-21372,-14603,-34601,1
2022-05-16 09:00:00,173555,267618,7202,18720,16453,35890,6186,20710,19608,28981,0,2109,2135,4408,11989,14811,9233,42049,-9373,-2109,-94063,-2273,-2822,-11518,-19437,-14524,-32816,1
2022-05-16 10:00:00,177459,266114,7090,19019,16640,36183,6083,20652,21116,29328,0,2103,2410,4421,11972,14711,9311,44511,-8212,-2103,-88655,-2011,-2739,-11929,-19543,-14569,-35200,3
2022-05-16 11:00:00,178323,262371,6933,18982,16144,37342,5748,20449,22033,28915,0,2038,2457,4419,11972,14863,10178,46031,-6882,-2038,-84048,-1962,-2891,-12049,-21198,-14701,-35853,3
2022-05-16 12:00:00,172284,260597,6423,19478,15103,37942,5356,20766,22943,28240,0,1904,2100,4349,11913,14559,12100,44824,-5297,-1904,-88313,-2249,-2646,-13055,-22839,-15410,-32724,1
2022-05-16 13:00:00,155033,258762,5562,20118,14240,38335,4641,20887,22978,27939,0,1836,1928,4399,11674,14535,12865,45807,-4961,-1836,-103729,-2471,-2861,-14556,-24095,-16246,-32942,1
2022-05-16 14:00:00,131770,252730,4136,20710,13390,37576,3724,21147,22065,27967,0,1868,2102,4543,11607,14526,11860,48254,-5902,-1868,-120960,-2441,-2919,-16574,-24186,-17423,-36394,1
2022-05-16 15:00:00,117380,253909,2491,21094,11407,36455,2845,21206,20233,27757,0,2050,1947,4432,11658,14557,10763,50241,-7524,-2050,-136529,-2485,-2899,-18603,-25048,-18361,-39478,1
2022-05-16 16:00:00,109226,251689,1274,21729,10673,36668,2461,21634,17334,28142,0,2112,2002,4171,11619,14438,9652,48721,-10808,-2112,-142463,-2169,-2819,-20455,-25995,-19173,-39069,1
2022-05-16 17:00:00,101680,248508,724,22116,10466,36860,2465,21826,14296,28507,0,1948,1763,3980,11502,14418,8717,49506,-14211,-1948,-146828,-2217,-2916,-21392,-26394,-19361,-40789,1
2022-05-16 18:00:00,92043,241235,679,22542,9201,35401,2584,21356,13740,29253,0,1852,1819,3721,11537,14431,8472,50797,-15513,-1852,-149192,-1902,-2894,-21863,-26200,-18772,-42325,1
2022-05-16 19:00:00,84721,231641,721,21424,7333,32102,2547,19689,12898,27960,0,1793,1984,3571,11189,13717,7186,50822,-15062,-1793,-146920,-1587,-2528,-20703,-24769,-17142,-43636,3
2022-05-16 20:00:00,76990,215477,734,20229,6485,29240,2622,18138,11279,25557,0,1749,2251,3258,10650,12861,6681,48473,-14278,-1749,-138487,-1007,-2211,-19495,-22755,-15516,-41792,3
2022-05-16 21:00:00,67558,198727,702,19244,6187,27032,2549,17038,9413,24337,0,1569,2270,3174,10302,12343,5640,45654,-14924,-1569,-131169,-904,-2041,-18542,-20845,-14489,-40014,3
2022-05-16 22:00:00,61606,186490,699,18202,6692,25772,2345,16429,8753,23187,0,1345,2156,3055,10175,12092,4894,43513,-14434,-1345,-124884,-899,-1917,-17503,-19080,-14084,-38619,3
2022-05-16 23:00:00,61394,181714,724,17197,6939,25117,2131,16100,8272,22268,0,1195,2050,2995,10019,11976,4019,41933,-13996,-1195,-120320,-945,-1957,-16473,-18178,-13969,-37914,3
2022-05-17 00:00:00,62821,180646,746,16447,6846,24854,2027,16124,7788,21893,0,1132,2071,2976,9888,11930,3273,41009,-14105,-1132,-117825,-905,-2042,-15701,-18008,-14097,-37736,3
2022-05-17 01:00:00,66222,182601,932,16328,6722,25084,2179,16040,7850,21790,0,1069,2071,3009,10258,12026,3144,40605,-13940,-1069,-116379,-938,-1768,-15396,-18362,-13861,-37461,3
2022-05-17 02:00:00,60418,188825,895,16797,6200,26022,2355,16282,7876,22264,0,1022,1964,3145,10502,12788,3348,40858,-14388,-1022,-128407,-1181,-2286,-15902,-19822,-13927,-37510,1
2022-05-17 03:00:00,54248,203313,1024,17859,7159,29117,2358,18558,8612,24411,0,984,1849,3575,10692,14262,2731,41887,-15799,-984,-149065,-1726,-3570,-16835,-21958,-16200,-39156,1
2022-05-17 04:00:00,64037,230765,1566,20141,9915,34117,2923,20449,10240,26543,0,1039,1786,4136,10856,15307,1994,44465,-16303,-1039,-166728,-2350,-4451,-18575,-24202,-17526,-42471,1
2022-05-17 05:00:00,83964,249353,2326,20918,13349,38044,3899,21292,13099,27923,0,1339,1977,4362,10513,15338,1762,48356,-14824,-1339,-165389,-2385,-4825,-18592,-24695,-17393,-46594,1
2022-05-17 06:00:00,96391,258407,3275,20951,15234,39351,4546,21288,16807,28787,0,1760,2187,4425,10465,15104,1482,49661,-11980,-1760,-162016,-2238,-4639,-17676,-24117,-16742,-48179,1
2022-05-17 07:00:00,106296,262399,4040,20847,16058,39209,4998,21042,19835,29191,0,1937,3237,5113,10392,14865,1468,48959,-9356,-1937,-156103,-1876,-4473,-16807,-23151,-16044,-47491,3
2022-05-17 08:00:00,124101,265741,4449,20869,16845,39067,5219,21331,22064,29583,0,1966,3221,4563,10420,14810,1704,46174,-7519,-1966,-141640,-1342,-4390,-16420,-22222,-16112,-44470,3
2022-05-17 09:00:00,136786,269671,4620,21162,16985,37145,5380,21470,22736,30141,0,1954,3443,4528,10225,14585,1961,42413,-7405,-1954,-132885,-1085,-4360,-16542,-20160,-16090,-40452,3
2022-05-17 10:00:00,142451,268272,4257,21409,16880,36885,5680,21291,22618,30300,0,1946,3516,4586,10178,14317,1952,38896,-7682,-1946,-125821,-1070,-4139,-17152,-20005,-15611,-36944,3
2022-05-17 11:00:00,147431,265452,3934,21182,15842,37981,5850,20912,22523,29648,0,1969,3550,4402,10229,14160,1950,36427,-7125,-1969,-118021,-852,-3931,-17248,-22139,-15062,-34477,3
2022-05-17 12:00:00,143995,261402,3338,21510,15681,39146,6277,21297,22033,29064,0,944,3597,4285,10288,13936,1734,36297,-7031,-944,-117407,-688,-3648,-18172,-23465,-15020,-34563,3
2022-05-17 13:00:00,136420,256141,3000,21587,14493,39454,6074,21255,21563,28830,0,993,3566,4269,10348,13955,1769,39040,-7267,-993,-119721,-703,-3607,-18587,-24961,-15181,-37271,3
2022-05-17 14:00:00,118367,252403,2219,21604,12844,38449,5450,21023,20245,28855,0,2120,3318,4430,10412,14028,1689,42894,-8610,-2120,-134036,-1112,-3616,-19385,-25605,-15573,-41205,3
2022-05-17 15:00:00,99404,251269,1792,21425,10791,37350,4854,20957,18129,28637,0,2345,2923,4351,10362,13927,1659,47195,-10508,-2345,-151865,-1428,-3565,-19633,-26559,-16103,-45536,3
2022-05-17 16:00:00,84886,250391,1536,21704,11372,37718,4428,21489,14428,28771,0,2372,2654,4151,10504,14042,1431,49045,-14343,-2372,-165505,-1497,-3538,-20168,-26346,-17061,-47614,3
2022-05-17 17:00:00,76961,246889,1220,21809,10075,37759,4021,21701,11784,29032,0,2181,2501,3973,10668,14233,1451,51026,-17248,-2181,-169928,-1472,-3565,-20589,-27684,-17680,-49575,3
2022-05-17 18:00:00,71807,238586,1296,22006,8985,36484,4043,21231,10446,29663,0,1992,2800,3849,10688,13926,1930,51772,-19217,-1992,-166779,-1049,-3238,-20710,-27499,-17188,-49842,3
2022-05-17 19:00:00,67669,231705,1335,20805,7219,33193,3868,19676,9487,28355,0,1860,2978,3741,10544,13714,2065,52199,-18868,-1860,-164036,-763,-3170,-19470,-25974,-15808,-50134,3
2022-05-17 20:00:00,69163,217598,1172,19857,6735,30291,3457,18147,7493,25757,0,1764,3089,3471,10434,13001,3021,50545,-18264,-1764,-148435,-382,-2567,-18685,-23556,-14690,-47524,3
2022-05-17 21:00:00,71799,201725,1168,18974,6474,27746,3283,17132,6806,24696,0,1596,3158,3312,9699,11934,3759,47779,-17890,-1596,-129926,-154,-2235,-17806,-21272,-13849,-44020,3
2022-05-17 22:00:00,76223,191854,1062,17843,6024,26282,3012,16612,6774,23660,0,1327,3266,3194,9540,11642,4669,45106,-16886,-1327,-115631,72,-2102,-16781,-20258,-13600,-40437,3
2022-05-17 23:00:00,85652,186691,960,16789,6004,25540,2675,16394,6479,22717,0,1144,3456,3053,9586,11485,5573,43236,-16238,-1144,-101039,403,-1899,-15829,-19536,-13719,-37663,3
2022-05-18 00:00:00,94623,184698,959,16200,6421,25203,2347,16313,6689,22418,0,1084,3607,3071,9743,11628,5853,42496,-15729,-1084,-90075,536,-1885,-15241,-18782,-13966,-36643,3
2022-05-18 01:00:00,99597,186575,1013,16078,7087,25321,2092,16276,6529,22282,0,1020,3427,3139,9970,11509,4905,42097,-15753,-1020,-86978,288,-1539,-15065,-18234,-14184,-37192,3
2022-05-18 02:00:00,99345,193311,1123,16440,7825,26367,1921,16585,6568,22703,0,973,3367,3285,10223,11975,5718,41966,-16135,-973,-93966,82,-1752,-15317,-18542,-14664,-36248,3
2022-05-18 03:00:00,95016,208140,1249,17485,9279,29727,2236,18982,6605,24502,0,976,3534,3753,11092,13553,4715,42555,-17897,-976,-113124,-219,-2461,-16236,-20448,-16746,-37840,3
2022-05-18 04:00:00,100180,234757,1907,19528,13046,35024,3097,20867,8609,26694,0,1065,3754,4218,11417,14791,4753,44280,-18085,-1065,-134577,-464,-3374,-17621,-21978,-17770,-39527,3
2022-05-18 05:00:00,111915,252688,3527,19512,16600,38800,4544,21553,11442,28477,0,1343,3995,4423,11098,14808,4359,47105,-17035,-1343,-140773,-428,-3710,-15985,-22200,-17009,-42746,3
2022-05-18 06:00:00,128224,261704,5289,18887,17222,39722,5697,21343,14795,29080,0,1695,4160,4478,11048,14752,3451,46528,-14285,-1695,-133480,-318,-3704,-13598,-22500,-15646,-43077,3
2022-05-18 07:00:00,151729,265198,6602,18245,18301,39855,6579,20982,17235,29752,0,1828,4164,4473,11052,14575,3143,43689,-12517,-1828,-113469,-309,-3523,-11643,-21554,-14403,-40546,3
2022-05-18 08:00:00,179655,269701,7452,17880,19173,40106,7112,21214,19128,30450,0,1856,4051,4478,11207,14364,2528,40091,-11322,-1856,-90046,-427,-3157,-10428,-20933,-14102,-37563,3
2022-05-18 09:00:00,196286,272645,7717,17643,19940,38308,7294,21136,21301,30979,0,1858,3835,4384,11144,14194,2233,37783,-9678,-1858,-76359,-549,-3050,-9926,-18368,-13842,-35550,3
2022-05-18 10:00:00,198998,269504,7739,17706,20038,38266,7262,21062,23539,31283,0,1853,3544,4355,11028,14094,2316,36653,-7744,-1853,-70506,-811,-3066,-9967,-18228,-13800,-34337,3
2022-05-18 11:00:00,194815,264060,7649,17545,20023,39095,7035,20880,24088,30960,0,1837,3297,4212,10964,13776,2394,36958,-6872,-1837,-69245,-915,-2812,-9896,-19072,-13845,-34564,3
2022-05-18 12:00:00,182666,260175,7349,17934,19473,39122,6402,21145,23433,30457,0,1765,2833,4220,11041,13727,1820,38531,-7024,-1765,-77509,-1387,-2686,-10585,-19649,-14743,-36711,3
2022-05-18 13:00:00,158177,253280,6365,18530,17892,38972,5385,21230,21732,30217,0,1761,2648,4173,11285,13836,1703,40007,-8485,-1761,-95103,-1525,-2551,-12165,-21080,-15845,-38304,3
2022-05-18 14:00:00,132326,250481,4883,19259,16552,38328,4083,21460,19745,30073,0,1824,2423,4402,11623,14091,1605,42643,-10328,-1824,-118155,-1979,-2468,-14376,-21776,-17377,-41038,1
2022-05-18 15:00:00,106855,249590,3039,19764,14685,37700,2892,21547,17971,29529,0,1966,2031,4355,11627,14189,1469,46793,-11558,-1966,-142735,-2324,-2562,-16725,-23015,-18655,-45324,1
2022-05-18 16:00:00,87540,249064,1345,20730,14137,37910,2248,21675,15783,29453,0,1997,1700,4135,11610,14469,1180,48637,-13670,-1997,-161524,-2435,-2859,-19385,-23773,-19427,-47457,1
2022-05-18 17:00:00,80381,245458,732,21306,12333,37666,2017,21831,13468,29594,0,1887,1566,3936,11452,14304,1214,51212,-16126,-1887,-165077,-2370,-2852,-20574,-25333,-19814,-49998,1
2022-05-18 18:00:00,77313,238070,606,21816,11484,36522,1948,21384,13237,30044,0,1809,1564,3818,11250,13945,1355,52946,-16807,-1809,-160757,-2254,-2695,-21210,-25038,-19436,-51591,1
2022-05-18 19:00:00,78634,232207,524,20968,9495,33017,2257,19764,11656,28490,0,1797,1617,3678,10935,13447,1655,53657,-16834,-1797,-153573,-2061,-2512,-20444,-23522,-17507,-52002,1
2022-05-18 20:00:00,81399,218111,484,19913,8934,30315,2677,18248,9909,26078,0,1701,1622,3423,10333,12344,2544,51745,-16169,-1701,-136712,-1801,-2011,-19429,-21381,-15571,-49201,1
2022-05-18 21:00:00,83668,205813,505,18922,8821,27329,2839,17026,8872,25072,0,1530,1595,3216,9774,11573,3799,48775,-16200,-1530,-122145,-1621,-1799,-18417,-18508,-14187,-44976,1
2022-05-18 22:00:00,85547,196400,547,17774,8437,25989,3090,16415,8961,23616,0,1346,1553,3093,9717,11051,4896,45560,-14655,-1346,-110853,-1540,-1334,-17227,-17552,-13325,-40664,4
2022-05-18 23:00:00,85196,188333,637,16793,7740,25128,3376,16146,8586,22978,0,1187,1618,3043,9572,11092,5007,43558,-14392,-1187,-103137,-1425,-1520,-16156,-17388,-12770,-38551,1
2022-05-19 00:00:00,89418,185171,671,16186,7030,24821,3585,16136,8205,22695,0,1124,1670,3005,9416,11181,5448,42309,-14490,-1124,-95753,-1335,-1765,-15515,-17791,-12551,-36861,1
2022-05-19 01:00:00,90993,185857,799,16055,6983,25057,3797,16104,8310,22656,0,1154,1678,3005,9318,10996,6418,41803,-14346,-1154,-94864,-1327,-1678,-15256,-18074,-12307,-35385,1
2022-05-19 02:00:00,88845,189878,889,16389,7223,26055,4112,16260,8170,23023,0,1141,1564,3138,9820,11487,5771,41779,-14853,-1141,-101033,-1574,-1667,-15500,-18832,-12148,-36008,1
2022-05-19 03:00:00,83689,205010,1124,17396,8851,29296,4667,18663,8814,24852,0,1117,1508,3631,10112,12975,5076,42864,-16038,-1117,-121321,-2123,-2863,-16272,-20445,-13996,-37788,1
2022-05-19 04:00:00,94494,233618,2039,19329,11799,34411,4736,20559,10871,26988,0,1172,1392,4142,10163,14351,5846,46258,-16117,-1172,-139124,-2750,-4188,-17290,-22612,-15823,-40412,1
2022-05-19 05:00:00,116741,253330,3805,19400,15250,38209,4935,21207,13835,28707,0,1427,1333,4365,9992,14684,3793,49611,-14872,-1427,-136589,-3032,-4692,-15595,-22959,-16272,-45818,1
2022-05-19 06:00:00,131578,261821,5515,18819,16743,38671,5962,21223,17140,29613,0,1750,1333,4432,10000,14791,2355,50518,-12473,-1750,-130243,-3099,-4791,-13304,-21928,-15261,-48163,1
2022-05-19 07:00:00,150028,264162,7019,18281,18049,38525,6712,20837,19973,30196,0,1852,1420,4562,9977,14733,1485,49114,-10223,-1852,-114134,-3142,-4756,-11262,-20476,-14125,-47629,1
2022-05-19 08:00:00,165699,266093,7936,17937,18376,38176,7190,21052,22132,30759,0,1837,1537,4635,10054,14766,1759,44436,-8627,-1837,-100394,-3098,-4712,-10001,-19800,-13862,-42677,1
2022-05-19 09:00:00,175764,265810,8302,17854,18537,36519,7446,21182,23551,31464,0,1795,1595,4594,10351,14604,3757,42321,-7913,-1795,-90046,-2999,-4253,-9552,-17982,-13736,-38564,1
2022-05-19 10:00:00,183931,263176,8328,17935,18680,36553,7249,21163,25001,31756,0,1798,1405,4548,10462,14357,4325,46738,-6755,-1798,-79245,-3143,-3895,-9607,-17873,-13914,-42413,1
2022-05-19 11:00:00,188778,258932,8151,17865,18414,37487,6797,21052,25396,31426,0,1808,1461,4521,10388,14026,4088,54585,-6030,-1808,-70154,-3060,-3638,-9714,-19073,-14255,-50497,1
2022-05-19 12:00:00,174950,255999,7629,18371,17625,37992,6132,21305,25261,30859,0,1759,1438,4345,10393,14178,5342,55304,-5598,-1759,-81049,-2907,-3785,-10742,-20367,-15173,-49962,1
2022-05-19 13:00:00,155055,255801,6632,18921,15979,38274,5139,21535,25090,30736,0,1773,1354,4371,10544,14299,3910,48976,-5646,-1773,-100746,-3017,-3755,-12289,-22295,-16396,-45066,1
2022-05-19 14:00:00,136057,257019,5184,19584,14203,37873,3909,21627,24214,30632,0,1801,1181,4499,10595,14479,2689,46794,-6418,-1801,-120962,-3318,-3884,-14400,-23670,-17718,-44105,1
2022-05-19 15:00:00,117966,259573,3341,20086,12491,37228,3085,21627,22479,30056,0,1920,1025,4280,10237,14077,4137,47800,-7577,-1920,-141607,-3255,-3840,-16745,-24737,-18542,-43663,1
2022-05-19 16:00:00,100532,253055,1651,20879,11099,37290,2593,21665,19310,30063,0,1968,810,4072,10371,14096,4745,48463,-10753,-1968,-152523,-3262,-3725,-19228,-26191,-19072,-43718,1
2022-05-19 17:00:00,96107,246340,1083,21369,10561,37001,2890,21926,16868,30220,0,1870,888,3858,10349,13888,3947,50122,-13352,-1870,-150233,-2970,-3539,-20286,-26440,-19036,-46175,1
2022-05-19 18:00:00,86237,238291,1123,21929,9520,35945,3365,21442,15376,30572,0,1793,887,3778,10224,13603,2863,51631,-15196,-1793,-152054,-2891,-3379,-20806,-26425,-18077,-48768,1
2022-05-19 19:00:00,83815,228864,1150,21027,7304,32659,3946,19900,14754,29123,0,1741,953,3694,10221,12861,2745,52159,-14369,-1741,-145049,-2741,-2640,-19877,-25355,-15954,-49414,1
2022-05-19 20:00:00,80774,215242,1133,19953,6157,29893,4359,18342,13958,26829,0,1692,802,3411,10027,12078,3112,50609,-12871,-1692,-134468,-2609,-2051,-18820,-23736,-13983,-47497,1
2022-05-19 21:00:00,80512,199615,1157,18984,5878,27273,4608,17212,11727,25618,0,1552,949,3167,9380,11472,2695,47931,-13891,-1552,-119103,-2218,-2092,-17827,-21395,-12604,-45236,1
2022-05-19 22:00:00,82974,191661,1161,17777,5638,25782,4479,16582,10928,24221,0,1316,1275,3044,9128,10980,2381,45204,-13293,-1316,-108687,-1769,-1852,-16616,-20144,-12103,-42823,1
2022-05-19 23:00:00,92435,189434,1055,16721,5786,25133,4324,16242,10694,23292,0,1163,1835,2981,9107,10866,1768,43435,-12598,-1163,-96999,-1146,-1759,-15666,-19347,-11918,-41667,3
2022-05-20 00:00:00,90853,187219,1015,16132,5984,24857,4347,16200,10652,22938,0,1114,1801,2911,9063,11093,1201,42722,-12286,-1114,-96366,-1110,-2030,-15117,-18873,-11853,-41521,3
2022-05-20 01:00:00,81736,186089,919,16047,5989,25090,4460,16166,10696,22781,0,1114,1957,2947,9143,11484,795,42226,-12085,-1114,-104353,-990,-2341,-15128,-19101,-11706,-41431,3
2022-05-20 02:00:00,68029,189629,818,16367,5849,25877,4536,16421,10803,23166,0,1066,2203,3092,9650,11845,771,42297,-12363,-1066,-121600,-889,-2195,-15549,-20028,-11885,-41526,3
2022-05-20 03:00:00,58722,200852,1005,17258,6971,29319,4661,18735,11512,24995,0,1059,1958,3621,10654,13311,971,42486,-13483,-1059,-142130,-1663,-2657,-16253,-22348,-14074,-41515,1
2022-05-20 04:00:00,71943,229063,1769,19292,10959,34307,4938,20711,12095,27040,0,1126,1802,4048,11031,14954,1005,43814,-14945,-1126,-157120,-2246,-3923,-17523,-23348,-15773,-42809,1
2022-05-20 05:00:00,90015,247321,3202,19524,14652,37794,5416,21444,14426,28664,0,1383,1854,4334,11059,15641,1579,45009,-14238,-1383,-157306,-2480,-4582,-16322,-23142,-16028,-43430,1
2022-05-20 06:00:00,107338,256622,4972,19069,16250,38841,5747,21214,17199,29611,0,1732,1962,4424,11194,15829,1833,44328,-12412,-1732,-149284,-2462,-4635,-14097,-22591,-15467,-42495,1
2022-05-20 07:00:00,125384,261971,6308,18582,16867,38693,6669,20805,18317,30167,0,1884,2167,4524,11187,15615,1906,42428,-11850,-1884,-136587,-2357,-4428,-12274,-21826,-14136,-40522,1
2022-05-20 08:00:00,145677,266308,7019,18348,17643,38468,8144,21274,20363,30823,0,1911,2371,4492,11276,15467,2148,41394,-10460,-1911,-120631,-2121,-4191,-11329,-20825,-13130,-39246,1
2022-05-20 09:00:00,159981,268971,7389,18321,17430,37064,8683,21414,21946,31520,0,1923,2402,4336,11278,15189,2210,41808,-9574,-1923,-108990,-1934,-3911,-10932,-19634,-12731,-39598,1
2022-05-20 10:00:00,166281,266889,7321,18584,17433,36789,8947,21536,22589,31840,0,1946,2261,4258,11172,14743,2198,42637,-9251,-1946,-100608,-1997,-3571,-11263,-19356,-12589,-40439,1
2022-05-20 11:00:00,166924,260245,6911,18708,17112,37443,8464,21190,22513,31469,0,1978,1932,4145,11042,14444,3305,49529,-8956,-1978,-93321,-2213,-3402,-11797,-20331,-12726,-46224,1
2022-05-20 12:00:00,158746,256810,6163,19320,16351,37634,7938,21396,21410,30737,0,1870,1602,4014,10960,14327,4660,54568,-9327,-1870,-98064,-2412,-3367,-13157,-21283,-13458,-49908,1
2022-05-20 13:00:00,142781,249065,5196,19978,15585,37912,6442,21440,20336,30480,0,1822,1258,4021,10790,14215,3964,55037,-10144,-1822,-106284,-2763,-3425,-14782,-22327,-14998,-51073,1
2022-05-20 14:00:00,121895,243939,4173,20396,14145,37506,4936,21430,19090,30282,0,1821,985,4198,10709,14453,5386,54429,-11192,-1821,-122044,-3213,-3744,-16223,-23361,-16494,-49043,1
2022-05-20 15:00:00,108794,243152,2807,20646,11872,36937,3856,21438,17771,29932,0,1886,789,4120,10418,14074,4545,54091,-12161,-1886,-134358,-3331,-3656,-17839,-25065,-17582,-49546,1
2022-05-20 16:00:00,99630,244055,1392,21166,11483,36931,2692,21444,16362,29659,0,1898,642,3896,10318,13711,4268,52340,-13297,-1898,-144425,-3254,-3393,-19774,-25448,-18752,-48072,1
2022-05-20 17:00:00,102500,239718,848,21353,11032,36687,2106,21601,14626,29446,0,1810,572,3710,10443,13329,7638,51303,-14820,-1810,-137218,-3138,-2886,-20505,-25655,-19495,-43665,1
2022-05-20 18:00:00,107332,231516,884,21665,10054,35537,2074,21295,13171,29739,0,1737,577,3597,10297,13059,9140,50539,-16568,-1737,-124184,-3020,-2762,-20781,-25483,-19221,-41399,1
2022-05-20 19:00:00,120671,223887,1061,20878,8101,32408,1923,19701,13142,28537,0,1672,467,3500,10201,12816,10909,49429,-15395,-1672,-103216,-3033,-2615,-19817,-24307,-17778,-38520,1
2022-05-20 20:00:00,130924,207500,1196,19895,7870,29615,1522,18324,12297,26259,0,1620,501,3373,9968,12520,12711,47802,-13962,-1620,-76576,-2872,-2552,-18699,-21745,-16802,-35091,1
2022-05-20 21:00:00,146012,192752,1314,18990,7897,27406,1723,17020,12061,25414,0,1513,731,3102,9353,11796,13290,45673,-13353,-1513,-46740,-2371,-2443,-17676,-19509,-15297,-32383,1
2022-05-20 22:00:00,151971,184952,1248,17795,7692,25910,1931,16234,12291,24087,0,1321,1038,2926,9213,11367,13976,43002,-11796,-1321,-32981,-1888,-2154,-16547,-18218,-14303,-29026,1
2022-05-20 23:00:00,157898,178577,1176,16694,7478,24913,2310,15723,12246,22963,0,1187,1688,2895,9137,11364,14912,41313,-10717,-1187,-20679,-1207,-2227,-15518,-17435,-13413,-26401,1
2022-05-21 00:00:00,158242,176132,1220,15943,7583,24581,2677,15458,12588,22287,0,1098,2324,2926,9154,11353,15194,40327,-9699,-1098,-17890,-602,-2199,-14723,-16998,-12781,-25133,3
2022-05-21 01:00:00,155126,175001,1419,15753,7398,24428,3425,15216,11622,21912,0,1097,2405,2882,8959,11215,15023,39445,-10290,-1097,-19875,-477,-2256,-14334,-17030,-11791,-24422,3
2022-05-21 02:00:00,150625,176068,803,15762,7474,24476,4345,14900,10544,21679,0,1075,2419,2828,8860,10992,14673,39123,-11135,-1075,-25443,-409,-2132,-14959,-17002,-10555,-24450,3
2022-05-21 03:00:00,145947,178150,915,15715,8507,25446,5632,15610,10294,21716,0,1048,2415,2993,8269,11304,13351,38817,-11422,-1048,-32203,-578,-3035,-14800,-16939,-9978,-25466,3
2022-05-21 04:00:00,147714,188108,1578,16667,11700,28598,7241,16744,11245,22182,0,1054,2510,3211,8801,12160,12210,38254,-10937,-1054,-40394,-701,-3359,-15089,-16898,-9503,-26044,3
2022-05-21 05:00:00,164951,202627,2026,17698,15670,31418,8490,18050,14086,23719,0,1192,2651,3521,8692,12451,10524,37253,-9633,-1192,-37676,-870,-3759,-15672,-15748,-9560,-26729,3
2022-05-21 06:00:00,191667,217730,2907,18416,16996,32203,8586,18468,15388,25577,0,1384,2767,3695,8786,12976,9735,37203,-10189,-1384,-26063,-928,-4190,-15509,-15207,-9882,-27468,3
2022-05-21 07:00:00,219904,226004,4416,18255,17625,31927,8992,18376,16954,26997,0,1583,2740,3762,8618,13392,9570,36394,-10043,-1583,-6100,-1022,-4774,-13839,-14302,-9384,-26824,3
2022-05-21 08:00:00,250252,229667,6380,17807,18135,31153,9466,18566,17808,27487,0,1701,2848,3857,8206,13434,8574,34539,-9679,-1701,20585,-1009,-5228,-11427,-13018,-9100,-25965,2
2022-05-21 09:00:00,258776,230341,7265,17324,18352,30065,9545,18526,18420,27905,0,1722,3195,3864,7633,13570,7217,34110,-9485,-1722,28435,-669,-5937,-10059,-11713,-8981,-26893,2
2022-05-21 10:00:00,256399,227800,7573,16922,18374,29057,9689,18357,19163,28260,0,1713,3458,3867,7375,13151,6495,33176,-9097,-1713,28599,-409,-5776,-9349,-10683,-8668,-26681,2
2022-05-21 11:00:00,243827,219474,7464,16417,18250,28772,9190,17586,19469,27874,0,1645,3318,3756,7268,12949,5661,31097,-8405,-1645,24353,-438,-5681,-8953,-10522,-8396,-25436,2
2022-05-21 12:00:00,240130,213250,6941,16527,17757,28849,8575,17299,20301,27016,0,1549,3336,3744,7363,12427,5419,31399,-6715,-1549,26880,-408,-5064,-9586,-11092,-8724,-25980,2
2022-05-21 13:00:00,237210,209525,6036,16839,16767,29274,8223,17614,18907,26486,0,1530,3431,3810,7593,12579,5013,33435,-7579,-1530,27685,-379,-4986,-10803,-12507,-9391,-28422,2
2022-05-21 14:00:00,227618,208895,4955,17379,14750,30300,7507,17678,16999,26204,0,1540,3105,3916,8838,12923,4038,35418,-9205,-1540,18723,-811,-4085,-12424,-15550,-10171,-31380,2
2022-05-21 15:00:00,189416,210640,3401,17860,13315,31306,6569,17698,14961,26290,0,1648,2768,3938,9041,12909,3281,39181,-11329,-1648,-21224,-1170,-3868,-14459,-17991,-11129,-35900,3
2022-05-21 16:00:00,150096,208637,1886,18645,12689,31852,5850,17938,13154,26361,0,1741,2488,3692,9067,12801,2531,41017,-13207,-1741,-58541,-1204,-3734,-16759,-19163,-12088,-38486,3
2022-05-21 17:00:00,123084,204168,1038,19071,12129,31773,5529,18107,11823,26580,0,1724,2168,3477,9218,12682,2048,42886,-14757,-1724,-81084,-1309,-3464,-18033,-19644,-12578,-40838,3
2022-05-21 18:00:00,105174,194220,995,19639,10700,31062,4826,18008,11103,27326,0,1649,1913,3310,9135,12589,1239,45117,-16223,-1649,-89046,-1397,-3454,-18644,-20362,-13182,-43878,3
2022-05-21 19:00:00,93363,189482,1093,19225,9580,28880,4676,16902,10987,26537,0,1571,1837,3264,8932,12384,1013,46477,-15550,-1571,-96119,-1427,-3452,-18132,-19300,-12226,-45464,3
2022-05-21 20:00:00,85250,180608,980,18186,8481,26809,4465,15691,10116,24667,0,1520,1796,3106,8944,12103,811,45906,-14551,-1520,-95358,-1310,-3159,-17206,-18328,-11226,-45095,3
2022-05-21 21:00:00,74152,168126,970,17011,8281,24798,4386,14664,9716,23111,0,1415,1785,2980,8360,11770,686,44042,-13395,-1415,-93974,-1195,-3410,-16041,-16517,-10278,-43356,3
2022-05-21 22:00:00,58300,157770,980,15837,7680,23100,4262,14163,10116,21737,0,1240,1500,2837,8326,11640,830,41840,-11621,-1240,-99470,-1337,-3314,-14857,-15420,-9901,-41010,1
2022-05-21 23:00:00,49757,151469,913,14983,7474,22353,4222,13842,10053,20753,0,1140,1356,2730,8150,11566,868,39657,-10700,-1140,-101712,-1374,-3416,-14070,-14879,-9620,-38789,1
2022-05-22 00:00:00,47590,141901,813,14538,7117,22042,4010,13560,9875,20216,0,1082,1404,2688,8119,11513,807,38410,-10341,-1082,-94311,-1284,-3394,-13725,-14925,-9550,-37603,1
2022-05-22 01:00:00,46641,145949,897,14335,6952,21847,3902,13289,9103,19916,0,1066,1402,2657,7958,11396,882,37914,-10813,-1066,-99308,-1255,-3438,-13438,-14895,-9387,-37032,1
2022-05-22 02:00:00,45855,146366,925,14148,6965,21699,3726,12882,8455,19795,0,1019,1252,2633,7765,11248,879,37677,-11340,-1019,-100511,-1381,-3483,-13223,-14734,-9156,-36798,1
2022-05-22 03:00:00,47129,145044,1184,13979,7274,21634,3725,13194,7825,19834,0,994,1175,2746,7828,11459,754,36466,-12009,-994,-97915,-1571,-3631,-12795,-14360,-9469,-35712,1
2022-05-22 04:00:00,54505,148387,1824,14542,9266,23238,4154,13890,8381,19827,0,963,1171,2984,7885,11653,839,34285,-11446,-963,-93882,-1813,-3768,-12718,-13972,-9736,-33446,1
2022-05-22 05:00:00,74364,159019,3253,15080,12609,25036,5086,14868,9888,20853,0,1049,1352,3287,8199,12073,1168,32179,-10965,-1049,-84655,-1935,-3874,-11827,-12427,-9782,-31011,1
2022-05-22 06:00:00,103191,173819,4924,15472,14957,26493,5970,15842,11153,22435,0,1169,1572,3508,8386,12348,1575,30604,-11282,-1169,-70628,-1936,-3962,-10548,-11536,-9872,-29029,1
2022-05-22 07:00:00,134088,184202,6144,15773,15977,26846,6080,16126,13499,23750,0,1346,1703,3627,8401,12477,1867,28759,-10251,-1346,-50114,-1924,-4076,-9629,-10869,-10046,-26892,1
2022-05-22 08:00:00,154524,192340,6690,16034,17392,27405,5923,16473,14485,24227,0,1498,1793,3663,8540,12580,1862,26716,-9742,-1498,-37816,-1870,-4040,-9344,-10013,-10550,-24854,1
2022-05-22 09:00:00,170013,198421,6963,16072,16997,27055,6201,16758,15449,24663,0,1579,1928,3710,8420,12464,1970,25518,-9214,-1579,-28408,-1782,-4044,-9109,-10058,-10557,-23548,1
2022-05-22 10:00:00,184956,196513,7110,15576,16901,26197,6236,16803,18020,25301,0,1600,2005,3699,8526,12511,1961,24480,-7281,-1600,-11557,-1694,-3985,-8466,-9296,-10567,-22519,1
2022-05-22 11:00:00,187751,188086,6910,15048,16485,26004,5922,16258,19981,25308,0,1671,1942,3639,8475,12376,1596,23607,-5327,-1671,-335,-1697,-3901,-8138,-9519,-10336,-22011,2
2022-05-22 12:00:00,181837,183460,6624,15204,15209,26372,5944,16269,21334,24273,0,1622,1787,3621,8509,12411,1546,23953,-2939,-1622,-1623,-1834,-3902,-8580,-11163,-10325,-22407,1
2022-05-22 13:00:00,163514,182474,5789,15634,14089,26629,5141,15859,21170,23425,0,1563,1622,3608,8606,12719,1555,25572,-2255,-1563,-18960,-1986,-4113,-9845,-12540,-10718,-24017,1
2022-05-22 14:00:00,130061,182396,4565,16293,12688,27421,4499,16228,20537,23446,0,1555,1453,3828,9712,13044,1579,29435,-2909,-1555,-52335,-2375,-3332,-11728,-14733,-11729,-27856,1
2022-05-22 15:00:00,93477,186797,3007,16989,10864,28532,3728,16733,18639,23840,0,1587,1128,3836,9698,12968,1639,35476,-5201,-1587,-93320,-2708,-3270,-13982,-17668,-13005,-33837,1
2022-05-22 16:00:00,68789,192052,1482,18010,10413,29541,2583,16958,16994,24094,0,1622,892,3673,9701,13148,1729,39492,-7100,-1622,-123263,-2781,-3447,-16528,-19128,-14375,-37763,1
2022-05-22 17:00:00,58414,192791,824,18801,9912,30453,2193,17284,13882,24932,0,1622,700,3530,9695,12989,1431,43100,-11050,-1622,-134377,-2830,-3294,-17977,-20541,-15091,-41669,1
2022-05-22 18:00:00,60485,190737,654,19624,10866,30780,1899,17479,11711,26065,0,1576,661,3409,9624,12847,1671,45468,-14354,-1576,-130252,-2748,-3223,-18970,-19914,-15580,-43797,1
2022-05-22 19:00:00,66569,190179,657,19117,8840,28792,1582,16733,11479,26108,0,1551,696,3355,9757,12807,2731,45902,-14629,-1551,-123610,-2659,-3050,-18460,-19952,-15151,-43171,1
2022-05-22 20:00:00,72076,186071,653,17855,8060,26289,1444,15734,10725,24355,0,1531,681,3156,9608,12500,4464,44884,-13630,-1531,-113995,-2475,-2892,-17202,-18229,-14290,-40420,1
2022-05-22 21:00:00,72896,174619,651,16538,6955,23977,1239,14844,10227,23032,0,1455,582,3006,9616,12271,5132,42763,-12805,-1455,-101723,-2424,-2655,-15887,-17022,-13605,-37631,1
2022-05-22 22:00:00,78229,165960,654,15489,6637,22690,1171,14526,10154,21647,0,1256,578,2903,9707,12186,5820,41751,-11493,-1256,-87731,-2325,-2479,-14835,-16053,-13355,-35931,1
2022-05-22 23:00:00,85616,162056,642,14828,6573,22164,1158,14392,10193,20962,0,1137,739,2833,9635,12148,5743,40450,-10769,-1137,-76440,-2094,-2513,-14186,-15591,-13234,-34707,1
2022-05-23 00:00:00,90214,160374,645,14488,6601,22014,1037,14401,40900,83570,0,1092,934,2816,9454,12056,5264,39718,-42670,-1092,-70160,-1882,-2602,-13843,-15413,-13364,-34454,1
2022-05-23 01:00:00,92204,162351,624,14523,7041,22451,1011,14404,41354,82784,0,1096,1070,2854,9341,12084,4688,39684,-41430,-1096,-70147,-1784,-2743,-13899,-15410,-13393,-34996,1
2022-05-23 02:00:00,90983,170521,653,14954,7107,24059,1165,15051,41643,83447,0,1071,1315,3014,9393,12403,4109,39844,-41804,-1071,-79538,-1699,-3010,-14301,-16952,-13886,-35735,1
2022-05-23 03:00:00,94640,186802,941,16444,8622,28516,1640,17758,41755,87274,0,1083,1607,3568,9865,13564,3723,40596,-45519,-1083,-92162,-1961,-3699,-15503,-19894,-16118,-36873,1
2022-05-23 04:00:00,107319,217172,1629,18906,12157,34014,3161,19937,42853,96480,0,1162,1817,4064,10064,14602,3198,42569,-53627,-1162,-109853,-2247,-4538,-17277,-21857,-16776,-39371,1
2022-05-23 05:00:00,124474,238632,2996,19406,16183,38670,3955,20996,50586,105583,0,1432,2243,4316,10258,14767,2876,45777,-54997,-1432,-114158,-2073,-4509,-16410,-22487,-17041,-42901,1
2022-05-23 06:00:00,137734,250692,4333,19196,17865,39966,4571,21067,62609,112350,0,1805,2883,4394,10636,14492,2632,47144,-49741,-1805,-112958,-1511,-3856,-14863,-22101,-16496,-44512,3
2022-05-23 07:00:00,151180,252399,5275,18981,18274,39826,5422,20777,70906,116047,0,1960,3359,4609,10868,14561,2381,46486,-45141,-1960,-101219,-1250,-3693,-13706,-21552,-15355,-44105,3
2022-05-23 08:00:00,171432,258262,5797,18879,17989,39980,5952,21168,78739,118311,0,2002,3572,4587,11176,14636,2752,44645,-39572,-2002,-86830,-1015,-3460,-13082,-21991,-15216,-41893,3
2022-05-23 09:00:00,195944,267192,5803,20365,17441,38372,6100,21239,84866,120060,0,2008,4048,4456,11251,14430,2893,43885,-35194,-2008,-71248,-408,-3179,-14562,-20931,-15139,-40992,3
2022-05-23 10:00:00,206338,267182,6097,19734,17133,38814,5944,20876,88824,122374,0,1983,4388,4460,11395,14386,2767,42429,-33550,-1983,-60844,-72,-2991,-13637,-21681,-14932,-39662,3
2022-05-23 11:00:00,207879,262079,6196,18942,17407,39613,5746,20544,90435,123127,0,1979,4588,4382,11459,14437,2894,44964,-32692,-1979,-54200,206,-2978,-12746,-22206,-14798,-42070,3
2022-05-23 12:00:00,206579,259461,5739,19268,17078,40270,5382,20805,89509,121108,0,1856,4761,4271,11249,14004,3172,49565,-31599,-1856,-52882,490,-2755,-13529,-23192,-15423,-46393,3
2022-05-23 13:00:00,189759,255513,4816,19709,16565,40388,4775,20809,89200,119185,0,1858,4241,4267,11169,13828,2938,52488,-29985,-1858,-65754,-26,-2659,-14893,-23823,-16034,-49550,3
2022-05-23 14:00:00,176040,249459,3674,20170,14396,39435,4460,20791,90354,119197,0,1912,4235,4504,11243,14258,4059,54234,-28843,-1912,-73419,-269,-3015,-16496,-25039,-16331,-50175,3
2022-05-23 15:00:00,163264,254237,2612,20412,12864,38547,3726,20910,89758,119261,0,2056,4173,4427,11200,13969,4050,56677,-29503,-2056,-90973,-254,-2769,-17800,-25683,-17184,-52627,3
2022-05-23 16:00:00,156944,255908,1526,20983,12097,38207,3113,21234,83952,117651,0,2128,3892,4211,11237,13879,3990,55627,-33699,-2128,-98964,-319,-2642,-19457,-26110,-18121,-51637,3
2022-05-23 17:00:00,154739,248637,901,21576,11398,37843,3281,21413,72430,116717,0,1968,3505,3987,11397,13736,5432,54551,-44287,-1968,-93898,-482,-2339,-20675,-26445,-18132,-49119,3
2022-05-23 18:00:00,147125,237875,800,22041,11718,37027,3616,21157,60533,117100,0,948,3434,3810,11610,13446,5859,53142,-56567,-948,-90750,-376,-1836,-21241,-25309,-17541,-47283,3
2022-05-23 19:00:00,146766,231850,905,21075,9303,33818,3971,19575,55524,116851,0,909,3580,3755,11666,12782,5082,51793,-61327,-909,-85084,-175,-1116,-20170,-24515,-15604,-46711,3
2022-05-23 20:00:00,144479,218859,923,19960,7501,30969,4431,18098,53941,110624,0,1767,3809,3534,11432,11678,5328,49393,-56683,-1767,-74380,275,-246,-19037,-23468,-13667,-44065,3
2022-05-23 21:00:00,145315,204608,940,18913,6943,28198,4735,17060,48719,102110,0,1607,3717,3338,10741,11395,5768,46517,-53391,-1607,-59293,379,-654,-17973,-21255,-12325,-40749,3
2022-05-23 22:00:00,141349,196481,843,17749,6966,26799,4938,16420,47442,97693,0,1385,3670,3232,10664,11541,8519,43471,-50251,-1385,-55132,438,-877,-16906,-19833,-11482,-34952,3
2022-05-23 23:00:00,149617,191985,946,16769,6981,26278,5014,16042,48300,93109,0,1240,3883,3167,10444,11405,10385,42370,-44809,-1240,-42368,716,-961,-15823,-19297,-11028,-31985,3
2022-05-24 00:00:00,140389,188256,827,16200,7819,25823,5039,15999,46452,90832,0,1196,3878,3183,10430,11323,9824,41473,-44380,-1196,-47867,695,-893,-15373,-18004,-10960,-31649,3
2022-05-24 01:00:00,131962,187281,870,15988,8213,25741,5145,15925,42375,89959,0,1181,3838,3193,10385,11043,10846,41115,-47584,-1181,-55319,645,-658,-15118,-17528,-10780,-30269,3
2022-05-24 02:00:00,120709,191198,912,16348,7928,26656,5101,16196,41461,89797,0,1156,3835,3339,10423,11273,10126,41105,-48336,-1156,-70489,496,-850,-15436,-18728,-11095,-30979,3
2022-05-24 03:00:00,111899,201908,1194,17483,9225,30106,5058,18472,42992,92324,0,1141,3986,3750,11568,12396,8398,41704,-49332,-1141,-90009,236,-828,-16289,-20881,-13414,-33306,3
2022-05-24 04:00:00,111043,228717,1427,19933,12078,35432,5457,20243,42538,100517,0,1208,4633,4261,12211,13925,7666,44244,-57979,-1208,-117674,372,-1714,-18506,-23354,-14786,-36578,3
2022-05-24 05:00:00,124216,247925,2008,20890,15700,39265,6433,20871,44177,108938,0,1474,4257,4489,12498,14296,8725,48175,-64761,-1474,-123709,-232,-1798,-18882,-23565,-14438,-39450,3
2022-05-24 06:00:00,129659,257548,2955,20997,16943,40273,6895,20843,56209,114244,0,1822,4074,4515,12762,14225,10410,48795,-58035,-1822,-127889,-441,-1463,-18042,-23330,-13948,-38385,3
2022-05-24 07:00:00,133826,262109,4075,20450,17784,40330,7050,20719,68265,116954,0,1954,3488,4625,12716,14253,11792,47482,-48689,-1954,-128283,-1137,-1537,-16375,-22546,-13669,-35690,3
2022-05-24 08:00:00,150847,265943,5320,19690,17823,40090,7025,21253,78428,118276,0,1947,2946,4588,12744,14244,12116,46004,-39848,-1947,-115096,-1642,-1500,-14370,-22267,-14228,-33888,4
2022-05-24 09:00:00,166409,268295,6032,19121,17779,38513,6525,21348,83704,120112,0,1941,3059,4514,12639,14200,11654,44240,-36408,-1941,-101886,-1455,-1561,-13089,-20734,-14823,-32586,3
2022-05-24 10:00:00,187192,265736,6527,18860,18061,38951,6491,21720,86080,122200,0,1949,3013,4598,12762,14370,10478,41253,-36120,-1949,-78544,-1585,-1608,-12333,-20890,-15229,-30775,3
2022-05-24 11:00:00,199568,261536,6618,18514,18438,39919,5698,21398,87108,121212,0,1926,2857,4438,12659,14316,10260,39605,-34104,-1926,-61968,-1581,-1657,-11896,-21481,-15700,-29345,3
2022-05-24 12:00:00,207628,256649,6255,18728,18158,40690,4770,21500,87776,118840,0,1805,2734,4343,12569,14367,10352,38732,-31064,-1805,-49021,-1609,-1798,-12473,-22532,-16730,-28380,3
2022-05-24 13:00:00,198332,251002,5590,19199,16706,40661,3792,21268,89836,116592,0,1801,2576,4256,12374,14362,9630,39789,-26756,-1801,-52670,-1680,-1988,-13609,-23955,-17476,-30159,3
2022-05-24 14:00:00,175178,245470,4348,19694,14777,40045,3621,21388,91180,115948,0,1852,2685,4465,12223,14556,8878,42043,-24768,-1852,-70292,-1780,-2333,-15346,-25268,-17767,-33165,3
2022-05-24 15:00:00,155493,245503,2677,20216,12330,38827,3179,21229,91964,114432,0,2022,2566,4365,12022,13987,8657,46026,-22468,-2022,-90010,-1799,-1965,-17539,-26497,-18050,-37369,3
2022-05-24 16:00:00,125637,245456,1590,20914,11604,38303,2960,21519,92548,113148,0,2084,2294,4179,11415,13895,7321,46763,-20600,-2084,-119819,-1885,-2480,-19324,-26699,-18559,-39442,3
2022-05-24 17:00:00,111398,239798,961,21427,11148,38113,2623,21739,81476,113072,0,1952,2266,3900,11040,13866,5564,47969,-31596,-1952,-128400,-1634,-2826,-20466,-26965,-19116,-42405,3
2022-05-24 18:00:00,92714,226761,791,21823,10702,37029,2224,21156,71608,114152,0,1899,2530,3705,10976,13699,4418,49795,-42544,-1899,-134047,-1175,-2723,-21032,-26327,-18932,-45377,3
2022-05-24 19:00:00,77119,219300,763,20857,9309,33782,1663,19725,60836,114316,0,1845,2712,3586,10764,13054,4263,50727,-53480,-1845,-142181,-874,-2290,-20094,-24473,-18062,-46464,3
2022-05-24 20:00:00,69611,205914,744,19825,8433,30911,1694,18268,57188,108064,0,1784,2993,3341,10302,11735,4041,49153,-50876,-1784,-136303,-348,-1433,-19081,-22478,-16574,-45112,3
2022-05-24 21:00:00,66608,190807,791,18714,8087,28567,1726,17163,55396,99396,0,1603,3180,3154,9909,11191,4019,46120,-44000,-1603,-124199,26,-1282,-17923,-20480,-15437,-42101,3
2022-05-24 22:00:00,62949,179988,845,17569,8150,27150,1617,16642,56448,95620,0,1345,3303,3037,10001,11338,4078,43521,-39172,-1345,-117039,266,-1337,-16724,-19000,-15025,-39443,3
2022-05-24 23:00:00,61532,172652,683,16623,8932,26202,1281,16344,54384,91480,0,1191,3385,2989,9951,11027,4492,41954,-37096,-1191,-111120,396,-1076,-15940,-17270,-15063,-37462,3
2022-05-25 00:00:00,62549,168900,661,16017,9948,26086,1082,16333,52512,88808,0,1120,3076,2902,9939,10519,4225,41018,-36296,-1120,-106351,174,-580,-15356,-16138,-15251,-36793,3
2022-05-25 01:00:00,63822,170890,644,15964,10014,26259,1119,16234,51800,87200,0,1087,2626,2942,10067,10928,4365,40566,-35400,-1087,-107068,-316,-861,-15320,-16245,-15115,-36201,3
2022-05-25 02:00:00,62969,176746,671,16286,7464,27141,1156,16641,51716,86988,0,1061,2478,3108,10299,11467,4531,40425,-35272,-1061,-113777,-630,-1168,-15615,-19677,-15485,-35894,3
2022-05-25 03:00:00,60765,191038,868,17331,7767,30325,1244,18880,52316,90044,0,1065,2362,3653,10572,12949,4034,41034,-37728,-1065,-130273,-1291,-2377,-16463,-22558,-17636,-37000,1
2022-05-25 04:00:00,76671,220420,1471,19599,10562,35474,1814,20905,50668,98740,0,1124,2492,4151,10934,14220,4316,42793,-48072,-1124,-143749,-1659,-3286,-18128,-24912,-19091,-38477,1
2022-05-25 05:00:00,94392,237676,2649,19977,14311,39594,2265,21734,52416,107412,0,1425,3008,4370,11174,15027,5490,44204,-54996,-1425,-143284,-1362,-3853,-17328,-25283,-19469,-38714,3
2022-05-25 06:00:00,115282,247840,4101,19475,15566,40635,2595,21946,60680,111460,0,1784,3277,4414,11398,14505,7752,44080,-50780,-1784,-132558,-1137,-3107,-15374,-25069,-19351,-36328,3
2022-05-25 07:00:00,141149,249324,5407,19075,16147,40589,2967,21927,77868,113112,0,1941,3425,4487,11489,14362,10236,41600,-35244,-1941,-108175,-1062,-2873,-13668,-24442,-18960,-31364,3
2022-05-25 08:00:00,168359,254580,6473,18770,16221,40301,2915,22362,90820,114280,0,1954,3571,4510,11749,14638,11703,38755,-23460,-1954,-86221,-939,-2889,-12297,-24080,-19447,-27052,3
2022-05-25 09:00:00,190622,257001,6867,18954,16984,39446,2907,22511,98848,115792,0,1910,4142,4486,11903,14139,14480,37532,-16944,-1910,-66379,-344,-2236,-12087,-22462,-19604,-23052,3
2022-05-25 10:00:00,211825,259605,6716,19344,16781,39218,2919,22387,99480,117272,0,1933,4387,4569,11915,13739,15904,37488,-17792,-1933,-47780,-182,-1824,-12628,-22437,-19468,-21584,3
2022-05-25 11:00:00,223301,255678,6284,19431,16159,39657,2815,21949,101460,116824,0,1886,4366,4521,12307,13817,16737,38096,-15364,-1886,-32377,-155,-1510,-13147,-23498,-19134,-21359,3
2022-05-25 12:00:00,225429,250853,5877,19799,15381,39982,2882,21995,102988,114028,0,1809,4571,4461,12158,14135,17051,40625,-11040,-1809,-25424,110,-1977,-13922,-24601,-19113,-23574,3
2022-05-25 13:00:00,222791,247885,5160,20515,15168,40445,2865,21810,103076,110584,0,1760,4452,4374,12087,14239,17039,42449,-7508,-1760,-25094,78,-2152,-15355,-25277,-18945,-25410,3
2022-05-25 14:00:00,202232,242619,3967,21100,13385,39748,2751,21508,103200,109528,0,1771,4244,4433,12208,14569,17674,46864,-6328,-1771,-40387,-189,-2361,-17133,-26363,-18757,-29190,3
2022-05-25 15:00:00,163885,239649,2404,21497,11342,38413,2564,21391,100176,109344,0,1928,3901,4337,11701,14073,17692,51719,-9168,-1928,-75764,-436,-2372,-19093,-27071,-18827,-34027,3
2022-05-25 16:00:00,144241,237799,1381,21953,11313,38720,2307,21637,96720,108968,0,1943,3581,4117,11436,13956,17362,51812,-12248,-1943,-93558,-536,-2520,-20572,-27407,-19330,-34450,3
2022-05-25 17:00:00,129799,233981,969,22135,10484,38205,2336,21690,86504,110100,0,1832,3387,3934,11190,13811,16968,51260,-23596,-1832,-104182,-547,-2621,-21166,-27721,-19354,-34292,3
2022-05-25 18:00:00,122445,224786,902,22019,9476,37135,2240,21325,70996,112956,0,1750,3402,3715,11058,13356,16698,50385,-41960,-1750,-102341,-313,-2298,-21117,-27659,-19085,-33687,3
2022-05-25 19:00:00,119536,216618,958,20926,7258,33914,1933,19883,57260,115296,0,1732,3646,3579,11075,13096,16516,49219,-58036,-1732,-97082,67,-2021,-19968,-26656,-17950,-32703,3
2022-05-25 20:00:00,121831,203605,966,19793,6885,31064,2086,18405,55976,109136,0,1692,3788,3405,10850,12608,15925,47600,-53160,-1692,-81774,383,-1758,-18827,-24179,-16319,-31675,3
2022-05-25 21:00:00,127417,190373,976,18928,6688,28583,2516,17157,53684,100732,0,1567,4167,3209,10306,11957,15237,45838,-47048,-1567,-62956,958,-1651,-17952,-21895,-14641,-30601,3
2022-05-25 22:00:00,137486,181798,959,17798,6381,27078,2818,16411,53464,95888,0,1363,4233,3126,9781,11618,14253,43051,-42424,-1363,-44312,1107,-1837,-16839,-20697,-13593,-28798,3
2022-05-25 23:00:00,137341,175599,877,16840,6040,26353,2929,16003,55820,91480,0,1210,3822,3125,9407,11420,12215,40771,-35660,-1210,-38258,697,-2013,-15963,-20313,-13074,-28556,3
2022-05-26 00:00:00,138068,172999,841,16291,6879,25930,3401,16029,55080,88284,0,1154,3405,3056,9365,11449,10867,39732,-33204,-1154,-34931,349,-2084,-15450,-19051,-12628,-28865,3
2022-05-26 01:00:00,137568,168654,752,16185,5967,26169,3944,15788,55452,86836,0,1150,3363,3016,9295,11058,10362,39446,-31384,-1150,-31086,347,-1763,-15433,-20202,-11844,-29084,3
2022-05-26 02:00:00,135185,167935,638,16444,5889,26827,4339,16117,54748,86680,0,1135,3410,3046,9565,11094,9226,39128,-31932,-1135,-32750,364,-1529,-15806,-20938,-11778,-29902,3
2022-05-26 03:00:00,131534,164161,878,17472,7050,30228,4441,18477,54768,89856,0,1128,3825,3197,10002,11826,7590,38388,-35088,-1128,-32627,628,-1824,-16594,-23178,-14036,-30798,3
2022-05-26 04:00:00,138607,167090,1691,19595,9744,35333,5682,20525,56716,97756,0,1202,4225,3434,10561,12567,6516,37384,-41040,-1202,-28483,791,-2006,-17904,-25589,-14843,-30868,3
2022-05-26 05:00:00,159251,180729,3121,19889,13682,39361,6919,21140,58736,106296,0,1484,4710,3645,10457,12848,6430,36309,-47560,-1484,-21478,1065,-2391,-16768,-25679,-14221,-29879,3
2022-05-26 06:00:00,187784,195545,4601,19470,15477,40698,8324,20995,70384,111676,0,1832,5623,3813,9194,12693,6524,35715,-41292,-1832,-7761,1810,-3499,-14869,-25221,-12671,-29191,3
2022-05-26 07:00:00,212013,204524,5983,19044,15720,40923,9744,20850,89228,113580,0,1958,5903,3988,8263,12858,6567,34508,-24352,-1958,7489,1915,-4595,-13061,-25203,-11106,-27941,2
2022-05-26 08:00:00,217968,209233,6724,18848,15934,41303,10172,21154,96804,114980,0,1957,5460,4021,8371,13383,7083,32824,-18176,-1957,8735,1439,-5012,-12124,-25369,-10982,-25741,2
2022-05-26 09:00:00,231984,213740,7195,18782,15635,39473,10278,21572,105020,116284,0,1899,5479,3960,8496,13180,8122,31945,-11264,-1899,18244,1519,-4684,-11587,-23838,-11294,-23823,2
2022-05-26 10:00:00,237949,209400,7118,18993,15047,39291,10309,21390,107588,118452,0,1844,5389,3934,8518,13136,6669,31360,-10864,-1844,28549,1455,-4618,-11875,-24244,-11081,-24691,2
2022-05-26 11:00:00,222396,201734,6824,19022,15518,40764,10013,20912,108196,117772,0,1778,5021,3947,8586,13229,6954,30808,-9576,-1778,20662,1074,-4643,-12198,-25246,-10899,-23854,2
2022-05-26 12:00:00,217405,195515,6237,19559,15356,40907,9192,20760,107428,115804,0,1672,5150,3799,8634,12995,7553,30645,-8376,-1672,21890,1351,-4361,-13322,-25551,-11568,-23092,2
2022-05-26 13:00:00,209761,192875,5524,19942,14658,40844,8845,21163,109884,113456,0,1644,5407,3782,8738,12984,10079,33180,-3572,-1644,16886,1625,-4246,-14418,-26186,-12318,-23101,2
2022-05-26 14:00:00,200144,193485,4223,20320,13574,40158,7775,20876,111084,113028,0,1627,5819,3957,10076,13221,14381,36691,-1944,-1627,6659,1862,-3145,-16097,-26584,-13101,-22310,2
2022-05-26 15:00:00,183103,195700,2817,20604,12356,39484,6942,21007,109784,113200,0,1791,5137,3989,11531,13203,15437,41914,-3416,-1791,-12597,1148,-1672,-17787,-27128,-14065,-26477,3
2022-05-26 16:00:00,162847,198016,1553,21263,12371,39527,5853,21177,105916,112508,0,1900,4576,3681,11637,13150,16501,44867,-6592,-1900,-35169,895,-1513,-19710,-27156,-15324,-28366,3
2022-05-26 17:00:00,145319,196633,902,21674,11577,38885,5348,21453,97980,113096,0,1797,3628,3529,11423,12823,16668,46571,-15116,-1797,-51314,99,-1400,-20772,-27308,-16105,-29903,3
2022-05-26 18:00:00,137671,190984,774,22043,10369,37756,4946,21118,78040,113968,0,1716,2994,3346,11022,12728,16603,46510,-35928,-1716,-53313,-352,-1706,-21269,-27387,-16172,-29907,3
2022-05-26 19:00:00,137883,187563,829,21315,8262,34407,4227,19714,66072,115100,0,1705,2779,3282,10851,12649,16663,46416,-49028,-1705,-49680,-503,-1798,-20486,-26145,-15487,-29753,3
2022-05-26 20:00:00,139894,181314,782,20228,7296,31609,4063,18227,65056,109144,0,1663,2521,3157,10469,12192,16714,45541,-44088,-1663,-41420,-636,-1723,-19446,-24313,-14164,-28827,3
2022-05-26 21:00:00,145574,174977,739,19344,6480,28835,3661,17035,61776,101184,0,1558,2912,2990,9989,11899,16252,43619,-39408,-1558,-29403,-78,-1910,-18605,-22355,-13374,-27367,3
2022-05-26 22:00:00,145027,169291,702,18122,6135,27262,3508,16375,56048,97732,0,1322,3096,2922,9804,11509,15107,41412,-41684,-1322,-24264,174,-1705,-17420,-21127,-12867,-26305,3
2022-05-26 23:00:00,145610,163956,695,17064,6030,26436,3362,15995,53928,92360,0,1209,3139,2897,9457,11209,13657,40091,-38432,-1209,-18346,242,-1752,-16369,-20406,-12633,-26434,3
2022-05-27 00:00:00,144407,161596,710,16465,6582,26214,3530,16100,53692,89396,0,1117,3277,2840,9493,11468,12891,39193,-35704,-1117,-17189,437,-1975,-15755,-19632,-12570,-26302,3
2022-05-27 01:00:00,146926,163897,662,16419,6339,26305,3762,16064,53912,88192,0,1114,3751,2832,9344,11278,11791,38647,-34280,-1114,-16971,919,-1934,-15757,-19966,-12302,-26856,3
2022-05-27 02:00:00,142040,167875,669,16639,6431,27185,4052,16389,52152,87808,0,1062,3313,2898,9528,11447,10800,38548,-35656,-1062,-25835,415,-1919,-15970,-20754,-12337,-27748,3
2022-05-27 03:00:00,136738,176152,935,17612,7580,30396,4400,18603,51252,90280,0,1068,3386,3153,10336,12486,9599,39001,-39028,-1068,-39414,233,-2150,-16677,-22816,-14203,-29402,3
2022-05-27 04:00:00,154975,196451,1698,19652,10499,35517,5431,20775,48680,98364,0,1145,4165,3524,11377,13627,9741,39951,-49684,-1145,-41476,641,-2250,-17954,-25018,-15344,-30210,3
2022-05-27 05:00:00,174202,213540,3187,19969,14219,39600,6513,21654,52792,106648,0,1393,5154,3936,11616,14056,10160,40390,-53856,-1393,-39338,1218,-2440,-16782,-25381,-15141,-30230,3
2022-05-27 06:00:00,189070,227058,4552,19575,15897,41212,7591,21832,69364,111408,0,1740,5467,4121,11572,14267,11051,40486,-42044,-1740,-37988,1346,-2695,-15023,-25315,-14241,-29435,3
2022-05-27 07:00:00,207120,231607,5848,19245,15501,41160,8570,21646,88980,114524,0,1851,5152,4288,10154,14153,12400,38713,-25544,-1851,-24487,864,-3999,-13397,-25659,-13076,-26313,3
2022-05-27 08:00:00,233653,237255,6740,18916,16482,41636,9019,21876,95524,116564,0,1882,4819,4391,10110,13793,12182,35360,-21040,-1882,-3602,428,-3683,-12176,-25154,-12857,-23178,3
2022-05-27 09:00:00,246297,243091,7241,18993,16008,40332,9501,22237,96812,118440,0,1859,5507,4138,9927,13334,9401,33047,-21628,-1859,3206,1369,-3407,-11752,-24324,-12736,-23646,2
2022-05-27 10:00:00,257929,242434,7246,19097,15637,39771,9371,21890,97136,120556,0,1864,4456,4107,9805,13555,8345,31414,-23420,-1864,15495,349,-3750,-11851,-24134,-12519,-23069,2
2022-05-27 11:00:00,257411,234855,7086,18944,15083,40752,9201,21439,96868,120504,0,1846,4413,4071,9812,13466,8607,31528,-23636,-1846,22556,342,-3654,-11858,-25669,-12238,-22921,2
2022-05-27 12:00:00,246430,230369,6474,19327,14894,41420,8675,21364,96308,118792,0,1726,4589,3978,10060,13396,8629,31860,-22484,-1726,16061,611,-3336,-12853,-26526,-12689,-23231,2
2022-05-27 13:00:00,242881,226169,5630,19920,13629,41437,8164,21183,96424,116056,0,1681,5076,3892,10393,13140,8920,32581,-19632,-1681,16712,1184,-2747,-14290,-27808,-13019,-23661,2
2022-05-27 14:00:00,235202,226213,4431,20361,12129,40431,7814,20907,97336,115180,0,1675,5628,4154,10649,13323,9983,35924,-17844,-1675,8989,1474,-2674,-15930,-28302,-13093,-25941,2
2022-05-27 15:00:00,220641,226093,3108,20490,11376,39763,7190,20811,97208,114656,0,1775,5421,4081,11469,14058,9618,40711,-17448,-1775,-5452,1340,-2589,-17382,-28387,-13621,-31093,3
2022-05-27 16:00:00,209011,223146,1843,20943,11825,39330,6542,21160,94948,114260,0,1841,4886,3925,11783,13808,8962,42896,-19312,-1841,-14135,961,-2025,-19100,-27505,-14618,-33934,3
2022-05-27 17:00:00,191679,218516,1312,21209,10904,38367,6139,21239,84540,113836,0,1765,4338,3787,11541,13323,8525,45097,-29296,-1765,-26837,551,-1782,-19897,-27463,-15100,-36572,3
2022-05-27 18:00:00,177998,211397,1186,21498,9931,37100,5919,20832,69976,112596,0,1712,3957,3615,11348,12863,7662,46662,-42620,-1712,-33399,342,-1515,-20312,-27169,-14913,-39000,3
2022-05-27 19:00:00,173344,205260,1620,20898,7461,34147,5819,19438,63896,112868,0,1680,3657,3578,11119,12710,7450,47163,-48972,-1680,-31916,79,-1591,-19278,-26686,-13619,-39713,3
2022-05-27 20:00:00,163443,193048,1607,19897,7107,31738,5474,18291,66056,107556,0,1640,3781,3354,11087,12164,7152,46390,-41500,-1640,-29605,427,-1077,-18290,-24631,-12817,-39238,3
2022-05-27 21:00:00,156747,181311,1184,18904,7408,29477,5283,17008,63408,99596,0,1571,3990,3189,10615,11832,7627,44346,-36188,-1571,-24564,801,-1217,-17720,-22069,-11725,-36719,3
2022-05-27 22:00:00,148442,172330,1026,17714,6545,27859,5220,16261,58236,96176,0,1386,3996,3028,10416,11528,8091,41562,-37940,-1386,-23888,968,-1112,-16688,-21314,-11041,-33471,3
2022-05-27 23:00:00,147522,166231,1037,16515,6022,26826,5096,15703,53364,91408,0,1237,3663,2946,10317,11470,10144,40150,-38044,-1237,-18709,717,-1153,-15478,-20804,-10607,-30006,3
2022-05-28 00:00:00,143949,164093,916,15919,5804,26178,5202,15582,50436,87384,0,1166,3615,2942,10075,11340,11327,39766,-36948,-1166,-20144,673,-1265,-15003,-20374,-10380,-28439,3
2022-05-28 01:00:00,142216,163364,1025,15589,5816,26035,5112,15149,48860,85320,0,1153,3512,2860,9856,11282,11962,39401,-36460,-1153,-21148,652,-1426,-14564,-20219,-10037,-27439,3
2022-05-28 02:00:00,142066,163090,821,15415,5935,25970,5239,14931,45336,84748,0,1110,3677,2871,9538,11205,11730,38876,-39412,-1110,-21024,806,-1667,-14594,-20035,-9692,-27146,3
2022-05-28 03:00:00,145810,165855,936,15323,6723,27005,5734,15660,41888,84496,0,1094,3550,2970,9226,11691,10528,37481,-42608,-1094,-20045,580,-2465,-14387,-20282,-9926,-26953,3
2022-05-28 04:00:00,161099,175718,1181,16209,8915,29932,6850,16908,37072,84440,0,1100,4127,3155,9102,12275,10029,36978,-47368,-1100,-14619,972,-3173,-15028,-21017,-10058,-26949,3
2022-05-28 05:00:00,175684,187274,1685,17187,12414,33025,7460,17778,38340,87452,0,1230,4716,3285,8878,12740,10582,36005,-49112,-1230,-11590,1431,-3862,-15502,-20611,-10318,-25423,3
2022-05-28 06:00:00,196993,201809,2328,17907,15112,34844,8118,18367,50960,93980,0,1428,4741,3394,8950,13219,10080,35498,-43020,-1428,-4816,1347,-4269,-15579,-19732,-10249,-25418,3
2022-05-28 07:00:00,218240,212915,2827,18382,16317,34885,8586,18360,72208,101672,0,1638,3907,3377,9079,13496,7131,34791,-29464,-1638,5325,530,-4417,-15555,-18568,-9774,-27660,2
2022-05-28 08:00:00,234054,218459,3311,18418,16822,34229,9227,18780,80684,106136,0,1720,3815,3353,9120,13552,7123,32676,-25452,-1720,15595,462,-4432,-15107,-17407,-9553,-25553,2
2022-05-28 09:00:00,241417,221206,3584,18476,17127,33128,9623,18812,83496,107616,0,1731,3682,3250,9176,13455,7143,30658,-24120,-1731,20211,432,-4279,-14892,-16001,-9189,-23515,2
2022-05-28 10:00:00,236842,217803,3689,18096,17007,31436,9367,18176,84752,108984,0,1721,3459,3177,9230,13289,7250,29826,-24232,-1721,19039,282,-4059,-14407,-14429,-8809,-22576,2
2022-05-28 11:00:00,230320,211020,3694,17506,17058,31247,8977,17606,84776,109988,0,1725,3211,3156,9095,12791,7418,28951,-25212,-1725,19300,55,-3696,-13812,-14189,-8629,-21533,2
2022-05-28 12:00:00,228355,205316,3542,17407,16026,31541,8561,17734,84984,107260,0,1605,2975,3155,9179,12886,7356,28711,-22276,-1605,23039,-180,-3707,-13865,-15515,-9173,-21355,2
2022-05-28 13:00:00,220281,203990,3232,17336,13361,31661,7617,17532,82700,103148,0,1535,2550,3238,9120,13238,7874,30045,-20448,-1535,16291,-688,-4118,-14104,-18300,-9915,-22171,2
2022-05-28 14:00:00,215861,205000,2970,17301,11806,31862,6450,17693,82288,101656,0,1486,2973,3513,9708,13205,7846,33111,-19368,-1486,10861,-540,-3497,-14331,-20056,-11243,-25265,2
2022-05-28 15:00:00,204238,210609,2155,17360,11924,32590,5121,17637,79896,101812,0,1552,2862,3586,10553,13192,8994,37693,-21916,-1552,-6371,-724,-2639,-15205,-20666,-12516,-28699,3
2022-05-28 16:00:00,174380,208198,1367,17867,11804,32939,4811,18174,75216,102572,0,1645,2409,3517,10573,13126,10254,40404,-27356,-1645,-33818,-1108,-2553,-16500,-21135,-13363,-30150,3
2022-05-28 17:00:00,143915,204026,949,18293,11381,32588,4689,18518,65760,104048,0,1611,2164,3373,10622,13199,9535,42804,-38288,-1611,-60111,-1209,-2577,-17344,-21207,-13829,-33269,3
2022-05-28 18:00:00,130022,194956,804,18781,10286,31639,4392,18325,52204,104940,0,1552,2101,3227,10695,12952,8698,44437,-52736,-1552,-64934,-1126,-2257,-17977,-21353,-13933,-35739,3
2022-05-28 19:00:00,121802,189211,794,18491,8352,29375,4019,17427,49924,106076,0,1491,1836,3237,10581,12947,8196,45030,-56152,-1491,-67409,-1401,-2366,-17697,-21023,-13408,-36834,3
2022-05-28 20:00:00,111645,181126,752,17473,8610,27419,3867,16211,48984,102276,0,1473,1700,3110,10293,12417,8067,44617,-53292,-1473,-69481,-1410,-2124,-16721,-18809,-12344,-36550,3
2022-05-28 21:00:00,103579,171859,670,16406,9161,25434,3714,15089,49320,95464,0,1423,1733,2955,10052,12101,7942,42657,-46144,-1423,-68280,-1222,-2049,-15736,-16273,-11375,-34715,3
2022-05-28 22:00:00,98462,162253,630,15416,8919,23847,3405,14322,46528,90872,0,1289,1708,2774,9700,11977,8020,40590,-44344,-1289,-63791,-1066,-2277,-14786,-14928,-10917,-32570,3
2022-05-28 23:00:00,93054,155196,614,14685,8693,22850,3183,13923,43576,85408,0,1167,1546,2689,9496,11842,7208,38737,-41832,-1167,-62142,-1143,-2346,-14071,-14157,-10740,-31529,3
2022-05-29 00:00:00,91078,152425,611,14244,8473,22509,3108,13822,46272,81660,0,1101,1442,2637,9346,11559,7857,37766,-35388,-1101,-61347,-1195,-2213,-13633,-14036,-10714,-29909,1
2022-05-29 01:00:00,88755,149745,610,14010,8309,22298,3000,13342,47560,79652,0,1075,1362,2602,9489,11249,7693,37342,-32092,-1075,-60990,-1240,-1760,-13400,-13989,-10342,-29649,1
2022-05-29 02:00:00,84718,149809,628,13742,8070,21877,2831,13032,47396,78424,0,1027,1333,2579,9342,11347,7847,37383,-31028,-1027,-65091,-1246,-2005,-13114,-13807,-10201,-29536,1
2022-05-29 03:00:00,84545,147614,808,13710,8391,22012,2761,13439,47360,78436,0,997,1336,2660,9363,11674,7618,36670,-31076,-997,-63069,-1324,-2311,-12902,-13621,-10678,-29052,1
2022-05-29 04:00:00,91267,151504,1221,14359,9754,23912,3202,14233,44864,77580,0,1003,1376,2784,9567,12040,7308,35553,-32716,-1003,-60237,-1408,-2473,-13138,-14158,-11031,-28245,1
2022-05-29 05:00:00,99669,160586,1720,15314,12120,26269,4120,15147,46056,78144,0,1064,1512,2954,9442,12132,6754,35032,-32088,-1064,-60917,-1442,-2690,-13594,-14149,-11027,-28278,1
2022-05-29 06:00:00,116627,170661,2248,16189,13929,27903,4756,15763,53152,82768,0,1174,1670,3003,9552,12611,8043,35239,-29616,-1174,-54034,-1333,-3059,-13941,-13974,-11007,-27196,1
2022-05-29 07:00:00,133431,181051,3048,16876,14679,28493,4965,15984,64848,88000,0,1333,1839,2926,9683,12723,8151,35389,-23152,-1333,-47620,-1087,-3040,-13828,-13814,-11019,-27238,3
2022-05-29 08:00:00,145167,190842,3376,17363,15184,28461,4795,16312,75196,92348,0,1450,1991,2857,9939,12775,8539,35282,-17152,-1450,-45675,-866,-2836,-13987,-13277,-11517,-26743,3
2022-05-29 09:00:00,151708,199784,3430,17471,15154,27990,4455,16122,80684,95080,0,1540,2128,2841,9929,12673,8950,35370,-14396,-1540,-48076,-713,-2744,-14041,-12836,-11667,-26420,3
2022-05-29 10:00:00,155010,195907,3163,17141,15037,26877,3961,15880,80540,96944,0,1586,2454,2914,9957,12528,8284,35593,-16404,-1586,-40897,-460,-2571,-13978,-11840,-11919,-27309,3
2022-05-29 11:00:00,161145,190912,2861,16863,15079,25773,4093,16068,81044,99692,0,1596,2844,2982,9815,12221,7011,35192,-18648,-1596,-29767,-138,-2406,-14002,-10694,-11975,-28181,3
2022-05-29 12:00:00,161937,188248,2541,17122,14952,25263,3823,16136,82916,98404,0,1480,3108,3025,9711,12104,6614,34531,-15488,-1480,-26311,83,-2393,-14581,-10311,-12313,-27917,3
2022-05-29 13:00:00,155469,185631,2165,17276,13666,25987,2982,15956,84352,94652,0,1389,3148,3163,9707,12409,6311,35137,-10300,-1389,-30162,-15,-2702,-15111,-12321,-12974,-28826,3
2022-05-29 14:00:00,141899,187142,1699,17687,12429,26979,2320,16177,86696,92856,0,1364,3248,3590,10041,12693,6636,37564,-6160,-1364,-45243,-342,-2652,-15988,-14550,-13857,-30928,3
2022-05-29 15:00:00,121638,192042,1286,17967,10163,27538,1627,16651,86168,92880,0,1473,2613,3744,10079,12905,6473,41598,-6712,-1473,-70404,-1131,-2826,-16681,-17375,-15024,-35125,3
2022-05-29 16:00:00,102309,198055,1032,18335,10064,28482,1157,16954,85196,94432,0,1573,2191,3587,10125,13051,5917,43389,-9236,-1573,-95746,-1396,-2926,-17303,-18418,-15797,-37472,3
2022-05-29 17:00:00,81926,195253,770,18695,9602,28928,1176,17416,68336,96348,0,1559,1910,3479,10214,13143,5760,44456,-28012,-1559,-113327,-1569,-2929,-17925,-19326,-16240,-38696,1
2022-05-29 18:00:00,68652,190508,684,18911,9407,29224,1054,17563,50972,99356,0,1550,1658,3370,10444,13031,4694,45061,-48384,-1550,-121856,-1712,-2587,-18227,-19817,-16509,-40367,1
2022-05-29 19:00:00,64145,188913,695,18325,9411,27586,846,16942,43440,103704,0,1547,1543,3293,10335,12498,3743,45433,-60264,-1547,-124768,-1750,-2163,-17630,-18175,-16096,-41690,1
2022-05-29 20:00:00,56436,182758,661,17237,8277,25430,900,15908,45132,102484,0,1516,1414,3089,10330,11784,3456,44769,-57352,-1516,-126322,-1675,-1454,-16576,-17153,-15008,-41313,4
2022-05-29 21:00:00,51086,172316,657,16143,7336,22992,919,15001,43408,95108,0,1430,1291,2962,9828,11491,2453,42579,-51700,-1430,-121230,-1671,-1663,-15486,-15656,-14082,-40126,1
2022-05-29 22:00:00,48036,165946,638,15166,7075,21672,854,14600,40912,89392,0,1256,1161,2883,9782,11553,1972,41045,-48480,-1256,-117910,-1722,-1771,-14528,-14597,-13746,-39073,1
2022-05-29 23:00:00,48322,161149,631,14515,7164,21452,874,14337,36768,85608,0,1134,955,2829,9608,11311,1111,39947,-48840,-1134,-112827,-1874,-1703,-13884,-14288,-13463,-38836,1
2022-05-30 00:00:00,48513,159686,626,14079,8435,21258,953,14407,35300,83572,0,1085,815,2798,9544,11698,816,39380,-48272,-1085,-111173,-1983,-2154,-13453,-12823,-13454,-38564,1
2022-05-30 01:00:00,46351,162323,639,14059,6809,21788,924,14500,31836,82188,0,1082,748,2831,9555,11765,958,39220,-50352,-1082,-115972,-2083,-2210,-13420,-14979,-13576,-38262,1
2022-05-30 02:00:00,43365,169701,682,14576,6506,22981,923,15202,30384,82832,0,1060,776,2987,9394,12160,909,39584,-52448,-1060,-126336,-2211,-2766,-13894,-16475,-14279,-38675,1
2022-05-30 03:00:00,41771,187250,898,15963,7245,27292,1192,18259,29164,86884,0,535,769,3493,9381,13371,908,40370,-57720,-535,-145479,-2724,-3990,-15065,-20047,-17067,-39462,1
2022-05-30 04:00:00,55244,217630,1525,18512,10221,32719,1845,20544,31100,95780,0,593,813,3948,9381,14585,885,42501,-64680,-593,-162386,-3135,-5204,-16987,-22498,-18699,-41616,1
2022-05-30 05:00:00,78224,237161,2531,19142,13161,36958,2421,21773,37108,105564,0,1397,917,4226,9481,14926,740,44426,-68456,-1397,-158937,-3309,-5445,-16611,-23797,-19352,-43686,1
2022-05-30 06:00:00,100478,248337,3587,18986,15688,38233,3178,22086,46760,111564,0,1768,1071,4397,9618,14961,989,44283,-64804,-1768,-147859,-3326,-5343,-15399,-22545,-18908,-43294,1
2022-05-30 07:00:00,116065,252849,4265,18832,15897,37681,3248,21638,54380,114096,0,1963,1126,4502,9617,14744,1081,44326,-59716,-1963,-136784,-3376,-5127,-14567,-21784,-18390,-43245,1
2022-05-30 08:00:00,126897,258398,4388,18923,16657,37686,3933,22012,57980,116080,0,2053,1210,4557,9717,14698,1075,43712,-58100,-2053,-131501,-3347,-4981,-14535,-21029,-18079,-42637,1
2022-05-30 09:00:00,133100,261013,4080,19541,16658,36444,4150,21700,61144,117628,0,1025,1372,4445,9741,14604,1297,43091,-56484,-1025,-127913,-3073,-4863,-15461,-19786,-17550,-41794,1
2022-05-30 10:00:00,132251,260119,3939,19844,17300,36498,4265,21205,60804,119160,0,0,1480,4417,9837,14540,1184,41692,-58356,0,-127868,-2937,-4703,-15905,-19198,-16940,-40508,1
2022-05-30 11:00:00,136785,256029,3688,19810,17192,37298,4848,21349,62812,119600,0,1004,1476,4378,9873,14417,1200,40687,-56788,-1004,-119244,-2902,-4544,-16122,-20106,-16501,-39487,1
2022-05-30 12:00:00,134321,251147,3360,20088,16664,38242,4242,20948,65884,118308,0,1920,1408,4285,9894,14443,1087,40230,-52424,-1920,-116826,-2877,-4549,-16728,-21578,-16706,-39143,1
2022-05-30 13:00:00,124921,245967,2949,20213,14763,38243,4078,20828,68316,115840,0,1881,1351,4287,9919,14253,1130,40933,-47524,-1881,-121046,-2936,-4334,-17264,-23480,-16750,-39803,1
2022-05-30 14:00:00,111517,240382,2567,20081,12734,37360,3718,20977,69812,115428,0,1932,1248,4511,9957,14268,927,43322,-45616,-1932,-128865,-3263,-4311,-17514,-24626,-17259,-42395,1
2022-05-30 15:00:00,96474,239097,1867,20011,11287,36621,2549,20825,67476,114880,0,2062,1170,4400,9888,14050,878,47313,-47404,-2062,-142623,-3230,-4162,-18144,-25334,-18276,-46435,1
2022-05-30 16:00:00,80968,237917,1225,20599,10774,36535,2014,21216,62980,113348,0,2107,1069,4151,9567,13940,812,48019,-50368,-2107,-156949,-3082,-4373,-19374,-25761,-19202,-47207,1
2022-05-30 17:00:00,68815,234821,803,21019,10494,36228,1978,21496,54596,113504,0,1919,909,3918,9724,13904,601,48893,-58908,-1919,-166006,-3009,-4180,-20216,-25734,-19518,-48292,1
2022-05-30 18:00:00,55856,226895,747,21345,9417,35414,1829,21004,44960,114872,0,1827,819,3740,9658,13457,470,49527,-69912,-1827,-171039,-2921,-3799,-20598,-25997,-19175,-49057,1
2022-05-30 19:00:00,48037,219063,772,20622,8718,32596,1624,19651,40784,116320,0,1771,834,3577,9769,13206,481,50043,-75536,-1771,-171026,-2743,-3437,-19850,-23878,-18027,-49562,1
2022-05-30 20:00:00,44213,207699,773,19605,6980,29782,1555,18153,37828,110448,0,1704,825,3331,9420,12168,748,48866,-72620,-1704,-163486,-2506,-2748,-18832,-22802,-16598,-48118,1
2022-05-30 21:00:00,40310,192269,817,18752,6650,27146,1679,16968,31132,102820,0,1610,795,3152,8717,11988,839,46037,-71688,-1610,-151959,-2357,-3271,-17935,-20496,-15289,-45198,1
2022-05-30 22:00:00,41274,181193,717,17666,6719,25832,1675,16354,27100,99124,0,1397,778,3037,8492,11743,1039,43454,-72024,-1397,-139919,-2259,-3251,-16949,-19113,-14679,-42415,1
2022-05-30 23:00:00,44500,175813,663,16696,6617,25153,1475,15989,24808,94188,0,1265,757,2980,8269,11490,1438,41843,-69380,-1265,-131313,-2223,-3221,-16033,-18536,-14514,-40405,1
2022-05-31 00:00:00,47485,174159,647,16138,6353,24780,1428,16076,21076,91320,0,1191,714,2960,8250,11503,1748,40863,-70244,-1191,-126674,-2246,-3253,-15491,-18427,-14648,-39115,1
2022-05-31 01:00:00,46451,175538,623,16124,6196,24714,1326,15966,19516,90456,0,1176,770,2966,8277,11468,1660,40352,-70940,-1176,-129087,-2196,-3191,-15501,-18518,-14640,-38692,1
2022-05-31 02:00:00,42198,182409,607,16351,5936,25577,1289,16313,17104,90464,0,1150,810,3119,8939,11855,1501,40562,-73360,-1150,-140211,-2309,-2916,-15744,-19641,-15024,-39061,1
2022-05-31 03:00:00,42987,197188,866,17371,6836,29143,1584,18728,19216,93764,0,1132,870,3640,9884,13323,1270,41132,-74548,-1132,-154201,-2770,-3439,-16505,-22307,-17144,-39862,1
2022-05-31 04:00:00,61371,224609,1523,19595,10379,34305,2751,20680,20356,100716,0,1202,988,4138,10447,14663,1013,43516,-80360,-1202,-163238,-3150,-4216,-18072,-23926,-17929,-42503,1
2022-05-31 05:00:00,89297,243016,2656,20069,13304,37986,4521,21263,27104,108956,0,1470,1149,4386,10783,15281,931,45945,-81852,-1470,-153719,-3237,-4498,-17413,-24682,-16742,-45014,1
2022-05-31 06:00:00,107587,252430,3791,19779,13415,38492,5505,21128,40832,113568,0,1829,1379,4605,10931,15214,1024,44893,-72736,-1829,-144843,-3226,-4283,-15988,-25077,-15623,-43869,1
2022-05-31 07:00:00,126531,256384,4576,19623,14223,38756,5891,20707,52220,116376,0,1997,1525,4742,11056,15209,1448,41557,-64156,-1997,-129853,-3217,-4153,-15047,-24533,-14816,-40109,1
2022-05-31 08:00:00,146026,259993,4867,19757,15156,39176,6001,21030,59348,118344,0,2037,1547,4721,11074,15152,1589,37697,-58996,-2037,-113967,-3174,-4078,-14890,-24020,-15029,-36108,1
2022-05-31 09:00:00,156548,262172,5184,19834,15554,38069,6052,21041,64444,119968,0,2039,1679,4717,11052,14952,1405,37432,-55524,-2039,-105624,-3038,-3900,-14650,-22515,-14989,-36027,1
2022-05-31 10:00:00,158482,258899,5345,19749,15684,38225,5469,20613,68176,121876,0,2027,1868,4753,11008,14854,1092,39148,-53700,-2027,-100417,-2885,-3846,-14404,-22541,-15144,-38056,1
2022-05-31 11:00:00,152742,253633,5711,19137,15327,39121,5308,20621,69328,122140,0,2035,1977,4824,11161,14867,1375,40788,-52812,-2035,-100891,-2847,-3706,-13426,-23794,-15313,-39413,1
2022-05-31 12:00:00,139586,249827,5676,19153,15119,39768,4719,20888,71876,120384,0,1958,1914,4625,11225,14483,1742,41394,-48508,-1958,-110241,-2711,-3258,-13477,-24649,-16169,-39652,1
2022-05-31 13:00:00,118864,244112,5240,19441,14191,40109,3890,21007,73108,118160,0,1982,1735,4528,11211,14064,1219,42513,-45052,-1982,-125248,-2793,-2853,-14201,-25918,-17117,-41294,1
2022-05-31 14:00:00,98244,239277,4196,19857,13663,39112,3001,20999,73056,117948,0,2034,1644,4682,11374,14213,1479,43760,-44892,-2034,-141033,-3038,-2839,-15661,-25449,-17998,-42281,1
2022-05-31 15:00:00,83916,241373,2943,20194,11772,37952,2415,21113,70188,118544,0,2160,1373,4510,11493,14162,1750,48033,-48356,-2160,-157457,-3137,-2669,-17251,-26180,-18698,-46283,1
2022-05-31 16:00:00,73394,240260,1602,21044,10809,37783,2058,21290,67484,119164,0,2213,1151,4203,11315,14250,1806,49938,-51680,-2213,-166866,-3052,-2935,-19442,-26974,-19232,-48132,1
2022-05-31 17:00:00,67587,236196,1047,21644,10271,37191,2307,21536,59204,118528,0,2065,966,3925,11432,14200,1969,50916,-59324,-2065,-168609,-2959,-2768,-20597,-26920,-19229,-48947,1
2022-05-31 18:00:00,56476,225916,963,21982,9420,36469,2414,21155,50328,118576,0,1968,815,3712,11123,13660,1963,51036,-68248,-1968,-169440,-2897,-2537,-21019,-27049,-18741,-49073,1
2022-05-31 19:00:00,48883,217903,1002,21284,8335,33340,2216,19682,41136,119004,0,1877,777,3620,10221,13134,1659,50477,-77868,-1877,-169020,-2843,-2913,-20282,-25005,-17466,-48818,1
2022-05-31 20:00:00,43806,203510,977,20129,6711,30305,2100,18216,39340,113220,0,1770,788,3417,9773,12193,1653,48621,-73880,-1770,-159704,-2629,-2420,-19152,-23594,-16116,-46968,1
2022-05-31 21:00:00,37147,188030,980,19175,6417,27510,2360,17129,34152,104260,0,1658,717,3168,9119,11613,1810,45778,-70108,-1658,-150883,-2451,-2494,-18195,-21093,-14769,-43968,1
2022-05-31 22:00:00,37843,174928,852,17968,6447,25954,2276,16449,30760,99852,0,1446,716,3036,8791,11448,2495,43302,-69092,-1446,-137085,-2320,-2657,-17116,-19507,-14173,-40807,1
2022-05-31 23:00:00,39287,170349,754,16964,6607,25188,2061,16155,27408,94848,0,1285,659,3020,8735,11674,2492,41811,-67440,-1285,-131062,-2361,-2939,-16210,-18581,-14094,-39319,1
2022-06-01 00:00:00,47589,169389,847,16455,6675,24782,2057,16141,26580,91460,0,1215,746,3012,8572,11604,2242,41087,-64880,-1215,-121800,-2266,-3032,-15608,-18107,-14084,-38845,1
2022-06-01 01:00:00,55720,171385,825,16282,6480,25129,2072,16128,28092,90460,0,1201,780,3013,8487,11742,2346,40563,-62368,-1201,-115665,-2233,-3255,-15457,-18649,-14056,-38217,1
2022-06-01 02:00:00,54359,176925,812,16539,6760,25855,2021,16474,28856,90568,0,1176,821,3165,9011,12341,2422,40721,-61712,-1176,-122566,-2344,-3330,-15727,-19095,-14453,-38299,1
2022-06-01 03:00:00,52405,191904,991,17594,7728,29461,2372,18790,27140,93296,0,1154,908,3661,10041,13736,1904,41044,-66156,-1154,-139499,-2753,-3695,-16603,-21733,-16418,-39140,1
2022-06-01 04:00:00,67764,218231,1590,19877,11737,34422,2877,20579,25228,100884,0,1228,1139,4216,10696,14057,1655,42951,-75656,-1228,-150467,-3077,-3361,-18287,-22685,-17702,-41296,1
2022-06-01 05:00:00,90203,236339,2592,20361,14725,38157,3462,21274,30000,109704,0,1486,1248,4457,11165,14650,1669,44653,-79704,-1486,-146136,-3209,-3485,-17769,-23432,-17812,-42984,1
2022-06-01 06:00:00,112530,245364,3773,20424,15736,39197,3909,21355,40392,114076,0,1840,1236,4274,11380,15132,1731,44132,-73684,-1840,-132834,-3038,-3752,-16651,-23461,-17446,-42401,1
2022-06-01 07:00:00,129978,247777,5093,19929,15696,39101,4768,21436,52868,117304,0,1991,1647,4550,11181,14940,1837,42014,-64436,-1991,-117799,-2903,-3759,-14836,-23405,-16668,-40177,1
2022-06-01 08:00:00,146989,251869,5958,19610,16259,39462,5604,21737,62372,119388,0,2025,1918,4837,11247,14686,2285,40267,-57016,-2025,-104880,-2919,-3439,-13652,-23203,-16133,-37982,1
2022-06-01 09:00:00,161208,255735,6603,19183,16320,38164,6104,21723,69612,120520,0,2008,2084,4755,11408,14387,3539,39615,-50908,-2008,-94527,-2671,-2979,-12580,-21844,-15619,-36076,1
2022-06-01 10:00:00,171417,251476,6747,19116,15872,38245,6479,21613,80904,122392,0,2020,2185,4822,11427,14218,4274,39772,-41488,-2020,-80059,-2637,-2791,-12369,-22373,-15134,-35498,1
2022-06-01 11:00:00,182758,254125,6784,18931,15897,39320,6569,21079,83864,123144,0,2008,2353,4844,11506,14214,4273,39246,-39280,-2008,-71367,-2491,-2708,-12147,-23423,-14510,-34973,1
2022-06-01 12:00:00,181969,250537,6436,19173,16203,39783,6205,20967,87368,121728,0,1916,2449,4663,11494,14148,4249,39165,-34360,-1916,-68568,-2214,-2654,-12737,-23580,-14762,-34916,1
2022-06-01 13:00:00,164561,244955,5724,19620,15308,39820,5247,20642,87564,119960,0,1889,2534,4560,11421,14110,3628,40332,-32396,-1889,-80394,-2026,-2689,-13896,-24512,-15395,-36704,1
2022-06-01 14:00:00,139936,241612,4512,20131,14499,38834,4291,20882,87104,119356,0,1900,2427,4634,11583,14212,3559,42402,-32252,-1900,-101676,-2207,-2629,-15619,-24335,-16591,-38843,1
2022-06-01 15:00:00,112724,241736,2957,20600,11998,37729,2977,20813,84924,119032,0,2008,2260,4486,11494,14025,3053,45285,-34108,-2008,-129012,-2226,-2531,-17643,-25731,-17836,-42232,1
2022-06-01 16:00:00,94198,239894,1465,21269,11383,37154,2707,21309,78124,117524,0,2053,1928,4183,10999,13751,2539,45686,-39400,-2053,-145696,-2255,-2752,-19804,-25771,-18602,-43147,1
2022-06-01 17:00:00,80856,234398,884,21586,10202,36517,2355,21556,66364,118172,0,1928,1623,3967,10886,13733,2190,47518,-51808,-1928,-153542,-2344,-2847,-20702,-26315,-19201,-45328,1
2022-06-01 18:00:00,69863,223954,739,21921,8824,35523,1898,21245,51392,119120,0,1855,1560,3748,11003,13503,1878,49214,-67728,-1855,-154091,-2188,-2500,-21182,-26699,-19347,-47336,1
2022-06-01 19:00:00,67065,215413,801,21257,6463,32600,1479,19972,38808,119056,0,1780,1708,3635,10698,13033,1667,49869,-80248,-1780,-148348,-1927,-2335,-20456,-26137,-18493,-48202,1
2022-06-01 20:00:00,64549,203705,834,20136,5581,30078,1381,18441,36416,113232,0,1734,1994,3423,10613,12348,1411,49088,-76816,-1734,-139156,-1429,-1735,-19302,-24497,-17060,-47677,3
2022-06-01 21:00:00,62347,189300,819,19114,5665,27405,1392,17186,32692,105192,0,1666,2212,3253,10145,11520,1349,46672,-72500,-1666,-126953,-1041,-1375,-18295,-21740,-15794,-45323,3
2022-06-01 22:00:00,66050,182583,986,17954,4616,25616,1474,16520,26008,101276,0,1455,2312,3124,10037,11526,1329,44015,-75268,-1455,-116533,-812,-1489,-16968,-21000,-15046,-42686,3
2022-06-01 23:00:00,68313,175007,855,16926,4509,24544,1451,16241,23624,96100,0,1310,2378,3054,9866,11727,1446,42446,-72476,-1310,-106694,-676,-1861,-16071,-20035,-14790,-41000,3
2022-06-02 00:00:00,73151,174002,758,16339,4705,23879,1490,16172,20584,92972,0,1222,2337,3008,9815,11755,1432,41629,-72388,-1222,-100851,-671,-1940,-15581,-19174,-14682,-40197,3
2022-06-02 01:00:00,80202,175995,750,16244,4658,23434,1727,16003,20240,91556,0,1200,2573,3039,9918,11607,1671,41470,-71316,-1200,-95793,-466,-1689,-15494,-18776,-14276,-39799,3
2022-06-02 02:00:00,79298,181620,760,16530,4466,22676,1838,16345,18324,91368,0,1167,2845,3196,10007,11850,1882,41497,-73044,-1167,-102322,-351,-1843,-15770,-18210,-14507,-39615,3
2022-06-02 03:00:00,76814,194183,915,17592,5276,22698,2060,18736,17896,94224,0,1134,3110,3710,10439,13241,2139,41756,-76328,-1134,-117369,-600,-2802,-16677,-17422,-16676,-39617,3
2022-06-02 04:00:00,88191,221327,1469,19848,7858,24536,2647,20761,19784,101908,0,1177,3378,4313,10759,14351,2246,43104,-82124,-1177,-133136,-935,-3592,-18379,-16678,-18114,-40858,3
2022-06-02 05:00:00,113993,239580,2454,20349,10908,26457,3642,21426,27808,110576,0,1358,3836,4572,10935,14668,2309,44158,-82768,-1358,-125587,-736,-3733,-17895,-15549,-17784,-41849,3
2022-06-02 06:00:00,139840,248807,3863,20123,12839,27735,4791,21771,38016,114684,0,1596,3966,4679,11086,15119,2119,43273,-76668,-1596,-108967,-713,-4033,-16260,-14896,-16980,-41154,3
2022-06-02 07:00:00,165447,251764,5362,19575,14203,28146,5481,21130,50548,117520,0,1822,4162,4884,11223,15279,2011,41305,-66972,-1822,-86317,-722,-4056,-14213,-13943,-15649,-39294,3
2022-06-02 08:00:00,184573,255099,6459,19031,15110,28262,5950,21032,56852,119404,0,1936,4547,4812,11251,15491,1990,37741,-62552,-1936,-70526,-265,-4240,-12572,-13152,-15082,-35751,3
2022-06-02 09:00:00,198124,256836,6985,18920,15424,28107,6578,20936,62920,121864,0,1969,4403,4744,11231,15200,1820,35095,-58944,-1969,-58712,-341,-3969,-11935,-12683,-14358,-33275,3
2022-06-02 10:00:00,204164,257938,7081,19167,16042,27931,7245,20939,69568,123964,0,1996,4495,4786,11287,15126,1811,33368,-54396,-1996,-53774,-291,-3839,-12086,-11889,-13694,-31557,3
2022-06-02 11:00:00,209702,257284,7011,18984,15664,27375,7214,20499,73504,124792,0,2027,4822,4689,11433,14971,1873,33030,-51288,-2027,-47582,133,-3538,-11973,-11711,-13285,-31157,3
2022-06-02 12:00:00,195416,249981,6656,19271,14486,27297,6689,20739,74240,123920,0,1982,5059,4589,11490,14719,2160,33075,-49680,-1982,-54565,470,-3229,-12615,-12811,-14050,-30915,3
2022-06-02 13:00:00,175012,244074,5782,19747,13384,27827,5869,20734,76412,122076,0,1980,4894,4589,11235,14465,2329,34186,-45664,-1980,-69062,305,-3230,-13965,-14443,-14865,-31857,3
2022-06-02 14:00:00,151790,241771,4472,20432,11795,28847,4541,20599,68068,121372,0,1967,4909,4741,11347,14654,2667,37281,-53304,-1967,-89981,168,-3307,-15960,-17052,-16058,-34614,3
2022-06-02 15:00:00,119008,240678,2868,20869,9349,30048,3115,20648,62648,120516,0,2067,4644,4619,11292,14349,2701,42138,-57868,-2067,-121670,25,-3057,-18001,-20699,-17533,-39437,3
2022-06-02 16:00:00,93023,238583,1445,21522,9023,30781,2567,21135,56480,117876,0,2125,4097,4322,11058,14381,2766,44713,-61396,-2125,-145560,-225,-3323,-20077,-21758,-18568,-41947,3
2022-06-02 17:00:00,74920,233866,817,21810,8217,30794,2382,21347,49724,117732,0,2009,3782,4053,11312,13827,2795,47610,-68008,-2009,-158946,-271,-2515,-20993,-22577,-18965,-44815,3
2022-06-02 18:00:00,66207,225407,620,22027,7446,31079,2284,21275,42668,119688,0,1895,3431,3822,11265,13212,2917,49566,-77020,-1895,-159200,-391,-1947,-21407,-23633,-18991,-46649,3
2022-06-02 19:00:00,61641,216530,681,21466,6472,29422,1996,19960,40576,119712,0,1806,3161,3740,11375,13422,3939,49958,-79136,-1806,-154889,-579,-2047,-20785,-22950,-17964,-46019,3
2022-06-02 20:00:00,57848,204560,695,20394,5420,27126,1393,18456,37892,113776,0,1730,2853,3498,11360,13330,5474,48963,-75884,-1730,-146712,-645,-1970,-19699,-21706,-17063,-43489,3
2022-06-02 21:00:00,56579,189085,699,19387,5754,24784,1086,17150,31428,105080,0,1661,2757,3282,10279,12590,6669,46613,-73652,-1661,-132506,-525,-2311,-18688,-19030,-16064,-39944,3
2022-06-02 22:00:00,56963,181148,732,18157,5098,23386,1089,16465,26832,101468,0,1469,2694,3167,9855,11956,6813,43961,-74636,-1469,-124185,-473,-2101,-17425,-18288,-15376,-37148,3
2022-06-02 23:00:00,62021,174700,678,17072,5818,22666,1046,16193,24028,96772,0,1315,2788,3116,9666,11514,6712,42103,-72744,-1315,-112679,-328,-1848,-16394,-16848,-15147,-35391,3
2022-06-03 00:00:00,61803,171754,624,16450,5721,22368,1001,16189,21868,94480,0,1233,2759,3083,9676,11549,6466,41322,-72612,-1233,-109951,-324,-1873,-15826,-16647,-15188,-34856,3
2022-06-03 01:00:00,63064,172856,614,16312,5522,22443,1005,15974,20708,93352,0,1206,2601,3081,9637,11396,5696,40786,-72644,-1206,-109792,-480,-1759,-15698,-16921,-14969,-35090,3
2022-06-03 02:00:00,60707,177571,663,16407,4728,23195,1126,16366,18756,93596,0,1178,2469,3227,10370,11758,4914,40706,-74840,-1178,-116864,-758,-1388,-15744,-18467,-15240,-35792,3
2022-06-03 03:00:00,57918,189394,998,17330,5950,26179,1738,18666,18392,95680,0,1149,2329,3699,11112,13303,4234,40827,-77288,-1149,-131476,-1370,-2191,-16332,-20229,-16928,-36593,1
2022-06-03 04:00:00,74942,216900,1777,19325,8209,30100,3223,20598,20928,103036,0,1180,2353,4259,11087,14527,4344,42196,-82108,-1180,-141958,-1906,-3440,-17548,-21891,-17375,-37852,1
2022-06-03 05:00:00,102220,236563,3317,19707,11504,33690,4415,21382,26008,111600,0,1333,2368,4495,11007,15388,3893,43203,-85592,-1333,-134343,-2127,-4381,-16390,-22186,-16967,-39310,1
2022-06-03 06:00:00,118761,244783,4963,19361,12904,35615,5452,21112,38208,117208,0,1518,2467,4669,10850,15177,3273,42370,-79000,-1518,-126022,-2202,-4327,-14398,-22711,-15660,-39097,1
2022-06-03 07:00:00,142880,246169,6284,18963,13779,36109,6079,20723,52140,119984,0,1712,2600,4874,10510,14961,3426,39283,-67844,-1712,-103289,-2274,-4451,-12679,-22330,-14644,-35857,1
2022-06-03 08:00:00,167807,251752,7185,18718,13665,35933,6364,20789,54744,121684,0,1816,2713,4901,10233,14424,4219,36056,-66940,-1816,-83945,-2188,-4191,-11533,-22268,-14425,-31837,1
2022-06-03 09:00:00,186038,256749,7559,18807,14400,36335,6626,20912,58528,123160,0,1851,2774,4784,10384,14241,5161,33754,-64632,-1851,-70711,-2010,-3857,-11248,-21935,-14286,-28593,1
2022-06-03 10:00:00,192939,255637,7615,18965,14074,35885,6540,20672,61576,124776,0,1861,2861,4687,10687,13887,6167,32192,-63200,-1861,-62698,-1826,-3200,-11350,-21811,-14132,-26025,3
2022-06-03 11:00:00,182755,249107,7471,18998,13916,35895,6253,20387,64476,125216,0,1829,2882,4499,10984,13739,6778,32373,-60740,-1829,-66352,-1617,-2755,-11527,-21979,-14134,-25595,3
2022-06-03 12:00:00,161246,244045,6909,19413,13323,35555,5731,20735,72132,122384,0,1721,2882,4377,11156,13631,7283,33855,-50252,-1721,-82799,-1495,-2475,-12504,-22232,-15004,-26572,3
2022-06-03 13:00:00,136325,239813,5923,20023,11814,35597,4824,20861,75780,119128,0,1673,2910,4315,11204,13349,8435,35625,-43348,-1673,-103488,-1405,-2145,-14100,-23783,-16037,-27190,3
2022-06-03 14:00:00,117354,237950,4672,20613,10514,35434,3520,20862,75496,118196,0,1656,2653,4364,11611,13561,9719,38899,-42700,-1656,-120596,-1711,-1950,-15941,-24920,-17342,-29180,1
2022-06-03 15:00:00,98134,236464,3132,21020,9877,35185,2402,20928,76160,118372,0,1719,2327,4252,11462,13513,11031,43247,-42212,-1719,-138330,-1925,-2051,-17888,-25308,-18526,-32216,1
2022-06-03 16:00:00,89578,234901,1658,21576,10572,35145,1810,21056,68920,117256,0,1795,1946,3943,11092,13382,11867,45727,-48336,-1795,-145323,-1997,-2290,-19918,-24573,-19246,-33860,1
2022-06-03 17:00:00,88802,230303,1057,21660,8970,34420,1723,21073,64112,116280,0,1729,1677,3707,10732,12737,12444,47702,-52168,-1729,-141501,-2030,-2005,-20603,-25450,-19350,-35258,1
2022-06-03 18:00:00,85785,219467,919,21811,8566,33893,1911,20783,49436,115116,0,1665,1490,3547,10877,12573,11964,48295,-65680,-1665,-133682,-2057,-1696,-20892,-25327,-18872,-36331,1
2022-06-03 19:00:00,79867,208506,992,21317,7274,31420,1873,19470,40876,115596,0,1600,1472,3475,11004,12237,11618,48333,-74720,-1600,-128639,-2003,-1233,-20325,-24146,-17597,-36715,4
2022-06-03 20:00:00,74811,197615,977,20362,6398,29002,2139,18039,35872,109980,0,1545,1322,3342,11116,11570,11458,47561,-74108,-1545,-122804,-2020,-454,-19385,-22604,-15900,-36103,4
2022-06-03 21:00:00,70630,183415,1094,19335,5825,26703,2291,16886,30332,103060,0,1519,1168,3011,10863,11046,11475,45329,-72728,-1519,-112785,-1843,-183,-18241,-20878,-14595,-33854,4
2022-06-03 22:00:00,64291,172347,1327,18032,5511,25220,2212,16199,27844,100264,0,1333,997,2952,11023,10946,12142,42783,-72420,-1333,-108056,-1955,77,-16705,-19709,-13987,-30641,4
2022-06-03 23:00:00,62752,164532,1094,16859,5623,24223,1991,15839,25064,94972,0,1204,901,2772,10867,10749,12643,41011,-69908,-1204,-101780,-1871,118,-15765,-18600,-13848,-28368,4
2022-06-04 00:00:00,63079,160479,927,16213,5804,23571,1778,15600,22068,91272,0,1120,921,2780,10726,10794,12587,39804,-69204,-1120,-97400,-1859,-68,-15286,-17767,-13822,-27217,4
2022-06-04 01:00:00,62790,158370,857,15987,5623,23634,1547,15206,20900,88868,0,1098,845,2777,10444,10564,12110,39303,-67968,-1098,-95580,-1932,-120,-15130,-18011,-13659,-27193,4
2022-06-04 02:00:00,58823,158689,857,15813,5630,23548,1577,14963,21580,87336,0,1076,740,2770,10266,10686,11675,39120,-65756,-1076,-99866,-2030,-420,-14956,-17918,-13386,-27445,4
2022-06-04 03:00:00,57212,158296,1092,15730,6820,24687,1869,15803,21104,86660,0,1040,617,2921,10372,11019,11297,37841,-65556,-1040,-101084,-2304,-647,-14638,-17867,-13934,-26544,4
2022-06-04 04:00:00,65104,166097,1142,16661,8161,27324,2176,17063,20364,86828,0,1045,737,3259,10441,11529,10797,37167,-66464,-1045,-100993,-2522,-1088,-15519,-19163,-14887,-26370,1
2022-06-04 05:00:00,79830,180432,1741,17521,10679,29878,2660,18327,23300,89804,0,1151,994,3608,10597,12226,10454,37057,-66504,-1151,-100602,-2614,-1629,-15780,-19199,-15667,-26603,1
2022-06-04 06:00:00,101995,195001,2505,18300,11667,30769,3264,19141,34332,96168,0,1311,1315,3843,10675,12597,10515,38269,-61836,-1311,-93006,-2528,-1922,-15795,-19102,-15877,-27754,1
2022-06-04 07:00:00,119240,203069,3605,18559,12487,30841,3975,19659,50572,102804,0,1486,1572,4031,10784,12714,10936,38545,-52232,-1486,-83829,-2459,-1930,-14954,-18354,-15684,-27609,1
2022-06-04 08:00:00,136601,207151,4564,18522,14046,31149,4077,19575,58700,106608,0,1576,1738,4092,10828,12411,10853,36053,-47908,-1576,-70550,-2354,-1583,-13958,-17103,-15498,-25200,1
2022-06-04 09:00:00,151833,212211,5077,18609,14893,30901,4333,19523,63152,107756,0,1614,1841,4107,9526,11826,10694,32767,-44604,-1614,-60378,-2266,-2300,-13532,-16008,-15190,-22073,1
2022-06-04 10:00:00,164555,206842,5211,18253,16281,30374,4290,18968,64508,108744,0,1563,2007,4169,9479,11788,11356,31729,-44236,-1563,-42287,-2162,-2309,-13042,-14093,-14678,-20373,1
2022-06-04 11:00:00,171307,201219,5287,17582,16236,30097,4359,18627,66752,109676,0,1528,1937,4166,9576,11581,11665,30229,-42924,-1528,-29912,-2229,-2005,-12295,-13861,-14268,-18564,1
2022-06-04 12:00:00,176066,196604,5304,17214,14636,29830,4218,18605,67828,106356,0,1433,1906,3982,9718,11780,11292,28055,-38528,-1433,-20538,-2076,-2062,-11910,-15194,-14387,-16763,1
2022-06-04 13:00:00,171036,194355,4961,17380,12537,30084,3663,18175,71456,101352,0,1354,1774,3916,9967,12156,11215,28126,-29896,-1354,-23319,-2142,-2189,-12419,-17547,-14512,-16911,1
2022-06-04 14:00:00,146971,192229,4101,17810,11738,31165,2925,17963,73728,99480,0,1363,1472,3987,9809,12319,11445,30019,-25752,-1363,-45258,-2515,-2510,-13709,-19427,-15038,-18574,1
2022-06-04 15:00:00,117754,191820,2810,18210,11757,32486,2410,17902,77756,99324,0,1434,1114,3867,9709,12388,11333,34941,-21568,-1434,-74066,-2753,-2679,-15400,-20729,-15492,-23608,1
2022-06-04 16:00:00,92405,192345,1491,18856,12056,33462,2223,17918,77076,100452,0,1545,767,3639,9607,12334,11128,39013,-23376,-1545,-99940,-2872,-2727,-17365,-21406,-15695,-27885,1
2022-06-04 17:00:00,78025,189157,853,19226,10970,33000,2235,17953,71456,101524,0,1555,560,3382,9568,12332,11077,42107,-30068,-1555,-111132,-2822,-2764,-18373,-22030,-15718,-31030,1
2022-06-04 18:00:00,75270,183188,669,19657,10036,32559,2211,17898,54556,102216,0,1525,464,3241,9596,11931,10089,44263,-47660,-1525,-107918,-2777,-2335,-18988,-22523,-15687,-34174,1
2022-06-04 19:00:00,74661,179557,809,19527,8036,30660,2012,17197,42156,105008,0,1496,466,3262,9891,11755,10807,45154,-62852,-1496,-104896,-2796,-1864,-18718,-22624,-15185,-34347,1
2022-06-04 20:00:00,74777,173112,854,18218,6903,28360,1850,16055,41680,101596,0,1440,482,3127,10245,11539,11809,44852,-59916,-1440,-98335,-2645,-1294,-17364,-21457,-14205,-33043,4
2022-06-04 21:00:00,75326,162462,686,16976,6326,26172,1575,15071,38732,94812,0,1446,412,2968,10082,10923,12312,43108,-56080,-1446,-87136,-2556,-841,-16290,-19846,-13496,-30796,4
2022-06-04 22:00:00,73430,156393,835,15767,5784,24511,1590,14406,35556,90120,0,1296,389,2848,10170,10481,11926,41058,-54564,-1296,-82963,-2459,-311,-14932,-18727,-12816,-29132,4
2022-06-04 23:00:00,73260,150626,782,14933,5882,23483,1560,13895,31108,85872,0,1176,376,2756,10206,10425,10458,39419,-54764,-1176,-77366,-2380,-219,-14151,-17601,-12335,-28961,4
2022-06-05 00:00:00,71981,143433,770,14491,6402,22968,1471,13574,29108,82608,0,1114,367,2749,10047,10541,9750,38610,-53500,-1114,-71452,-2382,-494,-13721,-16566,-12103,-28860,4
2022-06-05 01:00:00,78299,139654,703,14171,5679,22770,1549,13150,27032,80812,0,1082,324,2700,9682,10330,10985,37971,-53780,-1082,-61355,-2376,-648,-13468,-17091,-11601,-26986,4
2022-06-05 02:00:00,82458,140496,715,13762,5180,22254,1677,12852,26140,79708,0,1033,298,2646,9730,10227,10825,37558,-53568,-1033,-58038,-2348,-497,-13047,-17074,-11175,-26733,4
2022-06-05 03:00:00,89090,142841,947,13450,5750,22399,1952,13129,26488,79780,0,982,388,2791,9466,10248,9786,36473,-53292,-982,-53751,-2403,-782,-12503,-16649,-11177,-26687,4
2022-06-05 04:00:00,95810,147344,1565,13837,7162,23752,2692,13864,26048,78584,0,990,673,3073,9456,10647,7852,35557,-52536,-990,-51534,-2400,-1191,-12272,-16590,-11172,-27705,1
2022-06-05 05:00:00,100014,157625,2738,14419,9225,25115,3922,14845,32504,78844,0,1042,1027,3410,9896,11387,7227,35700,-46340,-1042,-57611,-2383,-1491,-11681,-15890,-10923,-28473,1
2022-06-05 06:00:00,116196,169451,4230,14852,11381,26995,5106,15496,48596,83576,0,1173,1504,3665,10177,11757,5701,36567,-34980,-1173,-53255,-2161,-1580,-10622,-15614,-10390,-30866,1
2022-06-05 07:00:00,132025,178880,5370,15213,13344,28593,5804,15683,67884,89492,0,1328,1952,3864,10534,12040,5409,35270,-21608,-1328,-46855,-1912,-1506,-9843,-15249,-9879,-29861,1
2022-06-05 08:00:00,153353,184117,6079,15279,13746,28826,6263,15741,77460,93604,0,1471,2067,3893,10558,11868,4719,33553,-16144,-1471,-30764,-1826,-1310,-9200,-15080,-9478,-28834,4
2022-06-05 09:00:00,166921,192218,6715,15033,14657,29408,6452,15758,80880,95748,0,1562,2117,3918,10338,12030,4695,36218,-14868,-1562,-25297,-1801,-1692,-8318,-14751,-9306,-31523,1
2022-06-05 10:00:00,175890,190843,6718,14644,14475,28195,6492,15721,82380,97720,0,1594,2149,3919,10392,12217,4365,38977,-15340,-1594,-14953,-1770,-1825,-7926,-13720,-9229,-34612,1
2022-06-05 11:00:00,180684,186327,6464,14418,14314,27566,6423,15539,83676,100268,0,1615,2183,3870,10310,12404,4657,40595,-16592,-1615,-5643,-1687,-2094,-7954,-13252,-9116,-35938,1
2022-06-05 12:00:00,168836,180474,6209,14593,14528,28147,5945,15204,83304,99248,0,1572,2157,3726,10100,12282,4599,41872,-15944,-1572,-11638,-1569,-2182,-8384,-13619,-9259,-37273,3
2022-06-05 13:00:00,150974,176303,5477,14934,13047,28930,5269,15353,83064,94700,0,1482,1988,3699,9968,12275,4157,43224,-11636,-1482,-25329,-1711,-2307,-9457,-15883,-10084,-39067,1
2022-06-05 14:00:00,133627,174645,4277,15593,12271,29532,4180,15780,81260,93420,0,1476,1612,3752,9812,12403,3830,44791,-12160,-1476,-41018,-2140,-2591,-11316,-17261,-11600,-40961,1
2022-06-05 15:00:00,119289,179054,2851,16255,10908,30021,2906,16345,77144,94080,0,1546,1318,3695,9998,12271,4506,47362,-16936,-1546,-59765,-2377,-2273,-13404,-19113,-13439,-42856,1
2022-06-05 16:00:00,112968,181840,1582,17043,10987,30964,2107,16731,70240,95924,0,1643,1150,3530,10000,12350,4533,47636,-25684,-1643,-68872,-2380,-2350,-15461,-19977,-14624,-43103,1
2022-06-05 17:00:00,114753,177979,1058,17601,10957,31226,2251,17081,59544,98244,0,1648,1118,3332,10092,12216,4578,47043,-38700,-1648,-63226,-2214,-2124,-16543,-20269,-14830,-42465,1
2022-06-05 18:00:00,115284,174902,866,18208,9743,31516,2606,17293,41692,100984,0,1634,1152,3201,10032,12314,6033,46437,-59292,-1634,-59618,-2049,-2282,-17342,-21773,-14687,-40404,1
2022-06-05 19:00:00,120824,176826,831,18205,8673,30254,2866,16755,32572,105416,0,1588,1366,3154,9802,12017,7950,45881,-72844,-1588,-56002,-1788,-2215,-17374,-21581,-13889,-37931,1
2022-06-05 20:00:00,120020,176014,978,17044,7079,27829,3310,15477,34220,104300,0,1510,1635,3011,9053,11086,9042,44971,-70080,-1510,-55994,-1376,-2033,-16066,-20750,-12167,-35929,3
2022-06-05 21:00:00,120932,165484,1067,15867,6631,25570,3540,14524,31944,96640,0,1467,1811,2849,9110,10663,8318,42713,-64696,-1467,-44552,-1038,-1553,-14800,-18939,-10984,-34395,3
2022-06-05 22:00:00,122095,156682,1328,14762,6396,24063,3519,14049,28956,91020,0,1281,1812,2751,9152,10321,6779,40624,-62064,-1281,-34587,-939,-1169,-13434,-17667,-10530,-33845,3
2022-06-05 23:00:00,122792,151871,896,14041,6829,23180,3706,13886,28564,86888,0,1173,1867,2681,8921,10134,6322,38929,-58324,-1173,-29079,-814,-1213,-13145,-16351,-10180,-32607,3
2022-06-06 00:00:00,122581,148429,963,13580,7040,22955,4018,13767,28764,83956,0,1124,2068,2644,9107,10355,7162,38229,-55192,-1124,-25848,-576,-1248,-12617,-15915,-9749,-31067,3
2022-06-06 01:00:00,123762,146514,810,13361,7388,23449,3885,13597,28596,82416,0,1115,2205,2618,9177,10480,9374,38144,-53820,-1115,-22752,-413,-1303,-12551,-16061,-9712,-28770,3
2022-06-06 02:00:00,124820,149947,710,13077,7423,24459,3869,14318,28112,82528,0,1080,2486,2644,9188,10699,11433,38028,-54416,-1080,-25127,-158,-1511,-12367,-17036,-10449,-26595,3
2022-06-06 03:00:00,115749,151280,913,12999,7754,28752,3973,17380,27192,86052,0,1067,2892,2791,9351,10750,12689,37365,-58860,-1067,-35531,101,-1399,-12086,-20998,-13407,-24676,3
2022-06-06 04:00:00,123270,157162,1583,13302,10508,34209,3961,19769,25504,93416,0,1143,3143,3246,9576,11281,13653,37048,-67912,-1143,-33892,-103,-1705,-11719,-23701,-15808,-23395,3
2022-06-06 05:00:00,138224,165412,2742,13748,14549,39178,4344,20914,29164,101504,0,1388,3143,3614,9545,11774,13163,36299,-72340,-1388,-27188,-471,-2229,-11006,-24629,-16570,-23136,3
2022-06-06 06:00:00,166595,178278,3947,14359,16179,41119,5161,21215,42820,106508,0,1745,3486,3706,9401,12128,10925,35341,-63688,-1745,-11683,-220,-2727,-10412,-24940,-16054,-24416,3
2022-06-06 07:00:00,198320,189080,5018,14593,16529,41277,5910,20962,60600,110720,0,1938,3445,3919,9177,12270,10106,34977,-50120,-1938,9240,-474,-3093,-9575,-24748,-15052,-24871,2
2022-06-06 08:00:00,219325,198421,6152,14340,16989,41934,6119,21137,67796,112960,0,1990,3483,4065,8517,12205,7947,35483,-45164,-1990,20904,-582,-3688,-8188,-24945,-15018,-27536,2
2022-06-06 09:00:00,233288,205119,6775,14248,16476,40660,5565,20925,70752,114460,0,2015,3165,4121,8422,12125,6571,34366,-43708,-2015,28169,-956,-3703,-7473,-24184,-15360,-27795,2
2022-06-06 10:00:00,240227,197769,6967,14061,16726,41264,5246,20999,72740,117376,0,2001,3161,4220,8664,12344,7273,35533,-44636,-2001,42458,-1059,-3680,-7094,-24538,-15753,-28260,2
2022-06-06 11:00:00,231505,191416,6861,13868,17137,42497,4748,21044,73468,119104,0,1987,3137,4112,8868,12194,9436,37236,-45636,-1987,40089,-975,-3326,-7007,-25360,-16296,-27800,2
2022-06-06 12:00:00,223170,185434,6451,14190,17374,43117,3939,21024,75688,117048,0,1912,2911,4037,9074,12501,11218,40390,-41360,-1912,37736,-1126,-3427,-7739,-25743,-17085,-29172,2
2022-06-06 13:00:00,209106,185577,5514,14771,16657,43304,3432,21291,75148,114400,0,1893,2735,4050,9594,12960,11491,42219,-39252,-1893,23529,-1315,-3366,-9257,-26647,-17859,-30728,2
2022-06-06 14:00:00,190487,183958,4453,15548,14729,42276,3139,21451,72700,114408,0,1903,2279,4243,10773,13208,13147,44921,-41708,-1903,6529,-1964,-2435,-11095,-27547,-18312,-31774,2
2022-06-06 15:00:00,153348,187137,2985,16323,12899,41032,2525,21308,69000,114424,0,2040,1697,4084,10699,13042,11539,47975,-45424,-2040,-33789,-2387,-2343,-13338,-28133,-18783,-36436,1
2022-06-06 16:00:00,128546,187857,1504,17355,11567,40426,2345,21636,67748,113396,0,2092,1260,3768,10478,12757,10256,47628,-45648,-2092,-59311,-2508,-2279,-15851,-28859,-19291,-37372,1
2022-06-06 17:00:00,112839,188737,815,18103,10766,39552,2277,21629,59108,113100,0,1954,1150,3570,10555,12756,9327,47254,-53992,-1954,-75898,-2420,-2201,-17288,-28786,-19352,-37927,1
2022-06-06 18:00:00,101817,185629,600,18715,9897,38758,2165,21135,48544,115128,0,1844,1239,3386,10448,12365,8667,46897,-66584,-1844,-83812,-2147,-1917,-18115,-28861,-18970,-38230,1
2022-06-06 19:00:00,96805,184504,590,18628,8132,35943,1549,19846,44952,116112,0,1799,1356,3290,10306,11807,8065,46344,-71160,-1799,-87699,-1934,-1501,-18038,-27811,-18297,-38279,4
2022-06-06 20:00:00,90566,180419,598,17285,6903,33005,1267,18493,41628,111304,0,1715,1368,3149,9954,11269,7949,45412,-69676,-1715,-89853,-1781,-1315,-16687,-26102,-17226,-37463,4
2022-06-06 21:00:00,83132,167368,610,15964,6145,30226,1102,17206,35396,102436,0,1612,1214,3089,9421,10896,7849,43009,-67040,-1612,-84236,-1875,-1475,-15354,-24081,-16104,-35160,4
2022-06-06 22:00:00,75207,158128,610,14864,5681,28533,1148,16572,31204,98632,0,1400,1322,2895,9196,10677,8003,40853,-67428,-1400,-82921,-1573,-1481,-14254,-22852,-15424,-32850,1
2022-06-06 23:00:00,77893,155436,624,14223,5624,27536,1081,16361,26276,93816,0,1258,1544,2812,9029,10662,8660,39222,-67540,-1258,-77543,-1268,-1633,-13599,-21912,-15280,-30562,1
2022-06-07 00:00:00,86302,154234,611,13875,5531,27047,1066,16243,24596,91080,0,1192,1672,2829,8842,10964,9290,38535,-66484,-1192,-67932,-1157,-2122,-13264,-21516,-15177,-29245,3
2022-06-07 01:00:00,93793,155550,603,13810,5695,26975,1203,15964,24844,88840,0,1185,1440,2849,9109,11163,9594,38364,-63996,-1185,-61757,-1409,-2054,-13207,-21280,-14761,-28770,1
2022-06-07 02:00:00,98843,163624,611,14134,6049,27649,1239,16261,26796,88880,0,1156,1397,3012,9846,11550,9435,38773,-62084,-1156,-64781,-1615,-1704,-13523,-21600,-15022,-29338,1
2022-06-07 03:00:00,98350,181445,890,15749,7335,31197,1494,18633,27420,91464,0,1123,1546,3466,10563,13144,8978,39696,-64044,-1123,-83095,-1920,-2581,-14859,-23862,-17139,-30718,1
2022-06-07 04:00:00,105373,212620,1712,18365,10856,36658,2579,20648,28056,100140,0,1198,1717,4092,10794,14314,7843,42757,-72084,-1198,-107247,-2375,-3520,-16653,-25802,-18069,-34914,1
2022-06-07 05:00:00,127452,233816,3356,19076,15004,41513,3780,21560,28864,109176,0,1449,2036,4456,10856,14959,7233,46523,-80312,-1449,-106364,-2420,-4103,-15720,-26509,-17780,-39290,1
2022-06-07 06:00:00,148860,244491,4966,18963,17299,43734,4485,21755,43400,115448,0,1774,2271,4653,10872,14988,7127,47662,-72048,-1774,-95631,-2382,-4116,-13997,-26435,-17270,-40535,1
2022-06-07 07:00:00,173223,250513,6195,18870,17812,43956,4993,21493,59380,119400,0,1916,2524,4652,10741,14893,6839,47441,-60020,-1916,-77290,-2128,-4152,-12675,-26144,-16500,-40602,1
2022-06-07 08:00:00,194175,255983,6852,18981,18198,44130,5486,22028,65208,122648,0,1922,2719,4515,10687,14731,6291,45680,-57440,-1922,-61808,-1796,-4044,-12129,-25932,-16542,-39389,3
2022-06-07 09:00:00,200543,261053,6734,19561,17299,42486,5023,21994,65780,125032,0,1878,2799,4422,10552,14533,5473,43428,-59252,-1878,-60510,-1623,-3981,-12827,-25187,-16971,-37955,3
2022-06-07 10:00:00,201587,258496,6334,20076,17125,42325,4755,22172,67144,127416,0,1878,2827,4395,10586,14327,5397,42072,-60272,-1878,-56909,-1568,-3741,-13742,-25200,-17417,-36675,3
2022-06-07 11:00:00,198902,255463,5796,20209,16718,42586,4397,22023,66880,128064,0,1860,2851,4378,10616,14249,4972,41262,-61184,-1860,-56561,-1527,-3633,-14413,-25868,-17626,-36290,3
2022-06-07 12:00:00,188719,252318,5099,20866,16719,43334,3686,21898,65708,125836,0,1753,3040,4264,10659,14290,4439,39594,-60128,-1753,-63599,-1224,-3631,-15767,-26615,-18212,-35155,3
2022-06-07 13:00:00,174985,245878,4550,21405,15248,43201,3099,21683,67464,123720,0,1747,3250,4283,10635,14399,4290,39305,-56256,-1747,-70893,-1033,-3764,-16855,-27953,-18584,-35015,3
2022-06-07 14:00:00,157198,240723,3640,21647,14233,42053,2197,21413,72796,124124,0,1755,3079,4567,10543,14433,3793,41691,-51328,-1755,-83525,-1488,-3890,-18007,-27820,-19216,-37898,3
2022-06-07 15:00:00,137500,241665,2694,21734,13231,40755,1925,21507,69732,124412,0,1896,3115,4367,10589,14075,3474,45432,-54680,-1896,-104165,-1252,-3486,-19040,-27524,-19582,-41958,3
2022-06-07 16:00:00,117001,241108,1915,22079,12301,39906,1867,21871,68096,123128,0,1946,3193,4108,9969,14135,3387,46814,-55032,-1946,-124107,-915,-4166,-20164,-27605,-20004,-43427,3
2022-06-07 17:00:00,94928,232632,1372,22297,11077,38817,1657,21884,62944,122080,0,1844,2967,3937,10150,14189,2819,48712,-59136,-1844,-137704,-970,-4039,-20925,-27740,-20227,-45893,3
2022-06-07 18:00:00,78340,224014,1195,22442,10438,38276,1466,21193,51140,121452,0,1790,2549,3666,9972,13642,2749,50051,-70312,-1790,-145674,-1117,-3670,-21247,-27838,-19727,-47302,3
2022-06-07 19:00:00,67050,214616,1036,21782,8681,35304,1359,19843,41416,121568,0,1752,2312,3519,9921,12778,2925,50377,-80152,-1752,-147566,-1207,-2857,-20746,-26623,-18484,-47452,3
2022-06-07 20:00:00,64255,202525,999,20743,7462,32428,1225,18389,40704,115312,0,1669,2251,3318,9803,12141,3952,49773,-74608,-1669,-138270,-1067,-2338,-19744,-24966,-17164,-45821,3
2022-06-07 21:00:00,59002,187212,958,19643,6812,29760,1119,17170,39540,105556,0,1540,2262,3079,9790,11539,3799,47119,-66016,-1540,-128210,-817,-1749,-18685,-22948,-16051,-43320,3
2022-06-07 22:00:00,57818,176988,1013,18415,6931,28199,1002,16517,34504,101996,0,1336,2500,2972,9461,11211,3467,44273,-67492,-1336,-119170,-472,-1750,-17402,-21268,-15515,-40806,3
2022-06-07 23:00:00,56259,171370,1088,17317,7571,27291,891,16130,31816,97636,0,1187,2796,2953,9520,11357,3805,42342,-65820,-1187,-115111,-157,-1837,-16229,-19720,-15239,-38537,3
2022-06-08 00:00:00,54667,168801,1092,16740,7563,26859,816,16101,31508,94396,0,1128,2604,2917,9447,11353,4103,41178,-62888,-1128,-114134,-313,-1906,-15648,-19296,-15285,-37075,3
2022-06-08 01:00:00,54481,170717,1021,16587,7655,27015,732,15986,33584,92892,0,1125,2540,2938,9479,10926,3960,40567,-59308,-1125,-116236,-398,-1447,-15566,-19360,-15254,-36607,3
2022-06-08 02:00:00,53040,175455,925,16777,7235,27475,829,16559,35092,93032,0,1122,2241,3090,9747,11225,2915,40575,-57940,-1122,-122415,-849,-1478,-15852,-20240,-15730,-37660,3
2022-06-08 03:00:00,48583,188592,1170,17847,8549,31128,1135,19002,36608,95512,0,1117,2156,3556,11093,13045,2737,40770,-58904,-1117,-140009,-1400,-1952,-16677,-22579,-17867,-38033,1
2022-06-08 04:00:00,61768,216258,1602,20117,12929,36509,1917,20893,37044,103272,0,1182,1930,4098,11440,14383,2849,42716,-66228,-1182,-154490,-2168,-2943,-18515,-23580,-18976,-39867,1
2022-06-08 05:00:00,83178,235691,2379,20781,16574,40892,2798,21724,38236,111808,0,1416,1946,4365,11678,14691,2547,45939,-73572,-1416,-152513,-2419,-3013,-18402,-24318,-18926,-43392,1
2022-06-08 06:00:00,110566,244958,3562,20706,16925,42035,3176,21844,49184,116492,0,1752,2020,4480,11894,14870,2772,46378,-67308,-1752,-134392,-2460,-2976,-17144,-25110,-18668,-43606,1
2022-06-08 07:00:00,131983,247678,4658,20425,17073,42109,3400,21670,61624,119732,0,1869,2006,4593,12043,14955,4068,45037,-58108,-1869,-115695,-2587,-2912,-15767,-25036,-18270,-40969,1
2022-06-08 08:00:00,149306,252930,5084,20243,17539,42166,3737,21976,70524,122396,0,1882,1995,4605,11980,14735,5374,45972,-51872,-1882,-103624,-2610,-2755,-15159,-24627,-18239,-40598,1
2022-06-08 09:00:00,154990,258838,5329,20589,16583,40243,3851,22079,76832,124592,0,1883,1996,4446,12011,14647,6096,48071,-47760,-1883,-103848,-2450,-2636,-15260,-23660,-18228,-41975,1
2022-06-08 10:00:00,152766,258317,5153,20957,16089,40811,4163,22162,81348,127400,0,1918,2016,4443,12103,14475,6503,49848,-46052,-1918,-105551,-2427,-2372,-15804,-24722,-17999,-43345,1
2022-06-08 11:00:00,146125,255003,5085,20764,15966,42172,4036,21882,84324,129240,0,1887,1988,4396,11993,14037,7001,51362,-44916,-1887,-108878,-2408,-2044,-15679,-26206,-17846,-44361,1
2022-06-08 12:00:00,133010,250653,4994,20867,15722,42259,3599,21779,88780,127596,0,1789,1856,4231,11890,14201,5425,51462,-38816,-1789,-117643,-2375,-2311,-15873,-26537,-18180,-46037,1
2022-06-08 13:00:00,126424,245258,4295,21204,14816,41867,2835,21368,92628,125496,0,1776,1732,4242,11851,14329,5258,51739,-32868,-1776,-118834,-2510,-2478,-16909,-27051,-18533,-46481,1
2022-06-08 14:00:00,108180,242582,3418,21676,13536,41734,2525,21400,87504,125000,0,1840,1424,4411,11796,14465,5051,52817,-37496,-1840,-134402,-2987,-2669,-18258,-28198,-18875,-47766,1
2022-06-08 15:00:00,97540,243052,2435,21850,13031,40805,1989,21287,83776,123412,0,2036,1045,4288,11525,14086,5303,54273,-39636,-2036,-145512,-3243,-2561,-19415,-27774,-19298,-48970,1
2022-06-08 16:00:00,86065,241098,1391,22175,12047,40405,1842,21681,78960,121648,0,2096,833,4072,10825,13972,5772,52302,-42688,-2096,-155033,-3239,-3147,-20784,-28358,-19839,-46530,1
2022-06-08 17:00:00,80407,234957,813,22328,10554,39298,1851,21787,73532,121524,0,1924,676,3862,10695,13867,7271,51170,-47992,-1924,-154550,-3186,-3172,-21515,-28744,-19936,-43899,1
2022-06-08 18:00:00,67492,224194,610,22438,9322,38187,1734,21323,62056,121324,0,1808,623,3655,10539,13509,8660,50858,-59268,-1808,-156702,-3032,-2970,-21828,-28865,-19589,-42198,1
2022-06-08 19:00:00,57972,217225,602,21714,8268,35425,1539,20071,53880,120816,0,1743,620,3528,10314,13108,7865,50207,-66936,-1743,-159253,-2908,-2794,-21112,-27157,-18532,-42342,1
2022-06-08 20:00:00,55718,204104,613,20688,7913,32580,1570,18522,51716,115676,0,1626,668,3341,10118,12318,7570,48661,-63960,-1626,-148386,-2673,-2200,-20075,-24667,-16952,-41091,1
2022-06-08 21:00:00,57383,189674,592,19649,7573,29960,1380,17411,46680,107508,0,1522,707,3127,9858,11659,6736,46005,-60828,-1522,-132291,-2420,-1801,-19057,-22387,-16031,-39269,1
2022-06-08 22:00:00,54533,180879,574,18410,7220,28146,1357,16745,38328,104136,0,1343,721,2966,9673,11277,5584,43358,-65808,-1343,-126346,-2245,-1604,-17836,-20926,-15388,-37774,1
2022-06-08 23:00:00,54171,174350,578,17481,7594,27169,1074,16436,35312,98988,0,1327,670,2896,9700,11206,5666,41601,-63676,-1327,-120179,-2226,-1506,-16903,-19575,-15362,-35935,1
2022-06-09 00:00:00,57565,173733,568,16879,7737,26815,882,16406,33204,95956,0,1295,652,2879,9758,10960,5087,40815,-62752,-1295,-116168,-2227,-1202,-16311,-19078,-15524,-35728,4
2022-06-09 01:00:00,59716,176067,580,16794,7896,26834,947,16182,32156,94468,0,1380,620,2918,9774,10757,4152,40275,-62312,-1380,-116351,-2298,-983,-16214,-18938,-15235,-36123,4
2022-06-09 02:00:00,62429,181083,631,16911,8022,27523,1280,16505,32216,94348,0,1607,631,3055,9969,11244,3633,40525,-62132,-1607,-118654,-2424,-1275,-16280,-19501,-15225,-36892,4
2022-06-09 03:00:00,61391,195327,897,17904,9759,31379,1510,18856,31684,96872,0,1697,726,3571,10971,12620,4154,40841,-65188,-1697,-133936,-2845,-1649,-17007,-21620,-17346,-36687,4
2022-06-09 04:00:00,68495,221803,1507,20135,12343,36628,1954,20953,33812,103364,0,1546,725,4131,11150,13849,4342,42816,-69552,-1546,-153308,-3406,-2699,-18628,-24285,-18999,-38474,1
2022-06-09 05:00:00,86215,239747,2242,21031,16430,41051,2631,21766,41008,111784,0,1493,777,4408,11333,14545,3439,45317,-70776,-1493,-153532,-3631,-3212,-18789,-24621,-19135,-41878,1
2022-06-09 06:00:00,102156,250227,2924,21308,16836,42014,3395,21954,54692,117204,0,1825,877,4503,11253,14651,3218,45137,-62512,-1825,-148071,-3626,-3398,-18384,-25178,-18559,-41919,1
2022-06-09 07:00:00,116852,252594,3754,21106,17425,41982,4456,22102,70648,120648,0,1957,972,4561,11178,14690,3443,42108,-50000,-1957,-135742,-3589,-3512,-17352,-24557,-17646,-38665,1
2022-06-09 08:00:00,129818,257318,4527,20890,17735,41997,4668,22286,77092,123020,0,1960,1028,4566,11125,14817,3816,39085,-45928,-1960,-127500,-3538,-3692,-16363,-24262,-17618,-35269,1
2022-06-09 09:00:00,140997,258834,4777,20868,17976,41325,4693,22294,80204,124852,0,1949,1213,4510,10947,14634,4149,37515,-44648,-1949,-117837,-3297,-3687,-16091,-23349,-17601,-33366,1
2022-06-09 10:00:00,148505,259529,4974,21188,15323,39541,4523,22085,81920,127812,0,1982,1540,4505,10847,14610,4238,35840,-45892,-1982,-111024,-2965,-3763,-16214,-24218,-17562,-31602,1
2022-06-09 11:00:00,155737,255663,4778,21062,16046,40327,4344,22260,84292,128564,0,1963,1532,4432,10704,14498,5144,35762,-44272,-1963,-99926,-2900,-3794,-16284,-24281,-17916,-30618,1
2022-06-09 12:00:00,158797,250884,4749,21169,15131,40196,4092,22646,86292,127108,0,1893,1634,4350,10639,14617,5260,35750,-40816,-1893,-92087,-2716,-3978,-16420,-25065,-18554,-30490,1
2022-06-09 13:00:00,158132,246951,4210,21411,14793,39877,3090,22090,86360,124812,0,1839,1690,4345,10644,14651,4883,36135,-38452,-1839,-88819,-2655,-4007,-17201,-25084,-19000,-31252,1
2022-06-09 14:00:00,147499,244774,3354,21305,14142,39151,2646,21946,84576,124436,0,1879,1556,4440,10580,14574,5898,38282,-39860,-1879,-97275,-2884,-3994,-17951,-25009,-19300,-32384,1
2022-06-09 15:00:00,129390,243193,2535,21177,13476,37995,2221,21811,83608,124752,0,1995,1390,4288,10566,14371,6642,41981,-41144,-1995,-113803,-2898,-3805,-18642,-24519,-19590,-35339,1
2022-06-09 16:00:00,106768,240290,1722,21657,13283,37868,2168,21991,82176,124100,0,1986,1535,4057,9941,14037,6508,43711,-41924,-1986,-133522,-2522,-4096,-19935,-24585,-19823,-37203,1
2022-06-09 17:00:00,89557,233690,1412,21799,11947,36910,2089,21832,75212,123624,0,1834,1639,3848,9903,13846,5209,46374,-48412,-1834,-144133,-2209,-3943,-20387,-24963,-19743,-41165,1
2022-06-09 18:00:00,75832,224940,1276,21940,10426,36069,1788,21160,64592,122788,0,1753,1541,3647,9898,13491,5238,48974,-58196,-1753,-149108,-2106,-3593,-20664,-25643,-19372,-43736,1
2022-06-09 19:00:00,62976,215635,1396,21326,9328,33446,1799,19979,55696,122108,0,1712,1540,3505,9813,13113,5914,49676,-66412,-1712,-152659,-1965,-3300,-19930,-24118,-18180,-43762,1
2022-06-09 20:00:00,59019,205586,1435,20387,8417,30712,1758,18595,57136,116624,0,1632,1703,3279,9779,12308,6290,49229,-59488,-1632,-146567,-1576,-2529,-18952,-22295,-16837,-42939,3
2022-06-09 21:00:00,58314,191403,1376,19453,8806,28127,1814,17422,53224,108148,0,1572,1794,3087,9471,11370,6042,46569,-54924,-1572,-133089,-1293,-1899,-18077,-19321,-15608,-40527,3
2022-06-09 22:00:00,58303,181954,1403,18193,7998,26754,1896,16784,44892,104148,0,1336,1785,2957,9793,11255,7389,43850,-59256,-1336,-123651,-1172,-1462,-16790,-18756,-14888,-36461,3
2022-06-09 23:00:00,64149,176202,1515,17219,7695,25885,1991,16464,44480,98260,0,1177,1866,2869,9860,11242,7427,42165,-53780,-1177,-112053,-1003,-1382,-15704,-18190,-14473,-34738,3
2022-06-10 00:00:00,68528,175166,1574,16697,7334,25504,2012,16340,42088,95072,0,1088,1842,2843,9777,11356,8014,41110,-52984,-1088,-106638,-1001,-1579,-15123,-18170,-14328,-33096,3
2022-06-10 01:00:00,66424,176048,1574,16578,7483,25546,2064,16124,39496,93512,0,1079,1521,2867,9434,10994,8061,40435,-54016,-1079,-109624,-1346,-1560,-15004,-18063,-14060,-32374,1
2022-06-10 02:00:00,66924,180246,1538,16774,7686,26358,2212,16562,38288,93452,0,1031,1441,2997,9664,11459,7819,40581,-55164,-1031,-113322,-1556,-1795,-15236,-18672,-14350,-32762,1
2022-06-10 03:00:00,66288,192782,1710,17753,10041,29732,2523,19017,34452,96040,0,976,1439,3496,10350,12735,7670,41153,-61588,-976,-126494,-2057,-2385,-16043,-19691,-16494,-33483,1
2022-06-10 04:00:00,75474,217382,2288,19821,13959,34864,3147,20915,32132,102788,0,1054,1434,4025,10540,14135,7175,43596,-70656,-1054,-141908,-2591,-3595,-17533,-20905,-17768,-36421,1
2022-06-10 05:00:00,101047,236501,3515,20328,17064,39120,3744,21804,35188,111464,0,1297,1645,4313,10784,14654,7539,47699,-76276,-1297,-135454,-2668,-3870,-16813,-22056,-18060,-40160,1
2022-06-10 06:00:00,130316,247544,4947,20051,18946,40396,4509,22323,46232,116932,0,1611,1968,4440,10952,14556,6391,49286,-70700,-1611,-117228,-2472,-3604,-15104,-21450,-17814,-42895,1
2022-06-10 07:00:00,163595,252235,6036,19772,20672,41228,5110,22073,56640,121124,0,1735,2332,4551,11082,14651,7365,47873,-64484,-1735,-88640,-2219,-3569,-13736,-20556,-16963,-40508,1
2022-06-10 08:00:00,188247,255188,6698,19752,21882,41281,5694,22379,58712,124184,0,1763,2471,4483,11243,14492,8114,44244,-65472,-1763,-66941,-2012,-3249,-13054,-19399,-16685,-36130,1
2022-06-10 09:00:00,199782,256531,7199,19829,20858,39739,6193,22340,61272,126524,0,1792,2733,4382,11391,14133,8073,41058,-65252,-1792,-56749,-1649,-2742,-12630,-18881,-16147,-32985,3
2022-06-10 10:00:00,202369,254706,7047,20096,21522,39719,6289,21938,63200,130140,0,1785,2877,4274,11572,13924,8146,40617,-66940,-1785,-52337,-1397,-2352,-13049,-18197,-15649,-32471,3
2022-06-10 11:00:00,198037,248693,6866,19995,21195,39579,6163,21483,65456,131276,0,1764,3179,4294,11765,13715,8331,40383,-65820,-1764,-50656,-1115,-1950,-13129,-18384,-15320,-32052,3
2022-06-10 12:00:00,184234,244198,6311,20358,20193,39130,5599,21374,64044,129692,0,1685,3260,4166,11798,13509,8326,40563,-65648,-1685,-59964,-906,-1711,-14047,-18937,-15775,-32237,3
2022-06-10 13:00:00,167800,238621,5242,20981,20498,39095,5278,21556,62260,127416,0,1607,2892,4059,11859,13266,8738,42990,-65156,-1607,-70821,-1167,-1407,-15739,-18597,-16278,-34252,3
2022-06-10 14:00:00,143360,234445,4326,21264,19189,38637,4306,21383,63180,126992,0,1604,2400,4083,11301,13201,8776,46379,-63812,-1604,-91085,-1683,-1900,-16938,-19448,-17077,-37603,1
2022-06-10 15:00:00,114917,231981,3296,21026,17481,38207,3358,21147,63324,126760,0,1707,1995,4049,11358,12991,8156,49058,-63436,-1707,-117064,-2054,-1633,-17730,-20726,-17789,-40902,4
2022-06-10 16:00:00,95195,228272,2373,21190,16076,38072,2821,21384,67264,125944,0,1726,1745,3834,11234,12824,7714,48621,-58680,-1726,-133077,-2089,-1590,-18817,-21996,-18563,-40907,4
2022-06-10 17:00:00,75995,221614,1856,21229,15210,36893,2474,21345,62796,125320,0,1633,1455,3597,10954,12696,7879,48961,-62524,-1633,-145619,-2142,-1742,-19373,-21683,-18871,-41082,1
2022-06-10 18:00:00,64441,211442,1655,21190,14303,36052,2099,20846,54640,123748,0,1569,1154,3376,10807,12347,8287,49547,-69108,-1569,-147001,-2222,-1540,-19535,-21749,-18747,-41260,4
2022-06-10 19:00:00,54652,203188,1468,20947,12985,33548,1703,19956,50180,121452,0,1506,1119,3296,10940,11970,8297,48959,-71272,-1506,-148536,-2177,-1030,-19479,-20563,-18253,-40662,4
2022-06-10 20:00:00,49402,193334,1491,20073,11947,31043,1511,18564,51368,116132,0,1431,1237,3163,10923,11615,8668,48263,-64764,-1431,-143932,-1926,-692,-18582,-19096,-17053,-39595,4
2022-06-10 21:00:00,44893,180567,1486,19076,10995,28519,1575,17274,49100,108796,0,1371,1243,2994,10112,11244,9480,46038,-59696,-1371,-135674,-1751,-1132,-17590,-17524,-15699,-36558,4
2022-06-10 22:00:00,47371,171370,1446,17918,10772,27018,1443,16477,45048,105272,0,1197,1071,2831,9846,10543,11010,43462,-60224,-1197,-123999,-1760,-697,-16472,-16246,-15034,-32452,4
2022-06-10 23:00:00,45779,164979,1315,16914,10636,25940,1334,16033,43344,99772,0,1059,1085,2710,9714,10422,10803,41617,-56428,-1059,-119200,-1625,-708,-15599,-15304,-14699,-30814,4
2022-06-11 00:00:00,47638,161442,1281,16275,10301,25352,1263,15865,41472,95304,0,995,1043,2654,9644,10322,10560,40271,-53832,-995,-113804,-1611,-678,-14994,-15051,-14602,-29711,4
2022-06-11 01:00:00,51574,160499,1212,15977,10156,25128,1260,15281,39572,92792,0,959,994,2618,9615,10039,10058,39563,-53220,-959,-108925,-1624,-424,-14765,-14972,-14021,-29505,4
2022-06-11 02:00:00,54438,159054,1215,15719,10334,24861,1451,15157,38192,91428,0,924,917,2638,9506,10078,8356,38995,-53236,-924,-104616,-1721,-572,-14504,-14527,-13706,-30639,4
2022-06-11 03:00:00,63083,161547,1402,15682,11026,26046,1920,16037,37760,90444,0,886,949,2756,9875,10691,7727,38117,-52684,-886,-98464,-1807,-816,-14280,-15020,-14117,-30390,4
2022-06-11 04:00:00,76603,171231,1912,16475,13802,28986,2836,17526,36540,89880,0,919,1149,3034,10192,11361,6825,37410,-53340,-919,-94628,-1885,-1169,-14563,-15184,-14690,-30585,1
2022-06-11 05:00:00,96762,183597,3035,17186,17504,31471,3959,18662,39488,92604,0,1024,1488,3317,10490,11894,6204,36643,-53116,-1024,-86835,-1829,-1404,-14151,-13967,-14703,-30439,1
2022-06-11 06:00:00,126209,198359,4478,17518,19691,32605,5000,19247,53460,99460,0,581,1814,3550,10907,12463,5998,36008,-46000,-581,-72150,-1736,-1556,-13040,-12914,-14247,-30010,1
2022-06-11 07:00:00,161203,210522,5959,17496,20676,32436,5984,19343,67992,106572,0,733,2070,3710,10989,12501,5516,34541,-38580,-733,-49319,-1640,-1512,-11537,-11760,-13359,-29025,1
2022-06-11 08:00:00,195459,218258,7228,17157,21051,32096,6309,19213,75192,111364,0,765,2461,3781,10914,12267,5530,32020,-36172,-765,-22799,-1320,-1353,-9929,-11045,-12904,-26490,1
2022-06-11 09:00:00,208633,220295,7696,17125,21401,30860,6301,18990,79012,114320,0,785,2867,3789,11072,12310,5654,29329,-35308,-785,-11662,-922,-1238,-9429,-9459,-12689,-23675,1
2022-06-11 10:00:00,212467,217390,7640,17275,21723,30023,6058,18684,80912,116860,0,1545,3132,3775,11224,12412,6040,27721,-35948,-1545,-4923,-643,-1188,-9635,-8300,-12626,-21681,3
2022-06-11 11:00:00,210058,211038,7534,16924,21302,29625,5754,18188,84588,118896,0,1514,3558,3849,11108,11997,5183,27072,-34308,-1514,-980,-291,-889,-9390,-8323,-12434,-21889,3
2022-06-11 12:00:00,203331,205217,7174,17101,20630,29712,5214,18176,89660,117168,0,1454,4021,3764,11227,12359,4347,27429,-27508,-1454,-1886,257,-1132,-9927,-9082,-12962,-23082,3
2022-06-11 13:00:00,195095,203907,6524,17405,19464,30508,4476,18144,85688,113968,0,1390,4490,3746,11160,12341,5129,28023,-28280,-1390,-8812,744,-1181,-10881,-11044,-13668,-22894,3
2022-06-11 14:00:00,176805,201960,5295,17919,18192,31584,3484,18357,77996,112588,0,1414,4178,3857,11064,12723,6594,30508,-34592,-1414,-25155,321,-1659,-12624,-13392,-14873,-23914,3
2022-06-11 15:00:00,141385,201579,3857,18324,15733,32308,2740,18339,79080,112616,0,1501,3780,3855,10935,12604,7227,34931,-33536,-1501,-60194,-75,-1669,-14467,-16575,-15599,-27704,3
2022-06-11 16:00:00,104224,199126,2229,18805,14404,32793,2293,18421,78196,112248,0,1602,3380,3570,10589,12162,7635,38559,-34052,-1602,-94902,-190,-1573,-16576,-18389,-16128,-30924,3
2022-06-11 17:00:00,85825,194561,1405,19196,13269,32246,1960,18425,71804,111684,0,1549,2769,3337,10145,12031,7594,41527,-39880,-1549,-108736,-568,-1886,-17791,-18977,-16465,-33933,3
2022-06-11 18:00:00,77254,187265,1200,19515,12671,31944,1902,18443,62400,112168,0,751,2095,3121,10174,12068,7236,44005,-49768,-751,-110011,-1026,-1894,-18315,-19273,-16541,-36769,1
2022-06-11 19:00:00,74952,182092,1246,19476,11350,30108,1575,17755,56996,112724,0,712,1825,3031,10026,11639,7475,45248,-55728,-712,-107140,-1206,-1613,-18230,-18758,-16180,-37773,1
2022-06-11 20:00:00,66204,177721,1279,18255,9748,27874,927,16495,56840,109160,0,686,1717,2953,9821,11106,7210,45452,-52320,-686,-111517,-1236,-1285,-16976,-18126,-15568,-38242,1
2022-06-11 21:00:00,53226,167397,1293,17063,9627,25752,1011,15253,53784,103036,0,645,1729,2818,9318,10809,7083,43391,-49252,-645,-114171,-1089,-1491,-15770,-16125,-14242,-36308,1
2022-06-11 22:00:00,48618,157524,1243,15860,8962,24138,1305,14576,50728,96928,0,1230,1633,2746,9173,10694,6567,41557,-46200,-1230,-108906,-1113,-1521,-14617,-15176,-13271,-34990,3
2022-06-11 23:00:00,49193,150522,1185,15101,8610,23187,1395,14109,49560,91392,0,1107,1542,2725,9046,10622,5590,39813,-41832,-1107,-101329,-1183,-1576,-13916,-14577,-12714,-34223,1
2022-06-12 00:00:00,46820,146136,1142,14679,8551,22740,1349,13838,49344,86876,0,1057,1653,2594,8922,10593,5099,38873,-37532,-1057,-99316,-941,-1671,-13537,-14189,-12489,-33774,3
2022-06-12 01:00:00,47193,144588,1136,14482,8625,22639,1312,13188,51792,84448,0,1022,1609,2508,8862,10420,4522,38346,-32656,-1022,-97395,-899,-1558,-13346,-14014,-11876,-33824,3
2022-06-12 02:00:00,49680,143874,1109,14092,8401,21988,1405,12947,50780,82872,0,1002,1619,2530,8865,10339,4697,38254,-32092,-1002,-94194,-911,-1474,-12983,-13587,-11542,-33557,3
2022-06-12 03:00:00,54163,144625,1385,14040,9327,22217,1867,13345,49616,82672,0,935,1810,2651,8877,10893,4114,36835,-33056,-935,-90462,-841,-2016,-12655,-12890,-11478,-32721,3
2022-06-12 04:00:00,66679,149603,2097,14566,11875,23877,2669,14342,44504,81568,0,917,2094,2900,9247,11267,3153,34600,-37064,-917,-82924,-806,-2020,-12469,-12002,-11673,-31447,3
2022-06-12 05:00:00,90769,161593,3610,14954,16456,25765,3858,15277,47324,82380,0,983,2283,3210,9909,11625,2606,32532,-35056,-983,-70824,-927,-1716,-11344,-9309,-11419,-29926,3
2022-06-12 06:00:00,120887,174452,5268,15428,19436,27243,5077,15896,62540,86292,0,1113,2769,3412,10256,11851,2276,31075,-23752,-1113,-53565,-643,-1595,-10160,-7807,-10819,-28799,3
2022-06-12 07:00:00,159397,185356,6769,15691,20515,27748,5718,15972,79724,92608,0,1279,3232,3517,10537,12265,2481,29603,-12884,-1279,-25959,-285,-1728,-8922,-7233,-10254,-27122,3
2022-06-12 08:00:00,189154,192724,7598,15883,20962,27980,5947,16080,88276,97968,0,1398,3597,3627,10657,12436,3001,27780,-9692,-1398,-3570,-30,-1779,-8285,-7018,-10133,-24779,3
2022-06-12 09:00:00,207390,200155,7897,15915,21191,28096,5782,16185,91188,102288,0,1489,4010,3736,10383,12248,3843,27062,-11100,-1489,7235,274,-1865,-8018,-6905,-10403,-23219,2
2022-06-12 10:00:00,215397,198532,7890,15670,21477,27325,5520,16166,89100,105228,0,1561,4163,3792,9766,12335,4809,26905,-16128,-1561,16865,371,-2569,-7780,-5848,-10646,-22096,2
2022-06-12 11:00:00,217414,191162,7862,15498,20887,26951,5402,16169,90424,108652,0,1603,4030,3818,9850,12035,5474,25716,-18228,-1603,26252,212,-2185,-7636,-6064,-10767,-20242,2
2022-06-12 12:00:00,217233,187069,7346,15813,19773,27002,4782,15924,89352,109236,0,1538,4276,3848,9954,12023,5473,25205,-19884,-1538,30164,428,-2069,-8467,-7229,-11142,-19732,2
2022-06-12 13:00:00,207042,186727,6334,16411,18841,27622,3916,15855,87756,106404,0,1432,4229,3844,11016,12526,5089,27389,-18648,-1432,20315,385,-1510,-10077,-8781,-11939,-22300,2
2022-06-12 14:00:00,192329,189614,5184,17084,16746,28642,3257,16349,90212,105460,0,1449,4427,3905,11548,12702,5806,30195,-15248,-1449,2715,522,-1154,-11900,-11896,-13092,-24389,2
2022-06-12 15:00:00,157676,193586,3469,17656,13938,29812,2790,16838,86972,105228,0,1580,3869,3855,11971,12986,4679,34855,-18256,-1580,-35910,14,-1015,-14187,-15874,-14048,-30176,3
2022-06-12 16:00:00,120461,194786,1778,18515,14109,30883,1909,17088,79368,106184,0,823,3398,3665,11782,12810,3999,37987,-26816,-823,-74325,-267,-1028,-16737,-16774,-15179,-33988,3
2022-06-12 17:00:00,94754,193510,971,19136,13059,31046,1567,17359,73584,107084,0,795,2900,3492,11722,12534,3590,41675,-33500,-795,-98756,-592,-812,-18165,-17987,-15792,-38085,3
2022-06-12 18:00:00,81903,190996,721,19689,12190,31477,1272,17628,66572,109932,0,1563,2448,3334,11638,12388,3500,44887,-43360,-1563,-109093,-886,-750,-18968,-19287,-16356,-41387,4
2022-06-12 19:00:00,78609,188056,761,19651,11035,30089,1223,17287,60872,114360,0,768,2319,3232,11163,12344,3050,45768,-53488,-768,-109447,-913,-1181,-18890,-19054,-16064,-42718,1
2022-06-12 20:00:00,78209,185010,796,18390,9646,27770,922,16144,59452,113312,0,716,2437,3061,10387,12244,2934,45913,-53860,-716,-106801,-624,-1857,-17594,-18124,-15222,-42979,3
2022-06-12 21:00:00,68280,174333,766,16918,7675,25206,936,15179,58368,105124,0,1391,2487,2916,10100,11711,3248,43511,-46756,-1391,-106053,-429,-1611,-16152,-17531,-14243,-40263,3
2022-06-12 22:00:00,63242,168037,712,15825,7360,23833,1080,14768,55792,98712,0,1222,2453,2805,9683,11394,3415,42078,-42920,-1222,-104795,-352,-1711,-15113,-16473,-13688,-38663,3
2022-06-12 23:00:00,62926,162326,690,15166,7192,23110,1192,14601,57036,93268,0,1108,2320,2739,9575,11186,2943,40933,-36232,-1108,-99400,-419,-1611,-14476,-15918,-13409,-37990,3
2022-06-13 00:00:00,64528,160917,689,14828,6935,22876,1285,14647,62636,89328,0,1055,2241,2707,9429,10990,3132,40280,-26692,-1055,-96389,-466,-1561,-14139,-15941,-13362,-37148,3
2022-06-13 01:00:00,69588,163519,693,14789,6746,23235,1203,14454,64392,87076,0,1055,2122,2739,9756,10970,4537,40093,-22684,-1055,-93931,-617,-1214,-14096,-16489,-13251,-35556,3
2022-06-13 02:00:00,72453,170887,728,15037,6843,24441,1355,15051,61048,86616,0,1038,2049,2932,10627,11658,6654,40470,-25568,-1038,-98434,-883,-1031,-14309,-17598,-13696,-33816,3
2022-06-13 03:00:00,70816,185566,976,16411,8146,28854,1764,17740,54248,89744,0,1019,2022,3447,10634,13171,7196,40748,-35496,-1019,-114750,-1425,-2537,-15435,-20708,-15976,-33552,1
2022-06-13 04:00:00,87443,212303,1801,18872,12215,34550,2848,20107,45780,100156,0,1107,2247,3985,10869,14344,7548,42641,-54376,-1107,-124860,-1738,-3475,-17071,-22335,-17259,-35093,1
2022-06-13 05:00:00,110301,230921,3416,19530,15508,39295,4015,21364,45268,110348,0,1368,2702,4273,11073,14709,7799,44269,-65080,-1368,-120620,-1571,-3636,-16114,-23787,-17349,-36470,1
2022-06-13 06:00:00,132473,242115,5025,19548,17028,40979,4992,22027,51124,117724,0,1746,3032,4457,11012,14616,7661,43524,-66600,-1746,-109642,-1425,-3604,-14523,-23951,-17035,-35863,3
2022-06-13 07:00:00,156852,247407,6371,19339,16548,40871,5132,21727,59592,123160,0,1935,3361,4530,11069,14669,7460,41161,-63568,-1935,-90555,-1169,-3600,-12968,-24323,-16595,-33701,3
2022-06-13 08:00:00,188980,256903,7121,19327,17817,41452,5140,22035,65240,126836,0,1983,3568,4667,11207,14549,7192,39678,-61596,-1983,-67923,-1099,-3342,-12206,-23635,-16895,-32486,3
2022-06-13 09:00:00,213484,263581,7271,19662,18129,40573,4902,21928,67036,130356,0,2005,4233,4579,11256,14526,6973,37963,-63320,-2005,-50097,-346,-3270,-12391,-22444,-17026,-30990,3
2022-06-13 10:00:00,238917,262446,6943,20199,18190,40979,4974,21943,70804,134040,0,2021,4595,4557,11368,14271,6305,35692,-63236,-2021,-23529,38,-2903,-13256,-22789,-16969,-29387,3
2022-06-13 11:00:00,249264,258400,6809,20317,17947,42271,5201,21764,72436,136648,0,2027,4942,4470,11449,14130,5397,34587,-64212,-2027,-9136,472,-2681,-13508,-24324,-16563,-29190,3
2022-06-13 12:00:00,248888,255371,6411,20676,16849,42742,5113,21700,75876,137068,0,1940,5307,4396,11474,14028,4696,34534,-61192,-1940,-6483,911,-2554,-14265,-25893,-16587,-29838,3
2022-06-13 13:00:00,243286,250608,5381,21151,16117,43405,4801,21377,75524,136408,0,1936,5624,4306,11454,14162,4427,35482,-60884,-1936,-7322,1318,-2708,-15770,-27288,-16576,-31055,3
2022-06-13 14:00:00,217654,245779,4152,21384,14542,42760,4227,20901,74772,136832,0,1965,5378,4483,11295,14215,4313,38204,-62060,-1965,-28125,895,-2920,-17232,-28218,-16674,-33891,3
2022-06-13 15:00:00,181787,246177,2873,21589,13222,41110,3999,20884,72856,136932,0,2068,5211,4323,11197,14261,3708,42243,-64076,-2068,-64390,888,-3064,-18716,-27888,-16885,-38535,3
2022-06-13 16:00:00,144840,241168,1855,22100,12413,40562,3783,21157,69372,135068,0,2141,4877,4097,10955,14096,2845,43765,-65696,-2141,-96328,780,-3141,-20245,-28149,-17374,-40920,3
2022-06-13 17:00:00,115850,232355,1407,22222,10492,39416,3380,21063,63320,133708,0,1965,4598,3872,10758,13663,2087,46571,-70388,-1965,-116505,726,-2905,-20815,-28924,-17683,-44484,3
2022-06-13 18:00:00,98557,221138,1379,22106,9936,38634,3133,20623,54460,132472,0,1854,4404,3663,10757,13385,1621,48688,-78012,-1854,-122581,741,-2628,-20727,-28698,-17490,-47067,3
2022-06-13 19:00:00,81220,213421,1085,21508,9170,35785,3165,19406,49108,131276,0,896,4239,3514,10707,13047,1302,49593,-82168,-896,-132201,725,-2340,-20423,-26615,-16241,-48291,3
2022-06-13 20:00:00,77325,203865,1186,20285,8094,33178,3485,18069,49060,126708,0,838,4188,3336,10532,12233,1283,49252,-77648,-838,-126540,852,-1701,-19099,-25084,-14584,-47969,3
2022-06-13 21:00:00,73976,190820,1269,19214,6016,30375,3746,16859,41452,116980,0,1582,4175,3144,10247,11637,1305,46902,-75528,-1582,-116844,1031,-1390,-17945,-24359,-13113,-45597,3
2022-06-13 22:00:00,70019,183379,1337,17911,5263,28678,3987,16227,34724,112116,0,1368,4086,3056,10094,11015,1261,44470,-77392,-1368,-113360,1030,-921,-16574,-23415,-12240,-43209,3
2022-06-13 23:00:00,71232,177325,1365,16879,4902,27552,4042,15972,29604,106792,0,1240,3882,2975,10131,10865,1338,42669,-77188,-1240,-106093,907,-734,-15514,-22650,-11930,-41331,3
2022-06-14 00:00:00,71199,174516,1266,16343,4823,27096,4089,15905,29916,103012,0,1174,3764,2919,10162,10701,1227,41878,-73096,-1174,-103317,845,-539,-15077,-22273,-11816,-40651,3
2022-06-14 01:00:00,70833,177430,1066,16142,4915,27096,3984,15487,31676,100672,0,1155,3672,2930,10236,10919,1020,41217,-68996,-1155,-106597,742,-683,-15076,-22181,-11503,-40197,3
2022-06-14 02:00:00,62471,180089,1059,16269,4657,27736,3914,15980,30720,99644,0,1120,3546,3082,10617,11776,787,41233,-68924,-1120,-117618,464,-1159,-15210,-23079,-12066,-40446,3
2022-06-14 03:00:00,58980,192762,1349,17269,6464,31460,3888,18298,29236,102484,0,1116,3498,3562,10905,13118,816,41365,-73248,-1116,-133782,-64,-2213,-15920,-24996,-14410,-40549,3
2022-06-14 04:00:00,74799,217367,2049,19186,10260,36676,4837,20211,28024,109568,0,1164,3543,4071,10859,14062,1105,41860,-81544,-1164,-142568,-528,-3203,-17137,-26416,-15374,-40755,3
2022-06-14 05:00:00,100394,234981,3630,19415,13265,41223,6606,21120,24924,118416,0,1429,3713,4329,10926,14098,1446,43135,-93492,-1429,-134587,-616,-3172,-15785,-27958,-14514,-41689,3
2022-06-14 06:00:00,124080,245185,5203,18961,14834,42783,7677,21278,32812,124980,0,1767,3823,4362,10831,14194,1599,42075,-92168,-1767,-121105,-539,-3363,-13758,-27949,-13601,-40476,3
2022-06-14 07:00:00,151630,249333,6367,18622,15622,42979,8153,20929,43944,130796,0,1936,3760,4415,10954,14243,1562,39384,-86852,-1936,-97703,-655,-3289,-12255,-27357,-12776,-37822,3
2022-06-14 08:00:00,166638,252714,6806,18743,16624,43333,8353,21296,55744,134488,0,1977,3648,4451,11006,14303,1556,36798,-78744,-1977,-86076,-803,-3297,-11937,-26709,-12943,-35242,3
2022-06-14 09:00:00,178851,258225,6581,19148,17071,41940,8372,21442,61376,137996,0,2007,3785,4498,10890,14281,1668,35776,-76620,-2007,-79374,-713,-3391,-12567,-24869,-13070,-34108,3
2022-06-14 10:00:00,193613,256836,6586,19428,16824,41964,8551,21359,63656,141400,0,2002,4002,4488,10920,14168,1455,34498,-77744,-2002,-63223,-486,-3248,-12842,-25140,-12808,-33043,3
2022-06-14 11:00:00,200822,254594,6374,19105,17273,43321,8334,21092,67892,143684,0,1989,3977,4408,10914,13844,1438,33886,-75792,-1989,-53772,-431,-2930,-12731,-26048,-12758,-32448,3
2022-06-14 12:00:00,193374,251086,6121,19363,16401,44062,7828,20925,69408,143192,0,1906,3890,4306,10850,13557,1539,33812,-73784,-1906,-57712,-416,-2707,-13242,-27661,-13097,-32273,3
2022-06-14 13:00:00,170303,244236,5539,19669,14651,44393,7268,20887,68548,142508,0,1915,3653,4242,10968,13745,1485,34694,-73960,-1915,-73933,-589,-2777,-14130,-29742,-13619,-33209,3
2022-06-14 14:00:00,146434,236222,4379,20089,13768,43819,6190,20772,68224,142536,0,1964,3367,4437,10943,13855,1310,37120,-74312,-1964,-89788,-1070,-2912,-15710,-30051,-14582,-35810,3
2022-06-14 15:00:00,116591,236148,3161,20366,11951,42503,4988,21010,63752,141368,0,2098,3230,4321,10804,13736,1460,41190,-77616,-2098,-119557,-1091,-2932,-17205,-30552,-16022,-39730,3
2022-06-14 16:00:00,91613,234830,1746,21001,12164,41723,4094,21176,59436,138804,0,2163,2665,4100,10473,13543,1848,43025,-79368,-2163,-143217,-1435,-3070,-19255,-29559,-17082,-41177,3
2022-06-14 17:00:00,73289,229496,962,21307,11338,40395,3666,21193,52680,136744,0,2028,2194,3871,10319,13617,1971,46021,-84064,-2028,-156207,-1677,-3298,-20345,-29057,-17527,-44050,3
2022-06-14 18:00:00,60288,220530,687,21462,9255,39524,3329,20822,45296,135248,0,1940,1632,3669,10267,13223,2004,48424,-89952,-1940,-160242,-2037,-2956,-20775,-30269,-17493,-46420,1
2022-06-14 19:00:00,56355,212863,664,21060,7493,36582,2768,19756,41128,133548,0,1885,1371,3513,10297,13051,2343,48910,-92420,-1885,-156508,-2142,-2754,-20396,-29089,-16988,-46567,1
2022-06-14 20:00:00,54541,200984,660,20012,6125,33814,2625,18388,40092,129832,0,1766,1230,3330,10085,12175,3156,48153,-89740,-1766,-146443,-2100,-2090,-19352,-27689,-15763,-44997,1
2022-06-14 21:00:00,51110,186333,634,19047,5700,31139,2558,17160,35972,120580,0,1635,1147,3145,9619,11418,3933,45731,-84608,-1635,-135223,-1998,-1799,-18413,-25439,-14602,-41798,1
2022-06-14 22:00:00,49622,177148,567,17737,4878,29177,2484,16552,34040,114924,0,1407,1223,3010,9759,10928,3517,43038,-80884,-1407,-127526,-1787,-1169,-17170,-24299,-14068,-39521,4
2022-06-14 23:00:00,50928,171366,558,16786,4845,28241,2375,16154,33812,108720,0,1280,1219,2926,9657,10758,3592,41503,-74908,-1280,-120438,-1707,-1101,-16228,-23396,-13779,-37911,4
2022-06-15 00:00:00,53071,170384,559,16224,4055,27706,2211,16049,32856,104380,0,1211,1172,2923,9634,10664,3034,40719,-71524,-1211,-117313,-1751,-1030,-15665,-23651,-13838,-37685,4
2022-06-15 01:00:00,53222,171302,556,16121,3977,27775,2117,15773,30304,102064,0,1198,1204,2920,9501,10795,2352,40148,-71760,-1198,-118080,-1716,-1294,-15565,-23798,-13656,-37796,1
2022-06-15 02:00:00,47032,174783,588,16284,4181,28538,2052,16139,27904,101536,0,1177,1109,3076,9816,11710,1849,40062,-73632,-1177,-127751,-1967,-1894,-15696,-24357,-14087,-38213,1
2022-06-15 03:00:00,46189,186877,855,17295,6392,31941,2183,18429,27612,103940,0,1143,1112,3561,10083,13228,1449,40326,-76328,-1143,-140688,-2449,-3145,-16440,-25549,-16246,-38877,1
2022-06-15 04:00:00,64776,213336,1703,19246,10291,37406,3093,20345,30508,111296,0,1216,1237,4053,10181,14584,1248,41451,-80788,-1216,-148560,-2816,-4403,-17543,-27115,-17252,-40203,1
2022-06-15 05:00:00,90519,231447,3366,19536,13915,42129,4711,21087,33984,120836,0,1477,1126,4039,10004,14768,1148,42818,-86852,-1477,-140928,-2913,-4764,-16170,-28214,-16376,-41670,1
2022-06-15 06:00:00,114093,240970,4945,19277,15438,43895,5675,21192,41660,127312,0,1849,1258,4078,10150,14678,1338,41714,-85652,-1849,-126877,-2820,-4528,-14332,-28457,-15517,-40376,1
2022-06-15 07:00:00,135452,245249,6264,18854,15912,44254,6053,21172,47672,134056,0,1970,1373,4095,9913,14698,1522,38900,-86384,-1970,-109797,-2722,-4785,-12590,-28342,-15119,-37378,1
2022-06-15 08:00:00,157088,251014,6949,18693,17606,44748,6185,21376,54328,138480,0,1969,1472,4029,9946,14736,1725,35305,-84152,-1969,-93926,-2557,-4790,-11744,-27142,-15191,-33580,1
2022-06-15 09:00:00,172057,255908,7205,18864,17424,43631,6252,21424,58620,142212,0,1914,1491,3977,9903,14847,2004,32697,-83592,-1914,-83851,-2486,-4944,-11659,-26207,-15172,-30693,1
2022-06-15 10:00:00,182302,255106,7109,19144,16827,43452,6168,21258,61544,146300,0,1902,1476,4026,10031,14762,2091,31183,-84756,-1902,-72804,-2550,-4731,-12035,-26625,-15090,-29092,1
2022-06-15 11:00:00,185524,251355,6947,19111,16928,44594,5990,21082,63128,149040,0,1904,1542,3895,9963,14595,2367,30977,-85912,-1904,-65831,-2353,-4632,-12164,-27666,-15092,-28610,1
2022-06-15 12:00:00,179188,246527,6349,19535,16187,45538,5510,21170,64332,149636,0,1813,1623,3765,9919,14387,2786,31373,-85304,-1813,-67339,-2142,-4468,-13186,-29351,-15660,-28587,1
2022-06-15 13:00:00,166456,239879,5569,20133,15273,45822,4635,21046,65132,148712,0,1817,1469,3844,9805,14365,3388,33321,-83580,-1817,-73423,-2375,-4560,-14564,-30549,-16411,-29933,1
2022-06-15 14:00:00,144156,234135,4529,20531,13910,45248,3689,21113,64408,148164,0,1870,1327,4040,9859,14608,3778,37058,-83756,-1870,-89979,-2713,-4749,-16002,-31338,-17424,-33280,1
2022-06-15 15:00:00,113279,233418,3129,20904,12149,43428,2803,20852,62016,147148,0,2057,1130,3931,9865,14423,3557,41797,-85132,-2057,-120139,-2801,-4558,-17775,-31279,-18049,-38240,1
2022-06-15 16:00:00,90936,231797,1575,21563,11392,42331,2140,20849,60416,143748,0,2145,892,3791,10028,14293,3648,44155,-83332,-2145,-140861,-2899,-4265,-19988,-30939,-18709,-40507,1
2022-06-15 17:00:00,73399,227379,848,21817,10060,40945,1932,20804,56500,140488,0,1996,710,3638,10165,13743,3877,47254,-83988,-1996,-153980,-2928,-3578,-20969,-30885,-18872,-43377,1
2022-06-15 18:00:00,64206,219134,639,22015,9350,39987,1573,20329,49180,137432,0,1887,580,3459,9990,13391,3782,49421,-88252,-1887,-154928,-2879,-3401,-21376,-30637,-18756,-45639,1
2022-06-15 19:00:00,63454,210116,671,21653,7469,36986,1503,19214,45416,135200,0,1803,745,3333,9987,12844,3940,49821,-89784,-1803,-146662,-2588,-2857,-20982,-29517,-17711,-45881,1
2022-06-15 20:00:00,58097,199803,693,20542,6324,34319,1439,17702,43720,129008,0,1701,860,3140,9734,12114,4257,49043,-85288,-1701,-141706,-2280,-2380,-19849,-27995,-16263,-44786,1
2022-06-15 21:00:00,54341,186928,704,19476,4985,31256,1610,16427,37276,119612,0,1620,885,2914,9568,11626,4016,46709,-82336,-1620,-132587,-2029,-2058,-18772,-26271,-14817,-42693,1
2022-06-15 22:00:00,53052,174786,705,18132,4519,29450,1694,15672,35204,114348,0,1416,916,2780,9567,11134,3837,44044,-79144,-1416,-121734,-1864,-1567,-17427,-24931,-13978,-40207,1
2022-06-15 23:00:00,47655,165307,689,17097,4355,28402,1659,15151,35944,108700,0,653,979,2713,9225,11044,3015,42403,-72756,-653,-117652,-1734,-1819,-16408,-24047,-13492,-39388,1
2022-06-16 00:00:00,43065,161231,695,16540,4251,27880,1613,14795,35576,104656,0,0,1014,2648,9128,10952,2060,41510,-69080,0,-118166,-1634,-1824,-15845,-23629,-13182,-39450,1
2022-06-16 01:00:00,41795,160126,671,16377,4142,27927,1495,14275,34064,102452,0,600,1094,2603,9194,10930,1411,41219,-68388,-600,-118331,-1509,-1736,-15706,-23785,-12780,-39808,1
2022-06-16 02:00:00,43994,160825,700,16423,4214,28494,1765,13689,32988,101584,0,1169,1190,2755,9567,11747,973,41190,-68596,-1169,-116831,-1565,-2180,-15723,-24280,-11924,-40217,1
2022-06-16 03:00:00,48425,161953,976,17442,5787,32235,2290,13773,30996,103412,0,1125,1379,3223,9766,13223,794,41406,-72416,-1125,-113528,-1844,-3457,-16466,-26448,-11483,-40612,1
2022-06-16 04:00:00,61092,174059,1806,19362,9881,37501,2954,14517,28068,110272,0,1186,1700,3620,9951,14229,766,42667,-82204,-1186,-112967,-1920,-4278,-17556,-27620,-11563,-41901,1
2022-06-16 05:00:00,79822,187843,3421,19833,14157,41878,3901,15348,29296,119292,0,1450,2012,3742,10037,14386,846,43618,-89996,-1450,-108021,-1730,-4349,-16412,-27721,-11447,-42772,1
2022-06-16 06:00:00,105286,198943,4975,19544,16139,44109,4850,15808,37268,126380,0,1799,2186,3724,10099,14316,1113,42384,-89112,-1799,-93657,-1538,-4217,-14569,-27970,-10958,-41271,3
2022-06-16 07:00:00,133843,206291,6148,19402,16591,44665,5765,16092,45896,132460,0,1981,2453,3708,10298,14317,1363,39683,-86564,-1981,-72448,-1255,-4019,-13254,-28074,-10327,-38320,3
2022-06-16 08:00:00,165489,214794,6743,19374,18328,45365,6151,16152,54844,137044,0,2032,2770,3652,10422,14152,1565,36353,-82200,-2032,-49305,-882,-3730,-12631,-27037,-10001,-34788,3
2022-06-16 09:00:00,190530,221418,7228,19464,18181,44263,6192,16211,58300,141376,0,2048,2868,3611,10558,14198,1709,33862,-83076,-2048,-30888,-743,-3640,-12236,-26082,-10019,-32153,3
2022-06-16 10:00:00,202133,218979,7312,19704,17293,44160,5913,16381,58764,145784,0,2041,2836,3660,10579,13936,1924,32120,-87020,-2041,-16846,-824,-3357,-12392,-26867,-10468,-30196,3
2022-06-16 11:00:00,211348,214673,7131,19605,16855,44863,5875,16359,58208,148500,0,2017,2893,3691,10674,13902,2041,32170,-90292,-2017,-3325,-798,-3228,-12474,-28008,-10484,-30129,3
2022-06-16 12:00:00,212861,211802,6475,20247,16982,45996,5165,15976,60496,149004,0,977,2762,3544,10810,14208,1882,32959,-88508,-977,1059,-782,-3398,-13772,-29014,-10811,-31077,2
2022-06-16 13:00:00,202648,209830,5384,20842,15540,46082,5038,16268,61964,147736,0,960,2653,3518,10666,14036,1773,35343,-85772,-960,-7182,-865,-3370,-15458,-30542,-11230,-33570,3
2022-06-16 14:00:00,181800,209419,3979,21444,14513,45224,4221,16101,61984,146744,0,1940,2564,3649,10677,14214,1603,38744,-84760,-1940,-27619,-1085,-3537,-17465,-30711,-11880,-37141,3
2022-06-16 15:00:00,148197,212433,2551,21708,13620,44157,3192,16203,58784,145440,0,2044,2454,3607,10631,14135,1407,44920,-86656,-2044,-64236,-1153,-3504,-19157,-30537,-13011,-43513,3
2022-06-16 16:00:00,115466,212264,1529,22080,12338,43389,2725,16495,52908,141768,0,2081,1896,3539,10431,14138,958,48351,-88860,-2081,-96798,-1643,-3707,-20551,-31051,-13770,-47393,3
2022-06-16 17:00:00,94760,207947,1018,22178,10843,42115,2764,16661,46008,139156,0,1922,1539,3437,10123,13627,799,48833,-93148,-1922,-113187,-1898,-3504,-21160,-31272,-13897,-48034,3
2022-06-16 18:00:00,77655,201284,1059,22216,9787,41147,2722,16738,42268,136008,0,1834,1537,3296,10058,13303,596,51608,-93740,-1834,-123629,-1759,-3245,-21157,-31360,-14016,-51012,3
2022-06-16 19:00:00,68782,196931,1068,21551,8786,38496,2358,16365,42032,133304,0,898,1600,3235,10045,12794,484,51604,-91272,-898,-128149,-1635,-2749,-20483,-29710,-14007,-51120,1
2022-06-16 20:00:00,64193,190720,680,20372,7584,35302,1910,15275,43020,128092,0,842,1579,3085,9898,12000,647,51026,-85072,-842,-126527,-1506,-2102,-19692,-27718,-13365,-50379,1
2022-06-16 21:00:00,59643,178922,577,19281,5506,32232,1953,14321,41036,118872,0,1567,1532,2917,9604,11398,870,48610,-77836,-1567,-119279,-1385,-1794,-18704,-26726,-12368,-47740,3
2022-06-16 22:00:00,51882,171043,600,18015,4846,30243,2166,13812,42404,112620,0,1355,1421,2807,9582,11212,1195,45350,-70216,-1355,-119161,-1386,-1630,-17415,-25397,-11646,-44155,1
2022-06-16 23:00:00,47831,164486,583,16976,4660,29034,2109,13587,47520,105460,0,1199,1303,2757,9381,10970,1513,43457,-57940,-1199,-116655,-1454,-1589,-16393,-24374,-11478,-41944,1
2022-06-17 00:00:00,43817,161147,588,16412,5432,28558,2121,13464,49608,101648,0,1141,1092,2699,9369,10882,1839,42242,-52040,-1141,-117330,-1607,-1513,-15824,-23126,-11343,-40403,1
2022-06-17 01:00:00,43350,162135,599,16274,5561,28562,2221,13228,47280,100360,0,1103,1054,2668,9497,10958,2261,41351,-53080,-1103,-118785,-1614,-1461,-15675,-23001,-11007,-39090,1
2022-06-17 02:00:00,39994,164757,592,16299,5627,29075,2109,13555,40316,100012,0,1056,1160,2851,9570,11290,3022,41212,-59696,-1056,-124763,-1691,-1720,-15707,-23448,-11446,-38190,1
2022-06-17 03:00:00,46891,175910,879,17176,6871,32926,2033,15259,38692,102332,0,1018,1126,3358,10024,12581,4136,41235,-63640,-1018,-129019,-2232,-2557,-16297,-26055,-13226,-37099,1
2022-06-17 04:00:00,67562,196909,1691,19098,10351,37981,2558,16909,33940,108828,0,1089,1143,3796,10078,13709,5606,43527,-74888,-1089,-129347,-2653,-3631,-17407,-27630,-14351,-37921,1
2022-06-17 05:00:00,98801,215309,3083,19786,14572,42629,3816,18065,34308,117680,0,1373,1339,3966,10132,14074,6059,46235,-83372,-1373,-116508,-2627,-3942,-16703,-28057,-14249,-40176,1
2022-06-17 06:00:00,125542,227462,4521,19685,17158,44913,5317,18860,40244,125516,0,1732,1587,3985,10146,14062,5451,45819,-85272,-1732,-101920,-2398,-3916,-15164,-27755,-13543,-40368,1
2022-06-17 07:00:00,150124,231839,5889,19364,17290,45148,6120,18623,50844,132172,0,1939,1707,4025,10316,14028,5170,42416,-81328,-1939,-81715,-2318,-3712,-13475,-27858,-12503,-37246,1
2022-06-17 08:00:00,181533,236920,6778,19254,17683,45630,6661,18750,57700,137768,0,2002,1655,4044,10575,14128,4990,39204,-80068,-2002,-55387,-2389,-3553,-12476,-27947,-12089,-34214,1
2022-06-17 09:00:00,200139,242376,7082,19637,17423,44904,6558,18624,63240,142928,0,2009,1618,3969,10668,14003,4776,36725,-79688,-2009,-42237,-2351,-3335,-12555,-27481,-12066,-31949,1
2022-06-17 10:00:00,208402,243503,6676,20150,17032,44872,6430,18511,64760,147808,0,2023,1687,3925,10797,13850,4834,35290,-83048,-2023,-35101,-2238,-3053,-13474,-27840,-12081,-30456,1
2022-06-17 11:00:00,203627,237303,6187,20182,17933,45837,6277,18390,66456,150272,0,2018,1727,3771,10960,13629,4978,34581,-83816,-2018,-33676,-2044,-2669,-13995,-27904,-12113,-29603,1
2022-06-17 12:00:00,193843,229535,6229,20215,17464,45824,6017,18770,66900,149844,0,1896,1842,3697,11251,13431,5407,35231,-82944,-1896,-35692,-1855,-2180,-13986,-28360,-12753,-29824,3
2022-06-17 13:00:00,172656,225483,5658,20213,16597,45338,5374,18894,66296,148020,0,1815,1963,3727,11512,13063,6457,37040,-81724,-1815,-52827,-1764,-1551,-14555,-28741,-13520,-30583,4
2022-06-17 14:00:00,144719,223927,4948,20392,14640,44158,4334,18931,62692,146768,0,1766,2040,3831,11773,12969,7428,39769,-84076,-1766,-79208,-1791,-1196,-15444,-29518,-14597,-32341,4
2022-06-17 15:00:00,119386,221457,3651,20476,13271,43098,3062,18795,62008,145376,0,1819,2184,3655,11825,12769,7696,43903,-83368,-1819,-102071,-1471,-944,-16825,-29827,-15733,-36207,4
2022-06-17 16:00:00,105954,218959,2243,20889,12555,42476,2432,18858,60012,142172,0,1867,2273,3374,11776,12636,7920,46062,-82160,-1867,-113005,-1101,-860,-18646,-29921,-16426,-38142,4
2022-06-17 17:00:00,93940,213664,1290,21060,11654,41143,2406,18942,53176,138552,0,1787,2408,3080,11764,12220,8522,48730,-85376,-1787,-119724,-672,-456,-19770,-29489,-16536,-40208,4
2022-06-17 18:00:00,83121,204299,1048,21144,10538,40164,2015,18739,42416,134584,0,1690,2716,2869,11235,11866,8919,50402,-92168,-1690,-121178,-153,-631,-20096,-29626,-16724,-41483,3
2022-06-17 19:00:00,80764,197662,1024,20816,9827,37588,1689,18122,36068,131088,0,821,2903,2721,11149,11821,9395,50700,-95020,-821,-116898,182,-672,-19792,-27761,-16433,-41305,3
2022-06-17 20:00:00,83349,190211,1032,19898,8721,34901,965,16821,34236,126924,0,773,2727,2635,10777,11128,9408,50063,-92688,-773,-106862,92,-351,-18866,-26180,-15856,-40655,3
2022-06-17 21:00:00,82781,177548,837,18957,8102,31946,726,15654,30796,118972,0,1514,2256,2500,10227,10641,9637,48024,-88176,-1514,-94767,-244,-414,-18120,-23844,-14928,-38387,3
2022-06-17 22:00:00,89755,169821,771,17779,7798,29923,800,14964,35296,113792,0,1356,2244,2511,9841,10143,9705,45788,-78496,-1356,-80066,-267,-302,-17008,-22125,-14164,-36083,3
2022-06-17 23:00:00,98593,166563,705,16812,7213,28720,1051,14500,37164,106688,0,1224,2262,2478,9685,10150,8388,43791,-69524,-1224,-67970,-216,-465,-16107,-21507,-13449,-35403,3
2022-06-18 00:00:00,100857,164190,646,16183,7898,27949,1434,14319,34668,100936,0,1148,2183,2477,9611,10179,6311,42233,-66268,-1148,-63333,-294,-568,-15537,-20051,-12885,-35922,3
2022-06-18 01:00:00,107022,164476,579,15899,7408,27572,1872,13934,34540,97692,0,1113,2047,2458,9350,10136,3808,41486,-63152,-1113,-57454,-411,-786,-15320,-20164,-12062,-37678,3
2022-06-18 02:00:00,105673,164693,587,15505,7205,26984,2588,14020,33472,96244,0,1074,1884,2517,9078,10239,2202,41093,-62772,-1074,-59020,-633,-1161,-14918,-19779,-11432,-38891,3
2022-06-18 03:00:00,102426,166853,831,15506,8231,28211,3439,14953,32496,94924,0,1030,2043,2563,9529,10679,1818,40330,-62428,-1030,-64427,-520,-1150,-14675,-19980,-11514,-38512,3
2022-06-18 04:00:00,105598,177016,1666,16167,10543,30994,4214,16175,30160,94420,0,1059,2009,2743,9785,11238,1333,39271,-64260,-1059,-71418,-734,-1453,-14501,-20451,-11961,-37938,3
2022-06-18 05:00:00,115243,188399,3358,16535,13201,33513,4816,17293,31804,97616,0,1170,1813,2954,10302,12016,1249,38337,-65812,-1170,-73156,-1141,-1714,-13177,-20312,-12477,-37088,3
2022-06-18 06:00:00,135050,199267,4988,16699,15575,35130,5639,17939,43360,104864,0,1361,1830,3094,10883,12687,1812,37128,-61504,-1361,-64217,-1264,-1804,-11711,-19555,-12300,-35316,3
2022-06-18 07:00:00,162431,208953,6176,16748,17466,35380,6625,18348,54424,112832,0,1537,2162,3106,11086,12680,2569,35812,-58408,-1537,-46522,-944,-1594,-10572,-17914,-11723,-33243,3
2022-06-18 08:00:00,193749,216977,6987,16698,18865,34926,7257,18225,69268,119720,0,1645,2290,3022,11261,13090,3078,33455,-50452,-1645,-23228,-732,-1829,-9711,-16061,-10968,-30377,3
2022-06-18 09:00:00,216188,221046,7193,16824,19726,34009,8085,18189,77420,123316,0,1661,2377,3036,11385,12568,3827,31451,-45896,-1661,-4858,-659,-1183,-9631,-14283,-10104,-27624,3
2022-06-18 10:00:00,228703,217291,7040,16713,19965,33063,8397,17789,83156,125868,0,1623,2366,3056,11161,12079,3336,29977,-42712,-1623,11412,-690,-918,-9673,-13098,-9392,-26641,2
2022-06-18 11:00:00,225057,211766,6930,16314,20542,32834,8379,17542,93432,127776,0,1576,2456,2969,11499,11663,4397,29650,-34344,-1576,13291,-513,-164,-9384,-12292,-9163,-25253,2
2022-06-18 12:00:00,214829,206748,6834,16379,19349,32779,7586,17366,100392,126772,0,1488,2511,2853,11741,11238,5687,30416,-26380,-1488,8081,-342,503,-9545,-13430,-9780,-24729,2
2022-06-18 13:00:00,198993,205190,5950,16993,17062,33364,6785,17512,107688,124652,0,1422,2497,2822,11806,11412,6198,31620,-16964,-1422,-6197,-325,394,-11043,-16302,-10727,-25422,4
2022-06-18 14:00:00,170978,204388,4732,17673,14852,34519,5413,17758,106944,122272,0,1392,2336,3002,11893,11936,7048,34636,-15328,-1392,-33410,-666,-43,-12941,-19667,-12345,-27588,4
2022-06-18 15:00:00,135384,203776,3139,18270,12729,35153,3952,17879,103184,121768,0,1441,2097,3141,11636,12097,9108,39362,-18584,-1441,-68392,-1044,-461,-15131,-22424,-13927,-30254,4
2022-06-18 16:00:00,109359,202251,1556,18992,11714,35496,3731,17912,94956,120364,0,1540,2027,3093,11373,11986,10506,42084,-25408,-1540,-92892,-1066,-613,-17436,-23782,-14181,-31578,4
2022-06-18 17:00:00,93576,197847,827,19392,9796,34563,3696,17833,80696,119504,0,1537,1757,3031,11266,11673,9792,44686,-38808,-1537,-104271,-1274,-407,-18565,-24767,-14137,-34894,4
2022-06-18 18:00:00,79255,190035,640,19575,8993,34052,3983,17854,65024,118520,0,1502,1412,2926,11269,11456,9359,46533,-53496,-1502,-110780,-1514,-187,-18935,-25059,-13871,-37174,4
2022-06-18 19:00:00,72996,182918,668,19634,7720,32334,3812,17320,59324,118300,0,1458,1298,2950,11165,11112,10997,47405,-58976,-1458,-109922,-1652,53,-18966,-24614,-13508,-36408,4
2022-06-18 20:00:00,71395,178249,758,18428,6767,30291,3250,15982,59236,115772,0,1395,1297,2917,11241,11210,11296,47045,-56536,-1395,-106854,-1620,31,-17670,-23524,-12732,-35749,4
2022-06-18 21:00:00,69748,169028,858,17175,6471,28150,2524,14948,53936,108208,0,1364,1051,2698,10816,10884,11452,44969,-54272,-1364,-99280,-1647,-68,-16317,-21679,-12424,-33517,4
2022-06-18 22:00:00,67186,163229,923,16013,6204,26394,1978,14334,50656,101632,0,1243,918,2533,10641,10655,11856,42734,-50976,-1243,-96043,-1615,-14,-15090,-20190,-12356,-30878,4
2022-06-18 23:00:00,73573,155944,923,15237,5863,25309,1744,13967,48256,95312,0,1124,673,2491,10625,10510,11493,40911,-47056,-1124,-82371,-1818,115,-14314,-19446,-12223,-29418,4
2022-06-19 00:00:00,79828,152395,868,14794,5304,24413,1553,13635,46700,91176,0,1060,494,2485,10688,10376,12484,39927,-44476,-1060,-72567,-1991,312,-13926,-19109,-12082,-27443,4
2022-06-19 01:00:00,90417,152275,878,14533,4970,24003,1557,13097,45444,88556,0,1025,398,2455,10593,10385,11507,39140,-43112,-1025,-61858,-2057,208,-13655,-19033,-11540,-27633,4
2022-06-19 02:00:00,95909,151411,917,14164,4953,23549,1921,12878,42776,87396,0,992,543,2486,10696,10755,11365,38752,-44620,-992,-55502,-1943,-59,-13247,-18596,-10957,-27387,4
2022-06-19 03:00:00,99955,151847,1154,14104,5340,23697,2608,13355,41812,86676,0,949,692,2621,10524,10885,10316,37910,-44864,-949,-51892,-1929,-361,-12950,-18357,-10747,-27594,4
2022-06-19 04:00:00,110379,158894,1916,14633,7254,25207,3759,14205,40176,85112,0,954,998,2847,10613,11355,9479,36890,-44936,-954,-48515,-1849,-742,-12717,-17953,-10446,-27411,4
2022-06-19 05:00:00,131901,170592,3469,15084,10737,27136,5012,15044,44316,85432,0,1013,1074,3123,10772,11811,5029,36405,-41116,-1013,-38691,-2049,-1039,-11615,-16399,-10032,-31376,1
2022-06-19 06:00:00,154278,185441,5132,15641,12843,28671,6232,15644,55052,89624,0,1126,1317,3298,11020,12223,3828,38633,-34572,-1126,-31163,-1981,-1203,-10509,-15828,-9412,-34805,1
2022-06-19 07:00:00,180292,195027,6650,15989,14393,29289,7470,15968,74064,93984,0,1297,1380,3395,11017,12370,3990,40486,-19920,-1297,-14735,-2015,-1353,-9339,-14896,-8498,-36496,1
2022-06-19 08:00:00,198198,201284,7717,16082,15357,29754,9105,16149,87716,98104,0,1444,1435,3370,11033,12601,4283,39821,-10388,-1444,-3086,-1935,-1568,-8365,-14397,-7044,-35538,1
2022-06-19 09:00:00,208571,207942,8209,16070,16083,30097,10006,16122,97472,101032,0,1490,1467,3243,11003,12848,5570,36458,-3560,-1490,629,-1776,-1845,-7861,-14014,-6116,-30888,2
2022-06-19 10:00:00,209330,202999,8312,15827,16424,29693,10070,16193,102280,103088,0,1499,1489,3285,10648,12756,4897,35852,-808,-1499,6331,-1796,-2108,-7515,-13269,-6123,-30955,2
2022-06-19 11:00:00,206413,196635,8086,15621,16187,29501,10042,16043,107160,106120,0,1543,1630,3145,10217,12529,3772,33456,1040,-1543,9778,-1515,-2312,-7535,-13314,-6001,-29684,2
2022-06-19 12:00:00,197713,193417,7640,15976,15257,29811,9870,16053,109848,105960,0,1452,1692,3125,9986,12300,3016,33424,3888,-1452,4296,-1433,-2314,-8336,-14554,-6183,-30408,2
2022-06-19 13:00:00,187889,189998,6756,16595,13895,30299,9227,16446,108980,103192,0,1377,1701,3108,10608,12594,3690,35626,5788,-1377,-2109,-1407,-1986,-9839,-16404,-7219,-31936,0
2022-06-19 14:00:00,169345,188967,5391,17486,12347,31212,7857,16795,106148,101772,0,1356,1542,3469,10721,12964,5842,40342,4376,-1356,-19622,-1927,-2243,-12095,-18865,-8938,-34500,0
2022-06-19 15:00:00,138848,194011,3702,18272,10105,32168,6340,17141,104124,102700,0,1432,1405,3530,10659,13016,3092,41228,1424,-1432,-55163,-2125,-2357,-14570,-22063,-10801,-38136,0
2022-06-19 16:00:00,111149,196245,2025,19170,9726,33046,5016,17364,95196,104160,0,1506,1122,3454,10352,13373,2638,41456,-8964,-1506,-85096,-2332,-3021,-17145,-23320,-12348,-38818,1
2022-06-19 17:00:00,91833,194548,1179,19730,9149,33025,5062,17480,80868,105640,0,1480,785,3382,10139,13098,3056,43904,-24772,-1480,-102715,-2597,-2959,-18551,-23876,-12418,-40848,1
2022-06-19 18:00:00,78195,188553,1061,20098,8170,33476,4106,17560,57352,107640,0,1462,616,3222,10007,12429,3784,45179,-50288,-1462,-110358,-2606,-2422,-19037,-25306,-13454,-41395,1
2022-06-19 19:00:00,71628,185703,1226,20221,7713,32437,3085,17373,44524,111116,0,1467,548,3194,9685,11973,4223,45521,-66592,-1467,-114075,-2646,-2288,-18995,-24724,-14288,-41298,1
2022-06-19 20:00:00,62740,183404,1155,18899,5697,29902,2533,16311,42484,111844,0,1429,493,3042,9502,11439,4659,45799,-69360,-1429,-120664,-2549,-1937,-17744,-24205,-13778,-41140,1
2022-06-19 21:00:00,51987,172704,1095,17448,5255,27240,2543,15377,37072,105036,0,1362,452,2932,9589,11347,5933,43867,-67964,-1362,-120717,-2480,-1758,-16353,-21985,-12834,-37934,1
2022-06-19 22:00:00,45660,166666,1238,16237,4283,25741,1839,14832,32476,98912,0,1236,374,2842,9431,10986,6599,42118,-66436,-1236,-121006,-2468,-1555,-14999,-21458,-12993,-35519,1
2022-06-19 23:00:00,45717,161582,1126,15446,3979,24946,1583,14529,25788,94128,0,1137,353,2784,9321,10878,6353,40829,-68340,-1137,-115865,-2431,-1557,-14320,-20967,-12946,-34476,1
2022-06-20 00:00:00,49594,158530,994,15055,3966,24368,1491,14410,22432,91132,0,1083,317,2766,9194,10749,5338,40122,-68700,-1083,-108936,-2449,-1555,-14061,-20402,-12919,-34784,1
2022-06-20 01:00:00,53699,159889,997,15076,3978,24601,1377,14267,20628,90036,0,1090,343,2793,9387,11162,5908,39972,-69408,-1090,-106190,-2450,-1775,-14079,-20623,-12890,-34064,1
2022-06-20 02:00:00,51928,166527,1023,15307,4085,25804,1287,15014,18932,90292,0,1073,371,2966,9371,11478,5293,39961,-71360,-1073,-114599,-2595,-2107,-14284,-21719,-13727,-34668,1
2022-06-20 03:00:00,56455,182234,1134,16635,6751,30492,1442,18026,19668,93680,0,1045,420,3493,9199,12486,5239,39980,-74012,-1045,-125779,-3073,-3287,-15501,-23741,-16584,-34741,1
2022-06-20 04:00:00,70625,213952,1761,19055,11767,36197,2164,20335,20800,103132,0,1151,547,3988,9399,13798,4980,41534,-82332,-1151,-143327,-3441,-4399,-17294,-24430,-18171,-36554,1
2022-06-20 05:00:00,87684,233778,3390,19868,15698,40993,3027,21539,26808,113604,0,1403,752,4210,9326,14190,6493,43455,-86796,-1403,-146094,-3458,-4864,-16478,-25295,-18512,-36962,1
2022-06-20 06:00:00,99506,244958,5025,20031,16519,43107,3673,21821,36336,121116,0,1750,917,4320,9349,14416,7673,42887,-84780,-1750,-145452,-3403,-5067,-15006,-26588,-18148,-35214,1
2022-06-20 07:00:00,114171,249555,6344,20146,17188,43802,4262,21847,46600,126668,0,1907,1083,4287,9376,14318,6351,40417,-80068,-1907,-135384,-3204,-4942,-13802,-26614,-17585,-34066,1
2022-06-20 08:00:00,127522,255178,7330,20222,18362,44304,4642,22229,52880,130092,0,1933,1270,4225,9523,14481,6205,37537,-77212,-1933,-127656,-2955,-4958,-12892,-25942,-17587,-31332,1
2022-06-20 09:00:00,143494,258401,7907,20488,17944,43028,4431,22662,59740,132256,0,1906,1395,4233,9508,14614,7977,35632,-72516,-1906,-114907,-2838,-5106,-12581,-25084,-18231,-27655,1
2022-06-20 10:00:00,154555,257209,8100,20768,18045,43683,4425,23050,66272,135256,0,1892,1419,4219,9499,14548,9017,34849,-68984,-1892,-102654,-2800,-5049,-12668,-25638,-18625,-25832,1
2022-06-20 11:00:00,166675,254754,7687,20718,18862,44972,3312,22419,72652,135776,0,1860,1544,4256,9467,14317,8855,35856,-63124,-1860,-88079,-2712,-4850,-13031,-26110,-19107,-27001,1
2022-06-20 12:00:00,177743,251239,7042,21353,18498,45367,2889,22290,82848,134328,0,1773,1572,3953,9521,14217,8722,36032,-51480,-1773,-73496,-2381,-4696,-14311,-26869,-19401,-27310,1
2022-06-20 13:00:00,169854,245290,6167,22046,17512,45608,2893,21836,91620,131616,0,1754,1743,3938,9434,13984,8089,36324,-39996,-1754,-75436,-2195,-4550,-15879,-28096,-18943,-28235,1
2022-06-20 14:00:00,158830,237933,4808,22649,16522,45073,2874,21527,92312,130816,0,1767,1722,4201,9379,14144,6746,38080,-38504,-1767,-79103,-2479,-4765,-17841,-28551,-18653,-31334,1
2022-06-20 15:00:00,147155,237955,3164,23014,15026,44093,2519,21587,84388,129996,0,1901,1692,4054,9233,13907,5815,41967,-45608,-1901,-90800,-2362,-4674,-19850,-29067,-19068,-36152,1
2022-06-20 16:00:00,126131,238346,1641,23635,13627,43248,2293,21631,82156,127052,0,1973,1539,3781,9262,13807,4604,43327,-44896,-1973,-112215,-2242,-4545,-21994,-29621,-19338,-38723,1
2022-06-20 17:00:00,107826,233554,949,23854,12073,41615,2282,21529,70808,126064,0,1867,1412,3507,9306,13523,3836,45856,-55256,-1867,-125728,-2095,-4217,-22905,-29542,-19247,-42020,1
2022-06-20 18:00:00,94957,224836,908,23835,11518,40912,2179,20825,53736,125096,0,1806,1276,3406,9256,13081,2736,48205,-71360,-1806,-129879,-2130,-3825,-22927,-29394,-18646,-45469,1
2022-06-20 19:00:00,79316,215337,993,23280,9872,38365,2033,19713,43200,123812,0,1751,1570,3165,9265,12755,1832,48951,-80612,-1751,-136021,-1595,-3490,-22287,-28493,-17680,-47119,3
2022-06-20 20:00:00,76885,207492,1104,21887,8971,35473,2277,18315,40320,118668,0,1678,2023,2947,8982,12171,1421,48808,-78348,-1678,-130607,-924,-3189,-20783,-26502,-16038,-47387,3
2022-06-20 21:00:00,78711,192743,1170,20609,7138,32385,2523,17184,36760,110060,0,1590,2082,2810,9055,11934,1225,46424,-73300,-1590,-114032,-728,-2879,-19439,-25247,-14661,-45199,3
2022-06-20 22:00:00,86765,184672,1188,19141,7006,30528,2567,16529,30264,106032,0,1407,2245,2683,9049,11559,1086,43893,-75768,-1407,-97907,-438,-2510,-17953,-23522,-13962,-42807,3
2022-06-20 23:00:00,91656,180450,1060,18087,7126,29402,2758,16158,25580,101848,0,1278,2311,2558,9078,11361,1280,42403,-76268,-1278,-88794,-247,-2283,-17027,-22276,-13400,-41123,3
2022-06-21 00:00:00,95313,179143,1170,17537,6595,28903,3109,16136,23196,98568,0,1209,2365,2534,9157,11109,1221,41738,-75372,-1209,-83830,-169,-1952,-16367,-22308,-13027,-40517,3
2022-06-21 01:00:00,87339,177957,1202,17371,6386,28649,3320,15799,22500,96524,0,1195,2520,2537,9284,10952,1007,41274,-74024,-1195,-90618,-17,-1668,-16169,-22263,-12479,-40267,3
2022-06-21 02:00:00,82000,182652,1318,17414,6305,29435,3650,16273,20552,96152,0,1168,2784,2677,9402,11290,951,41085,-75600,-1168,-100652,107,-1888,-16096,-23130,-12623,-40134,3
2022-06-21 03:00:00,72888,194414,1540,18321,8209,33127,4133,18400,19304,99600,0,1154,2818,3122,9676,12411,982,41126,-80296,-1154,-121526,-304,-2735,-16781,-24918,-14267,-40144,3
2022-06-21 04:00:00,77590,219499,2393,20053,12199,38405,5141,20267,20716,106888,0,1221,2782,3566,9745,13668,1073,41668,-86172,-1221,-141909,-784,-3923,-17660,-26206,-15126,-40595,3
2022-06-21 05:00:00,100026,239707,4042,20376,15786,43356,6596,21247,23292,116500,0,1474,2881,3925,9882,13993,1274,42632,-93208,-1474,-139681,-1044,-4111,-16334,-27570,-14651,-41358,3
2022-06-21 06:00:00,123938,250846,5616,20046,17899,45526,7769,21649,33772,122304,0,1842,3494,4488,10133,14077,1502,41723,-88532,-1842,-126908,-994,-3944,-14430,-27627,-13880,-40221,3
2022-06-21 07:00:00,147591,253562,7000,19580,18828,46133,8356,21358,43852,127508,0,2023,3266,4508,10251,13999,1564,39187,-83656,-2023,-105971,-1242,-3748,-12580,-27305,-13002,-37623,3
2022-06-21 08:00:00,172626,259468,7648,19391,19201,46852,8561,21725,49396,129956,0,2060,3429,4500,10296,14015,1706,36551,-80560,-2060,-86842,-1071,-3719,-11743,-27651,-13164,-34845,3
2022-06-21 09:00:00,189320,260854,7783,19451,18872,45691,8675,21836,52616,132340,0,2052,3714,4480,10391,13875,1836,35806,-79724,-2052,-71534,-766,-3484,-11668,-26819,-13161,-33970,3
2022-06-21 10:00:00,199978,257765,7805,19608,18989,46054,8644,21809,56456,134540,0,2048,3892,4517,10350,13928,1831,36027,-78084,-2048,-57787,-625,-3578,-11803,-27065,-13165,-34196,3
2022-06-21 11:00:00,196187,253897,7683,19436,18346,46970,8010,21122,60416,135404,0,2079,4114,4488,10315,13875,1934,36987,-74988,-2079,-57710,-374,-3560,-11753,-28624,-13112,-35053,3
2022-06-21 12:00:00,182433,249045,7035,19862,18196,47683,7576,20948,60788,133484,0,2016,3880,4478,10282,13711,1898,37771,-72696,-2016,-66612,-598,-3429,-12827,-29487,-13372,-35873,3
2022-06-21 13:00:00,166730,243649,6290,20208,17458,47936,6908,20819,65876,130800,0,2006,3557,4362,10440,13769,1646,39635,-64924,-2006,-76919,-805,-3329,-13918,-30478,-13911,-37989,3
2022-06-21 14:00:00,143984,240267,5145,20634,16184,47399,5987,20882,70224,129244,0,2039,3166,4463,11090,14001,1974,42300,-59020,-2039,-96283,-1297,-2911,-15489,-31215,-14895,-40326,3
2022-06-21 15:00:00,111516,239873,3527,21088,14604,45810,4894,21095,72492,127600,0,2181,2552,4313,10973,13956,1926,45992,-55108,-2181,-128357,-1761,-2983,-17561,-31206,-16201,-44066,3
2022-06-21 16:00:00,91388,237140,1862,21758,13131,44355,3568,21032,65256,126176,0,2199,2255,4035,10891,13906,1725,45819,-60920,-2199,-145752,-1780,-3015,-19896,-31224,-17464,-44094,3
2022-06-21 17:00:00,72722,233519,1048,22028,12435,42681,3031,21131,59308,125628,0,2013,1761,3784,10744,13653,1817,47046,-66320,-2013,-160797,-2023,-2909,-20980,-30246,-18100,-45229,1
2022-06-21 18:00:00,59054,224375,844,21995,10537,41631,2895,20673,49568,123780,0,1904,1503,3643,10548,13279,1318,48859,-74212,-1904,-165321,-2140,-2731,-21151,-31094,-17778,-47541,1
2022-06-21 19:00:00,56754,214454,844,21599,8640,39061,2620,19669,43852,122416,0,1831,1429,3537,10656,12863,1215,49409,-78564,-1831,-157700,-2108,-2207,-20755,-30421,-17049,-48194,1
2022-06-21 20:00:00,55460,203917,860,20483,8323,36264,2241,18228,41324,117140,0,1734,1364,3391,10402,12050,1277,48904,-75816,-1734,-148457,-2027,-1648,-19623,-27941,-15987,-47627,4
2022-06-21 21:00:00,46105,189118,802,19407,7740,33262,2256,17018,41036,108896,0,1623,1407,3119,9536,11568,1266,46643,-67860,-1623,-143013,-1712,-2032,-18605,-25522,-14762,-45377,1
2022-06-21 22:00:00,44175,179529,774,18171,8291,31491,2165,16369,34048,105536,0,1421,1276,3019,9473,11334,1175,44434,-71488,-1421,-135354,-1743,-1861,-17397,-23200,-14204,-43259,1
2022-06-21 23:00:00,46144,174629,763,17112,7828,30223,2018,15995,29764,100460,0,1286,1212,2968,9451,10989,1109,42416,-70696,-1286,-128485,-1756,-1538,-16349,-22395,-13977,-41307,1
2022-06-22 00:00:00,46114,170693,696,16484,7696,29468,1959,15974,27184,96736,0,1220,1171,2947,9094,10256,1206,41735,-69552,-1220,-124579,-1776,-1162,-15788,-21772,-14015,-40529,4
2022-06-22 01:00:00,46919,170993,694,16414,7392,29444,1990,15728,26092,95196,0,1208,1122,2938,9272,10443,1301,41457,-69104,-1208,-124074,-1816,-1171,-15720,-22052,-13738,-40156,4
2022-06-22 02:00:00,46186,176278,719,16568,6545,30191,1801,16069,25540,94804,0,1180,1011,3029,10033,11463,1350,41309,-69264,-1180,-130092,-2018,-1430,-15849,-23646,-14268,-39959,1
2022-06-22 03:00:00,42899,189233,1010,17494,6861,33610,2025,18427,22508,97400,0,1151,1065,3552,10657,13149,1177,41332,-74892,-1151,-146334,-2487,-2492,-16484,-26749,-16402,-40155,1
2022-06-22 04:00:00,56999,216374,1795,19342,10130,38781,2977,20434,21204,104368,0,1227,1202,4066,10803,14618,1171,42506,-83164,-1227,-159375,-2864,-3815,-17547,-28651,-17457,-41335,1
2022-06-22 05:00:00,81110,234822,3120,19839,14391,43889,4352,21091,23700,113556,0,1486,1461,4249,10896,14783,1321,43451,-89856,-1486,-153712,-2788,-3887,-16719,-29498,-16739,-42130,1
2022-06-22 06:00:00,98425,244067,4444,19903,15489,46229,5585,21033,33220,119912,0,1840,1672,4455,10742,14919,2089,42116,-86692,-1840,-145642,-2783,-4177,-15459,-30740,-15448,-40027,1
2022-06-22 07:00:00,118017,251434,5913,19445,16222,46890,6324,20679,42468,123084,0,2022,1770,4581,10764,15039,2439,39655,-80616,-2022,-133417,-2811,-4275,-13532,-30668,-14355,-37216,1
2022-06-22 08:00:00,133899,257941,7075,19154,16860,47065,6902,21099,48444,125676,0,2066,1669,4588,10858,15120,2568,36122,-77232,-2066,-124042,-2919,-4262,-12079,-30205,-14197,-33554,1
2022-06-22 09:00:00,140687,259814,7549,19299,15533,45083,6859,21181,49948,126712,0,2068,1804,4454,10922,15182,2533,33188,-76764,-2068,-119127,-2650,-4260,-11750,-29550,-14322,-30655,1
2022-06-22 10:00:00,143880,258410,7489,19627,15993,45857,6643,21083,53376,128316,0,2071,2149,4525,10949,15184,2521,31782,-74940,-2071,-114530,-2376,-4235,-12138,-29864,-14440,-29261,1
2022-06-22 11:00:00,138511,254413,7250,19537,16061,46414,6378,20708,57344,128560,0,2066,2434,4465,11061,14970,2721,31508,-71216,-2066,-115902,-2031,-3909,-12287,-30353,-14330,-28787,3
2022-06-22 12:00:00,136820,249837,6528,20157,15404,46627,6110,21324,59948,126672,0,1982,2393,4364,11074,14781,3001,32003,-66724,-1982,-113017,-1971,-3707,-13629,-31223,-15214,-29002,3
2022-06-22 13:00:00,130396,246839,5348,20832,14676,46854,5247,21373,61676,124152,0,1958,2327,4334,11007,14318,3714,33898,-62476,-1958,-116443,-2007,-3311,-15484,-32178,-16126,-30184,1
2022-06-22 14:00:00,112451,242154,4113,21384,13458,45850,4072,21391,61396,123204,0,1973,2081,4444,11090,14446,4273,37195,-61808,-1973,-129703,-2363,-3356,-17271,-32392,-17319,-32922,1
2022-06-22 15:00:00,95796,241806,2716,21641,12389,44261,2863,21313,61220,122872,0,2091,1847,4302,10993,14430,4649,42038,-61652,-2091,-146010,-2455,-3437,-18925,-31872,-18450,-37389,1
2022-06-22 16:00:00,85253,237726,1507,22199,12904,42911,2166,21433,55472,121656,0,2114,1556,4047,10871,14218,4893,44414,-66184,-2114,-152473,-2491,-3347,-20692,-30007,-19267,-39521,1
2022-06-22 17:00:00,74541,232948,933,22328,10370,41636,2224,21537,44560,121068,0,1976,1343,3843,10822,13890,4999,47151,-76508,-1976,-158407,-2500,-3068,-21395,-31266,-19313,-42152,1
2022-06-22 18:00:00,67175,224018,721,22361,8588,41039,1821,21011,34656,120424,0,1882,1164,3667,10902,13191,4788,49324,-85768,-1882,-156843,-2503,-2289,-21640,-32451,-19190,-44536,1
2022-06-22 19:00:00,58538,213810,723,21823,7880,38625,1440,20075,28908,119980,0,1818,1126,3579,10884,12528,4978,49893,-91072,-1818,-155272,-2453,-1644,-21100,-30745,-18635,-44915,4
2022-06-22 20:00:00,55084,205765,758,20771,6722,35654,1114,18518,28408,116172,0,1732,1009,3413,10958,12000,4760,49576,-87764,-1732,-150681,-2404,-1042,-20013,-28932,-17404,-44816,4
2022-06-22 21:00:00,50219,190872,740,19618,6727,32615,1002,17256,25176,108188,0,1654,873,3204,10410,11392,4674,47494,-83012,-1654,-140653,-2331,-982,-18878,-25888,-16254,-42820,4
2022-06-22 22:00:00,47312,179999,770,18428,7472,30903,982,16588,23856,104124,0,1448,840,3079,10168,11218,4507,45200,-80268,-1448,-132687,-2239,-1050,-17658,-23431,-15606,-40693,4
2022-06-22 23:00:00,46162,173468,822,17470,7980,29878,874,16197,21532,99212,0,1310,819,2986,9992,11284,4377,43265,-77680,-1310,-127306,-2167,-1292,-16648,-21898,-15323,-38888,4
2022-06-23 00:00:00,48361,170233,743,16925,8249,29421,751,16055,19012,95588,0,1243,724,2940,9714,10902,4411,42081,-76576,-1243,-121872,-2216,-1188,-16182,-21172,-15304,-37670,4
2022-06-23 01:00:00,51380,170750,749,16756,8334,29387,690,15818,18452,94016,0,1221,681,2942,9474,10491,4640,41627,-75564,-1221,-119370,-2261,-1017,-16007,-21053,-15128,-36987,4
2022-06-23 02:00:00,52850,175937,767,16795,8023,30032,802,16181,18244,93268,0,1200,595,3082,9748,10988,4482,41574,-75024,-1200,-123087,-2487,-1240,-16028,-22009,-15379,-37092,1
2022-06-23 03:00:00,55120,188781,988,17729,8651,33462,1380,18547,19048,95884,0,1168,631,3575,10703,12038,4921,41730,-76836,-1168,-133661,-2944,-1335,-16741,-24811,-17167,-36809,1
2022-06-23 04:00:00,63914,215236,1622,19678,10684,38294,2566,20624,20332,102116,0,1238,809,4131,11003,13201,4360,42660,-81784,-1238,-151322,-3322,-2198,-18056,-27610,-18058,-38300,1
2022-06-23 05:00:00,87172,232854,2852,20228,13327,42803,4376,21546,26064,109828,0,1483,925,4372,11104,13777,3480,44078,-83764,-1483,-145682,-3447,-2673,-17376,-29476,-17170,-40598,1
2022-06-23 06:00:00,106426,242677,4484,20048,14150,44535,5468,21739,35896,115724,0,1842,1004,4418,11298,14168,2677,43537,-79828,-1842,-136251,-3414,-2870,-15564,-30385,-16271,-40860,1
2022-06-23 07:00:00,134246,247804,5854,19946,14970,45517,5861,21690,47728,119736,0,2000,1216,4536,11515,14239,2252,41177,-72008,-2000,-113558,-3320,-2724,-14092,-30547,-15829,-38925,1
2022-06-23 08:00:00,161096,253840,6713,19790,15274,46227,6211,21964,59704,122080,0,2036,1542,4546,11440,14220,2284,38644,-62376,-2036,-92744,-3004,-2780,-13077,-30953,-15753,-36360,1
2022-06-23 09:00:00,180454,259279,7123,20240,13982,44534,6284,22007,68100,122908,0,2023,1757,4503,11604,14186,2412,37182,-54808,-2023,-78825,-2746,-2582,-13117,-30552,-15723,-34770,1
2022-06-23 10:00:00,196123,259963,7071,20354,15002,46337,6151,21699,72724,124720,0,2007,1880,4601,11425,13864,2534,36414,-51996,-2007,-63840,-2721,-2439,-13283,-31335,-15548,-33880,1
2022-06-23 11:00:00,195926,257581,6974,20180,15628,47521,6221,21795,74800,124536,0,2005,1901,4534,11257,13676,2704,36786,-49736,-2005,-61655,-2633,-2419,-13206,-31893,-15574,-34082,1
2022-06-23 12:00:00,190060,254412,6341,20548,15650,47334,5698,21850,74716,121624,0,1952,1856,4416,11033,13433,2909,37798,-46908,-1952,-64352,-2560,-2400,-14207,-31684,-16152,-34889,1
2022-06-23 13:00:00,173318,248561,5613,20914,13533,46929,4933,21849,79308,117948,0,1938,1708,4348,10885,13386,3168,39711,-38640,-1938,-75243,-2640,-2501,-15301,-33396,-16916,-36543,1
2022-06-23 14:00:00,150629,242072,4612,21238,13121,45400,3856,21854,81968,118012,0,1952,1488,4369,10781,13357,2792,42935,-36044,-1952,-91443,-2881,-2576,-16626,-32279,-17998,-40143,1
2022-06-23 15:00:00,125174,239245,3211,21568,11586,44710,3012,21640,80536,117276,0,2039,1159,4162,10709,13191,2537,47941,-36740,-2039,-114071,-3003,-2482,-18357,-33124,-18628,-45404,1
2022-06-23 16:00:00,109818,237407,1733,22183,10437,43652,2627,21681,79792,115588,0,2070,887,3903,10555,12893,2232,49529,-35796,-2070,-127589,-3016,-2338,-20450,-33215,-19054,-47297,1
2022-06-23 17:00:00,100118,233068,979,22322,8922,42033,2288,21816,75212,114916,0,1943,812,3699,10572,12625,2194,51602,-39704,-1943,-132950,-2887,-2053,-21343,-33111,-19528,-49408,1
2022-06-23 18:00:00,90905,225819,760,22264,7510,41026,2386,21276,62004,114096,0,1867,935,3578,10780,12330,2280,53128,-52092,-1867,-134914,-2643,-1550,-21504,-33516,-18890,-50848,4
2022-06-23 19:00:00,97417,217604,746,21845,6560,38363,2713,20350,46720,112220,0,1810,1241,3548,10490,11807,2516,53235,-65500,-1810,-120187,-2307,-1317,-21099,-31803,-17637,-50719,4
2022-06-23 20:00:00,115537,211697,713,20746,5899,35494,2451,18843,40432,107972,0,1736,1512,3446,9938,11576,3399,52391,-67540,-1736,-96160,-1934,-1638,-20033,-29595,-16392,-48992,4
2022-06-23 21:00:00,126145,195793,714,19548,5190,32724,2464,17461,39616,101396,0,1640,1457,3385,8984,10913,3818,50778,-61780,-1640,-69648,-1928,-1929,-18834,-27534,-14997,-46960,1
2022-06-23 22:00:00,135829,187853,711,18232,5304,30886,2613,16535,38472,98612,0,1451,1544,3274,8671,10142,3855,48037,-60140,-1451,-52024,-1730,-1471,-17521,-25582,-13922,-44182,1
2022-06-23 23:00:00,135496,183655,700,17191,5319,29846,2851,16224,39820,94460,0,1306,1568,3163,8403,9852,3675,45623,-54640,-1306,-48159,-1595,-1449,-16491,-24527,-13373,-41948,1
2022-06-24 00:00:00,133692,181875,734,16626,5074,29181,3078,15995,40392,91096,0,1222,1659,3093,8185,9793,2867,44446,-50704,-1222,-48183,-1434,-1608,-15892,-24107,-12917,-41579,1
2022-06-24 01:00:00,121855,181918,786,16488,4832,29125,3366,15733,39872,89268,0,1204,1799,3026,8121,9609,2253,44161,-49396,-1204,-60063,-1227,-1488,-15702,-24293,-12367,-41908,1
2022-06-24 02:00:00,119189,185400,859,16513,4695,29485,3583,16178,38500,88816,0,1186,2270,3128,8686,9692,3616,44629,-50316,-1186,-66211,-858,-1006,-15654,-24790,-12595,-41013,3
2022-06-24 03:00:00,110094,198179,1237,17371,5730,32757,3947,18575,38704,89572,0,1160,2080,3637,9479,10446,2745,44569,-50868,-1160,-88085,-1557,-967,-16134,-27027,-14628,-41824,4
2022-06-24 04:00:00,107330,223394,2152,19239,8264,37647,4250,20879,38320,92736,0,1231,2481,4153,10059,11229,3527,47221,-54416,-1231,-116064,-1672,-1170,-17087,-29383,-16629,-43694,4
2022-06-24 05:00:00,123128,240558,3591,19772,14137,42410,5069,21676,41128,97176,0,1455,2711,4430,9873,11588,2302,51387,-56048,-1455,-117430,-1719,-1715,-16181,-28273,-16607,-49085,1
2022-06-24 06:00:00,134929,247871,5163,19795,16180,44293,6571,21552,54008,100824,0,1783,3337,4518,10040,12060,2554,54128,-46816,-1783,-112942,-1181,-2020,-14632,-28113,-14981,-51574,3
2022-06-24 07:00:00,149841,255278,6251,19803,17092,44757,8349,21351,74936,104304,0,1957,3764,4633,10160,12269,3287,53809,-29368,-1957,-105437,-869,-2109,-13552,-27665,-13002,-50522,3
2022-06-24 08:00:00,157887,259411,7101,19740,17688,45277,9246,21533,86920,106692,0,2000,3900,4709,10150,12159,4975,50983,-19772,-2000,-101524,-809,-2009,-12639,-27589,-12287,-46008,3
2022-06-24 09:00:00,167161,261620,7692,19721,17513,44499,9342,21554,92984,108668,0,1958,4431,4736,10335,11998,3654,48410,-15684,-1958,-94459,-305,-1663,-12029,-26986,-12212,-44756,3
2022-06-24 10:00:00,174645,261124,7734,19846,16711,44405,9187,21328,94156,110680,0,1919,4601,4653,10208,11682,2921,46944,-16524,-1919,-86479,-52,-1474,-12112,-27694,-12141,-44023,3
2022-06-24 11:00:00,172052,256126,7535,19696,16784,44955,8880,21018,94172,112296,0,1864,4630,4532,10093,11408,2321,43843,-18124,-1864,-84074,98,-1315,-12161,-28171,-12138,-41522,3
2022-06-24 12:00:00,161504,251741,7158,20271,16757,45096,8499,21478,93944,111224,0,1758,4909,4332,10200,11280,2638,42453,-17280,-1758,-90237,577,-1080,-13113,-28339,-12979,-39815,3
2022-06-24 13:00:00,147235,246999,6355,20858,16542,45443,7559,21568,93160,108112,0,1704,4220,4395,10383,11129,2265,41234,-14952,-1704,-99764,-175,-746,-14503,-28901,-14009,-38969,3
2022-06-24 14:00:00,126484,240536,5137,21456,16210,44384,6498,21693,90192,107024,0,1710,4184,4348,10394,11137,2206,43914,-16832,-1710,-114052,-164,-743,-16319,-28174,-15195,-41708,3
2022-06-24 15:00:00,104152,240323,3566,21782,14344,42964,4997,21579,85100,106852,0,1764,4061,4215,10311,10979,2193,46439,-21752,-1764,-136171,-154,-668,-18216,-28620,-16582,-44246,3
2022-06-24 16:00:00,85633,237833,1887,22149,13374,42046,4255,21609,77896,107148,0,1819,2948,3878,10424,11147,1665,48377,-29252,-1819,-152200,-930,-723,-20262,-28672,-17354,-46712,4
2022-06-24 17:00:00,76157,229425,1247,22258,12753,40492,4290,21370,66220,108140,0,1723,2165,3704,10395,11227,993,48833,-41920,-1723,-153268,-1539,-832,-21011,-27739,-17080,-47840,4
2022-06-24 18:00:00,68443,219373,1155,22006,11101,39557,4309,20858,48824,108124,0,1625,1774,3545,10279,11235,938,49835,-59300,-1625,-150930,-1771,-956,-20851,-28456,-16549,-48897,4
2022-06-24 19:00:00,64226,207258,1164,21842,10413,37091,4549,20111,36136,108584,0,1582,1749,3479,10049,10707,1171,49823,-72448,-1582,-143032,-1730,-658,-20678,-26678,-15562,-48652,4
2022-06-24 20:00:00,61606,196474,1151,20682,8406,34356,4789,18771,37056,105680,0,1492,1555,3395,9894,10355,1477,49556,-68624,-1492,-134868,-1840,-461,-19531,-25950,-13982,-48079,4
2022-06-24 21:00:00,58325,183569,1217,19670,8558,31912,4692,17556,31192,99288,0,1428,1547,3154,9384,10200,1868,47690,-68096,-1428,-125244,-1607,-816,-18453,-23354,-12864,-45822,4
2022-06-24 22:00:00,57837,177932,1213,18373,8728,30226,4405,16716,31240,97308,0,1264,1410,3009,8929,10055,2793,44794,-66068,-1264,-120095,-1599,-1126,-17160,-21498,-12311,-42001,4
2022-06-24 23:00:00,59552,170740,1099,17152,9542,29032,4119,16230,30304,92032,0,1143,1166,2949,8581,9929,3617,42959,-61728,-1143,-111188,-1783,-1348,-16053,-19490,-12111,-39342,1
2022-06-25 00:00:00,59837,165209,1074,16491,9991,28215,3760,15959,30516,88220,0,1077,946,2870,8484,9894,4930,41968,-57704,-1077,-105372,-1924,-1410,-15417,-18224,-12199,-37038,1
2022-06-25 01:00:00,59838,162230,1173,16209,9325,27884,3595,15399,29428,86112,0,1049,692,2808,8349,9525,6932,41347,-56684,-1049,-102392,-2116,-1176,-15036,-18559,-11804,-34415,1
2022-06-25 02:00:00,61889,161450,1160,15965,8190,27422,3615,15275,30800,85252,0,1003,575,2788,8294,9532,6517,40609,-54452,-1003,-99561,-2213,-1238,-14805,-19232,-11660,-34092,1
2022-06-25 03:00:00,62447,162785,1517,15871,8141,28285,3404,16269,31096,84604,0,958,509,2933,8699,9814,6242,39309,-53508,-958,-100338,-2424,-1115,-14354,-20144,-12865,-33067,1
2022-06-25 04:00:00,63395,171422,2171,16584,9049,30803,3538,17502,29728,85268,0,971,693,3225,9205,10251,5429,38076,-55540,-971,-108027,-2532,-1046,-14413,-21754,-13964,-32647,1
2022-06-25 05:00:00,75383,182785,3536,17060,11293,33347,4495,18722,29028,88076,0,1077,893,3528,9465,10753,5367,37177,-59048,-1077,-107402,-2635,-1288,-13524,-22054,-14227,-31810,1
2022-06-25 06:00:00,97796,196779,5056,17336,13324,35288,5714,19355,40512,94168,0,1227,1098,3803,9835,11194,4199,37362,-53656,-1227,-98983,-2705,-1359,-12280,-21964,-13641,-33163,1
2022-06-25 07:00:00,126096,206238,6431,17978,14370,35370,6796,19203,55932,101436,0,1413,1241,3944,10167,11050,3740,38974,-45504,-1413,-80142,-2703,-883,-11547,-21000,-12407,-35234,4
2022-06-25 08:00:00,156326,213084,7088,18194,15309,35191,7587,19325,63864,105764,0,1506,1361,3950,10314,10930,3330,39247,-41900,-1506,-56758,-2589,-616,-11106,-19882,-11738,-35917,4
2022-06-25 09:00:00,170990,214844,7176,18419,16353,34786,7601,19316,72588,107532,0,1527,1471,3937,10176,11104,2864,38385,-34944,-1527,-43854,-2466,-928,-11243,-18433,-11715,-35521,4
2022-06-25 10:00:00,179746,211448,6738,18620,17029,33900,7552,19565,80732,108804,0,1529,1456,3888,10131,11170,2380,36224,-28072,-1529,-31702,-2432,-1039,-11882,-16871,-12013,-33844,4
2022-06-25 11:00:00,179646,206164,6333,18074,15670,32888,6766,19057,84488,110084,0,1506,1344,3777,10002,11167,1989,35094,-25596,-1506,-26518,-2433,-1165,-11741,-17218,-12291,-33105,4
2022-06-25 12:00:00,170945,201612,5699,17987,15054,33142,6077,18971,85848,107584,0,1415,1326,3657,9936,11455,1734,34495,-21736,-1415,-30667,-2331,-1519,-12288,-18088,-12894,-32761,1
2022-06-25 13:00:00,152947,198332,4744,18507,14823,34272,5274,18967,88376,103836,0,1341,1213,3667,9870,11661,1290,36263,-15460,-1341,-45385,-2454,-1791,-13763,-19449,-13693,-34973,1
2022-06-25 14:00:00,128422,196003,3704,19017,13655,35258,4296,18994,88936,101936,0,1318,922,3915,9884,11943,1287,39975,-13000,-1318,-67581,-2993,-2059,-15313,-21603,-14698,-38688,1
2022-06-25 15:00:00,98966,197363,2562,19002,13103,36019,3485,19104,90040,102112,0,1392,691,3813,9968,11937,1384,44546,-12072,-1392,-98397,-3122,-1969,-16440,-22916,-15619,-43162,1
2022-06-25 16:00:00,81369,197066,1632,19035,12352,36167,2816,19051,86000,103284,0,1505,458,3727,9816,11749,1302,46154,-17284,-1505,-115697,-3269,-1933,-17403,-23815,-16235,-44852,1
2022-06-25 17:00:00,67139,192490,1050,19171,11647,35316,3094,18871,78000,104248,0,1466,291,3581,9708,11694,1131,46897,-26248,-1466,-125351,-3290,-1986,-18121,-23669,-15777,-45766,1
2022-06-25 18:00:00,58928,186837,847,19419,10005,34937,2933,18653,58860,103584,0,1422,255,3434,9543,11298,953,47063,-44724,-1422,-127909,-3179,-1755,-18572,-24932,-15720,-46110,1
2022-06-25 19:00:00,56801,181818,780,19446,8375,33377,3118,18080,47216,103628,0,1375,299,3374,9314,10970,914,46812,-56412,-1375,-125017,-3075,-1656,-18666,-25002,-14962,-45898,1
2022-06-25 20:00:00,56527,175532,687,18343,6370,30997,2920,16823,44952,100988,0,1313,361,3256,9240,10525,1262,46309,-56036,-1313,-119005,-2895,-1285,-17656,-24627,-13903,-45047,4
2022-06-25 21:00:00,51676,164619,603,17129,5887,28819,2955,15700,43804,95104,0,1286,345,3084,9233,10018,1805,44890,-51300,-1286,-112943,-2739,-785,-16526,-22932,-12745,-43085,4
2022-06-25 22:00:00,48513,156172,560,16042,5855,27150,2978,14942,42468,90264,0,1157,352,2935,8827,9881,1977,42861,-47796,-1157,-107659,-2583,-1054,-15482,-21295,-11964,-40884,4
2022-06-25 23:00:00,50092,151458,571,15227,5723,26005,2870,14468,39528,85580,0,1039,461,2816,8440,9783,2477,41418,-46052,-1039,-101366,-2355,-1343,-14656,-20282,-11598,-38941,1
2022-06-26 00:00:00,52483,147510,578,14832,4976,25043,2669,14208,37184,82132,0,946,567,2768,8372,9719,3423,40715,-44948,-946,-95027,-2201,-1347,-14254,-20067,-11539,-37292,1
2022-06-26 01:00:00,53690,147889,583,14632,4602,24734,2492,13672,35236,79620,0,921,855,2672,8198,9530,3589,40193,-44384,-921,-94199,-1817,-1332,-14049,-20132,-11180,-36604,1
2022-06-26 02:00:00,55262,147839,579,14321,4881,24114,2424,13525,32248,79128,0,898,1086,2620,8154,9617,4160,39521,-46880,-898,-92577,-1534,-1463,-13742,-19233,-11101,-35361,1
2022-06-26 03:00:00,55414,146515,787,14254,5620,23918,2520,14170,29668,79348,0,881,1417,2732,8475,9769,3363,38624,-49680,-881,-91101,-1315,-1294,-13467,-18298,-11650,-35261,1
2022-06-26 04:00:00,63496,150350,1507,14860,7721,25458,3040,15233,27688,78392,0,910,1514,2994,9185,10426,3228,36778,-50704,-910,-86854,-1480,-1241,-13353,-17737,-12193,-33550,1
2022-06-26 05:00:00,78261,159873,2998,15309,10225,27455,4024,16194,28464,79124,0,1006,1414,3334,9681,10912,2597,34765,-50660,-1006,-81612,-1920,-1231,-12311,-17230,-12170,-32168,1
2022-06-26 06:00:00,111502,173864,4633,15886,12179,28934,5244,16767,39644,83140,0,1124,1577,3605,10189,11519,2817,33897,-43496,-1124,-62362,-2028,-1330,-11253,-16755,-11523,-31080,1
2022-06-26 07:00:00,147271,184779,6053,16327,14351,30163,6466,17140,59296,89640,0,1274,1844,3838,10525,11840,2307,33402,-30344,-1274,-37508,-1994,-1315,-10274,-15812,-10674,-31095,1
2022-06-26 08:00:00,171333,192204,6939,16591,15857,31031,7312,17299,67956,95100,0,1418,2027,3840,10540,11825,2350,33649,-27144,-1418,-20871,-1813,-1285,-9652,-15174,-9987,-31299,4
2022-06-26 09:00:00,183471,198814,7118,16884,15999,31692,7408,17280,67224,97096,0,1494,2074,3815,10737,11981,2291,34134,-29872,-1494,-15343,-1741,-1244,-9766,-15693,-9872,-31843,4
2022-06-26 10:00:00,184785,198653,7156,16809,15614,31427,6925,17063,71864,98780,0,1568,2416,3919,10782,12207,2108,34235,-26916,-1568,-13868,-1503,-1425,-9653,-15813,-10138,-32127,4
2022-06-26 11:00:00,178341,192223,6693,16797,15313,31282,6292,16857,76512,101928,0,1675,2523,3841,10772,11826,2276,33506,-25416,-1675,-13882,-1318,-1054,-10104,-15969,-10565,-31230,4
2022-06-26 12:00:00,167642,187792,6058,17243,14273,30990,5902,17147,79780,101096,0,1626,2419,3808,10742,11622,2121,33950,-21316,-1626,-20150,-1389,-880,-11185,-16717,-11245,-31829,4
2022-06-26 13:00:00,147304,183774,5313,17741,13086,31863,5128,17480,80708,97528,0,1543,2114,3854,10659,11829,1973,34610,-16820,-1543,-36470,-1740,-1170,-12428,-18777,-12352,-32637,4
2022-06-26 14:00:00,120342,185028,4199,18468,11183,32659,4194,17827,79352,95360,0,1552,1622,4056,10578,12423,1968,38285,-16008,-1552,-64686,-2434,-1845,-14269,-21476,-13633,-36317,1
2022-06-26 15:00:00,93917,188046,2890,19073,10658,34177,3446,18038,75164,95176,0,1663,1202,3945,10394,12405,1778,41881,-20012,-1663,-94129,-2743,-2011,-16183,-23519,-14592,-40103,1
2022-06-26 16:00:00,78886,187845,1531,19883,10738,34850,2732,18145,75760,96268,0,1723,862,3745,10227,12640,1428,43116,-20508,-1723,-108959,-2883,-2413,-18352,-24112,-15413,-41688,1
2022-06-26 17:00:00,60718,186856,773,20304,10012,34865,2850,18111,74124,98084,0,1657,633,3632,10176,12759,1097,44130,-23960,-1657,-126138,-2999,-2583,-19531,-24853,-15261,-43033,1
2022-06-26 18:00:00,52718,184614,547,20645,10654,35392,2971,18152,64184,99404,0,1585,511,3438,10050,12371,709,45610,-35220,-1585,-131896,-2927,-2321,-20098,-24738,-15181,-44901,1
2022-06-26 19:00:00,51172,182295,539,20686,9770,34148,3363,17918,55392,102520,0,1548,456,3404,9897,11799,634,46819,-47128,-1548,-131123,-2948,-1902,-20147,-24378,-14555,-46185,1
2022-06-26 20:00:00,55430,178196,539,19219,7868,31829,3371,16731,52996,102064,0,1478,477,3318,9829,11244,715,46793,-49068,-1478,-122766,-2841,-1415,-18680,-23961,-13360,-46078,4
2022-06-26 21:00:00,55878,168360,547,17704,6235,29189,3618,15716,52296,95444,0,1434,546,3157,9935,11006,759,44781,-43148,-1434,-112482,-2611,-1071,-17157,-22954,-12098,-44022,4
2022-06-26 22:00:00,61509,163114,580,16501,6560,27396,3642,15078,49420,89904,0,1285,608,3046,9798,10832,715,43853,-40484,-1285,-101605,-2438,-1034,-15921,-20836,-11436,-43138,4
2022-06-26 23:00:00,61769,161997,591,15696,6317,26552,3535,14777,50860,85104,0,1170,693,2984,9630,10878,751,42681,-34244,-1170,-100228,-2291,-1248,-15105,-20235,-11242,-41930,1
2022-06-27 00:00:00,64050,159887,592,15341,5750,25806,3315,14651,51820,81788,0,1113,865,2914,9483,10642,755,42015,-29968,-1113,-95837,-2049,-1159,-14749,-20056,-11336,-41260,1
2022-06-27 01:00:00,68576,161700,593,15275,5735,26044,3241,14554,52148,80632,0,1080,783,2923,9279,10436,786,41784,-28484,-1080,-93124,-2140,-1157,-14682,-20309,-11313,-40998,1
2022-06-27 02:00:00,62983,166799,616,15528,6516,27191,3193,15216,50948,80912,0,1062,781,3090,9503,10752,690,42072,-29964,-1062,-103816,-2309,-1249,-14912,-20675,-12023,-41382,1
2022-06-27 03:00:00,54391,182374,847,16930,6302,31565,3195,18170,48460,84792,0,1050,940,3562,9477,11922,613,42411,-36332,-1050,-127983,-2622,-2445,-16083,-25263,-14975,-41798,1
2022-06-27 04:00:00,61823,211543,1688,19377,9780,37268,3482,20755,47312,94116,0,1120,1094,4102,9916,13369,754,44213,-46804,-1120,-149720,-3008,-3453,-17689,-27488,-17273,-43459,1
2022-06-27 05:00:00,83878,232769,3283,20203,13510,42690,4475,22046,49160,103180,0,1359,1281,4416,10114,14148,823,48165,-54020,-1359,-148891,-3135,-4034,-16920,-29180,-17571,-47342,1
2022-06-27 06:00:00,107884,244037,4866,20579,15030,45222,5750,22423,58468,110832,0,1697,1544,4532,10329,14399,718,51237,-52364,-1697,-136153,-2988,-4070,-15713,-30192,-16673,-50519,1
2022-06-27 07:00:00,118443,250563,6189,20882,15949,46578,7343,22310,74996,116612,0,1858,1740,4603,10651,14703,723,51108,-41616,-1858,-132120,-2863,-4052,-14693,-30629,-14967,-50385,1
2022-06-27 08:00:00,132366,256116,7125,21325,15883,47109,8313,22571,81416,120200,0,1887,1741,4645,11034,14699,826,50658,-38784,-1887,-123750,-2904,-3665,-14200,-31226,-14258,-49832,1
2022-06-27 09:00:00,143345,259305,7566,21392,16277,46409,8586,22733,83004,121836,0,1894,1645,4588,11241,14723,824,50609,-38832,-1894,-115960,-2943,-3482,-13826,-30132,-14147,-49785,1
2022-06-27 10:00:00,146893,257430,7633,21821,16605,47197,8189,22549,83964,123924,0,1888,1681,4652,11276,15027,1417,50045,-39960,-1888,-110537,-2971,-3751,-14188,-30592,-14360,-48628,1
2022-06-27 11:00:00,144526,255382,7370,21841,16661,48469,7923,22529,83680,124800,0,1863,1436,4596,11322,14826,2944,51360,-41120,-1863,-110856,-3160,-3504,-14471,-31808,-14606,-48416,1
2022-06-27 12:00:00,141716,250784,6802,22405,15669,48623,7164,22591,84132,122008,0,1807,1416,4481,11216,14535,1894,52110,-37876,-1807,-109068,-3065,-3319,-15603,-32954,-15427,-50216,1
2022-06-27 13:00:00,140154,245767,5942,23004,14586,48620,6086,22517,83444,118952,0,1792,1668,4483,10999,14291,1964,52172,-35508,-1792,-105613,-2815,-3292,-17062,-34034,-16431,-50208,1
2022-06-27 14:00:00,135070,244505,4757,23500,14491,47830,4818,22509,82576,118184,0,1820,1815,4622,10997,14233,4017,50127,-35608,-1820,-109435,-2807,-3236,-18743,-33339,-17691,-46110,1
2022-06-27 15:00:00,114183,246447,3177,23858,13229,46852,3937,22505,80076,118048,0,1964,1991,4456,10918,14121,5119,48205,-37972,-1964,-132264,-2465,-3203,-20681,-33623,-18568,-43086,1
2022-06-27 16:00:00,100559,243905,1703,24340,12232,46111,3390,22489,76556,116960,0,2052,1888,4150,10710,13699,4776,46611,-40404,-2052,-143346,-2262,-2989,-22637,-33879,-19099,-41835,1
2022-06-27 17:00:00,90583,237206,983,24535,10693,44911,3342,22318,69588,116332,0,1902,2216,3944,10544,13325,6549,47857,-46744,-1902,-146623,-1728,-2781,-23552,-34218,-18976,-41308,3
2022-06-27 18:00:00,79727,227392,832,24353,9342,44143,3690,21836,58144,116148,0,1798,2115,3756,10390,13094,6767,49498,-58004,-1798,-147665,-1641,-2704,-23521,-34801,-18146,-42731,3
2022-06-27 19:00:00,68950,216948,922,23766,8430,41324,3698,20788,50692,115400,0,1731,1636,3632,10462,12803,5019,49580,-64708,-1731,-147998,-1996,-2341,-22844,-32894,-17090,-44561,1
2022-06-27 20:00:00,66836,208098,978,22272,7493,38215,4020,19181,50288,110668,0,1628,1261,3417,10345,12114,4875,49112,-60380,-1628,-141262,-2156,-1769,-21294,-30722,-15161,-44237,1
2022-06-27 21:00:00,63867,194018,1006,20829,6819,34820,3982,17853,45548,102424,0,1500,1181,3206,9662,11488,4717,46925,-56876,-1500,-130151,-2025,-1826,-19823,-28001,-13871,-42208,1
2022-06-27 22:00:00,61732,181548,966,19401,6690,32715,3900,17195,41052,98752,0,1250,975,3093,9158,10911,5035,44750,-57700,-1250,-119816,-2118,-1753,-18435,-26025,-13295,-39715,1
2022-06-27 23:00:00,59295,173479,919,18265,7095,31292,3532,16868,39416,94184,0,1125,1102,2982,8875,10828,5294,42763,-54768,-1125,-114184,-1880,-1953,-17346,-24197,-13336,-37469,1
2022-06-28 00:00:00,61829,170229,693,17709,6612,30584,3293,16626,34960,91040,0,1061,1330,2928,8431,10556,4750,41617,-56080,-1061,-108400,-1598,-2125,-17016,-23972,-13333,-36867,1
2022-06-28 01:00:00,66505,172088,839,17502,6430,30555,3018,16311,32136,89928,0,1032,1667,2961,8893,10689,4357,41139,-57792,-1032,-105583,-1294,-1796,-16663,-24125,-13293,-36782,1
2022-06-28 02:00:00,62430,176768,967,17595,6644,31051,3122,16698,28656,90436,0,1013,1687,3130,9608,11032,3550,41168,-61780,-1013,-114338,-1443,-1424,-16628,-24407,-13576,-37618,1
2022-06-28 03:00:00,58174,190053,1300,18665,7863,34283,3518,19198,27784,93392,0,998,1702,3565,9897,12080,2618,41328,-65608,-998,-131879,-1863,-2183,-17365,-26420,-15680,-38710,1
2022-06-28 04:00:00,66016,217059,1873,20823,10932,39545,4050,21370,25604,100512,0,1055,1741,4057,9989,13519,2327,42694,-74908,-1055,-151043,-2316,-3530,-18950,-28613,-17320,-40367,1
2022-06-28 05:00:00,84902,235837,2688,21997,13002,44758,4823,22493,28068,108628,0,1339,1818,4396,10185,14097,2287,43771,-80560,-1339,-150935,-2578,-3912,-19309,-31756,-17670,-41484,1
2022-06-28 06:00:00,106180,245930,3649,22332,13797,47655,5242,22810,41436,114924,0,1680,2003,4489,10412,14516,2390,42860,-73488,-1680,-139750,-2486,-4104,-18683,-33858,-17568,-40470,1
2022-06-28 07:00:00,130531,250589,5293,22108,14180,48153,5265,22638,58180,119536,0,1872,2146,4627,10467,14522,2211,40035,-61356,-1872,-120058,-2481,-4055,-16815,-33973,-17373,-37824,1
2022-06-28 08:00:00,152622,255977,6025,22194,15614,49317,5219,22890,63420,122396,0,1931,2269,4694,10520,14445,2266,36527,-58976,-1931,-103355,-2425,-3925,-16169,-33703,-17671,-34261,1
2022-06-28 09:00:00,166664,260530,6337,22246,15900,48971,5104,23004,63552,124164,0,1924,2183,4650,10674,14621,2208,34079,-60612,-1924,-93866,-2467,-3947,-15909,-33071,-17900,-31871,1
2022-06-28 10:00:00,173817,256405,6881,22395,14899,49018,5271,22719,64984,126032,0,1956,2015,4668,10730,14603,2280,32532,-61048,-1956,-82588,-2653,-3873,-15514,-34119,-17448,-30252,1
2022-06-28 11:00:00,168658,251945,6781,22416,14654,49308,4806,22639,66632,126588,0,1952,1919,4601,10858,14551,2198,32826,-59956,-1952,-83287,-2682,-3693,-15635,-34654,-17833,-30628,1
2022-06-28 12:00:00,154351,245784,6276,22922,13975,48886,4482,22589,69416,124036,0,1849,1767,4428,11060,14587,1909,34379,-54620,-1849,-91433,-2661,-3527,-16646,-34911,-18107,-32470,1
2022-06-28 13:00:00,134350,239342,5463,23663,13702,48824,4290,22498,71672,121684,0,1764,1715,4421,10772,14304,1715,36686,-50012,-1764,-104992,-2706,-3532,-18200,-35122,-18208,-34971,1
2022-06-28 14:00:00,116581,236835,4317,24144,12621,47500,3436,22281,70620,121716,0,1799,1438,4533,10542,14459,1475,39672,-51096,-1799,-120254,-3095,-3917,-19827,-34879,-18845,-38197,1
2022-06-28 15:00:00,100543,235994,2832,24531,12357,46252,2268,21928,68684,121800,0,1937,1129,4366,10206,14265,1337,43663,-53116,-1937,-135451,-3237,-4059,-21699,-33895,-19660,-42326,1
2022-06-28 16:00:00,90793,233419,1432,24913,12080,45475,2142,22124,65752,121132,0,1966,768,4144,10202,14308,1260,45537,-55380,-1966,-142626,-3376,-4106,-23481,-33395,-19982,-44277,1
2022-06-28 17:00:00,76149,228226,774,24989,10344,43449,1654,21883,58796,121228,0,1839,504,3922,9789,13780,1083,47803,-62432,-1839,-152077,-3418,-3991,-24215,-33105,-20229,-46720,1
2022-06-28 18:00:00,66567,220908,514,24691,8872,42577,1395,21448,45804,120480,0,1780,380,3753,9665,13118,1202,49984,-74676,-1780,-154341,-3373,-3453,-24177,-33705,-20053,-48782,1
2022-06-28 19:00:00,62193,212081,514,24123,8083,39984,1339,20514,35748,119108,0,1748,332,3648,9574,12730,1755,50422,-83360,-1748,-149888,-3316,-3156,-23609,-31901,-19175,-48667,1
2022-06-28 20:00:00,60660,202912,508,22693,7670,36997,1140,19067,35116,114392,0,1663,355,3485,9669,11998,2355,49624,-79276,-1663,-142252,-3130,-2329,-22185,-29327,-17927,-47269,1
2022-06-28 21:00:00,66687,188637,503,21283,7264,34164,1088,17749,31096,105340,0,1615,362,3272,9100,11620,3502,47442,-74244,-1615,-121950,-2910,-2520,-20780,-26900,-16661,-43940,1
2022-06-28 22:00:00,81160,181536,495,19759,7178,32225,1062,17035,29988,102108,0,1406,336,3104,8759,11303,4771,44769,-72120,-1406,-100376,-2768,-2544,-19264,-25047,-15973,-39998,1
2022-06-28 23:00:00,96650,178779,520,18641,7187,31087,1057,16625,27564,96764,0,1280,370,3005,8607,11132,5903,42858,-69200,-1280,-82129,-2635,-2525,-18121,-23900,-15568,-36955,1
2022-06-29 00:00:00,95982,175524,526,18115,7219,30296,1074,16598,24888,93264,0,1225,429,2963,8594,10850,6066,41905,-68376,-1225,-79542,-2534,-2256,-17589,-23077,-15524,-35839,1
2022-06-29 01:00:00,91372,173175,516,17958,7171,30025,1003,16293,23472,91916,0,1201,511,2927,8594,10648,5846,41378,-68444,-1201,-81803,-2416,-2054,-17442,-22854,-15290,-35532,1
2022-06-29 02:00:00,84998,177049,537,18018,7110,30927,1089,16767,21820,91628,0,1176,500,3084,9325,10955,5589,41390,-69808,-1176,-92051,-2584,-1630,-17481,-23817,-15678,-35801,1
2022-06-29 03:00:00,75706,190631,891,18976,7977,34023,1330,19136,20476,94500,0,1157,593,3524,9433,12214,4642,41740,-74024,-1157,-114925,-2931,-2781,-18085,-26046,-17806,-37098,1
2022-06-29 04:00:00,77209,217565,1706,21133,11179,39222,2055,21296,21280,101636,0,1219,891,4065,9715,13549,3681,42778,-80356,-1219,-140356,-3174,-3834,-19427,-28043,-19241,-39097,1
2022-06-29 05:00:00,88530,235538,3192,21979,14504,43964,2847,22241,25688,108632,0,1466,1293,4330,9886,14157,2931,44518,-82944,-1466,-147008,-3037,-4271,-18787,-29460,-19394,-41587,1
2022-06-29 06:00:00,100774,245541,4708,22316,16538,46108,3385,22450,38140,114720,0,1820,1634,4465,9950,14206,2683,44025,-76580,-1820,-144767,-2831,-4256,-17608,-29570,-19065,-41342,1
2022-06-29 07:00:00,110302,251023,6079,22651,17139,46684,4195,22524,55952,120228,0,1975,1866,4594,10090,14385,2471,41814,-64276,-1975,-140721,-2728,-4295,-16572,-29545,-18329,-39343,1
2022-06-29 08:00:00,120962,255444,7002,23009,18317,47534,4643,22656,63648,123236,0,2033,1974,4573,10041,14440,2522,39454,-59588,-2033,-134482,-2599,-4399,-16007,-29217,-18013,-36932,1
2022-06-29 09:00:00,131134,257819,7555,23247,18475,46430,4982,22577,67628,125872,0,2018,2059,4575,10027,14466,2806,37373,-58244,-2018,-126685,-2516,-4439,-15692,-27955,-17595,-34567,1
2022-06-29 10:00:00,140933,254366,7700,23376,18561,46618,5390,22668,71708,128664,0,2018,2120,4613,9837,14264,3005,36491,-56956,-2018,-113433,-2493,-4427,-15676,-28057,-17278,-33486,1
2022-06-29 11:00:00,152711,249539,7520,23256,18934,47715,5233,22532,77288,130028,0,1997,2195,4515,9888,14507,2967,36879,-52740,-1997,-96828,-2320,-4619,-15736,-28781,-17299,-33912,1
2022-06-29 12:00:00,150471,246479,7068,23812,18782,47962,4487,22509,81348,127732,0,1907,2258,4396,9840,14443,2743,37436,-46384,-1907,-96008,-2138,-4603,-16744,-29180,-18022,-34693,1
2022-06-29 13:00:00,142692,244085,6109,24431,17301,47500,4081,22879,85432,125028,0,1911,2154,4259,10069,14648,2509,38546,-39596,-1911,-101393,-2105,-4579,-18322,-30199,-18798,-36037,1
2022-06-29 14:00:00,131235,241779,5005,24836,17008,46857,3481,22842,87380,123992,0,1950,2122,4387,9824,14340,2327,41472,-36612,-1950,-110544,-2265,-4516,-19831,-29849,-19361,-39145,1
2022-06-29 15:00:00,108426,240352,3475,25173,14478,45707,2790,22189,87492,123408,0,2085,1803,4236,9794,14033,2431,45481,-35916,-2085,-131926,-2433,-4239,-21698,-31229,-19399,-43050,1
2022-06-29 16:00:00,97325,239220,1966,25714,12270,44818,2442,22312,85756,121936,0,2144,1593,4017,9670,13878,1863,46828,-36180,-2144,-141895,-2424,-4208,-23748,-32548,-19870,-44965,1
2022-06-29 17:00:00,92340,234559,1162,25809,10233,43380,2139,22226,75748,120808,0,2001,1391,3790,9653,13695,1639,49466,-45060,-2001,-142219,-2399,-4042,-24647,-33147,-20087,-47827,1
2022-06-29 18:00:00,78320,225753,889,25535,9066,42476,1610,21852,61244,119124,0,1893,1254,3615,9555,13501,1407,51643,-57880,-1893,-147433,-2361,-3946,-24646,-33410,-20242,-50236,1
2022-06-29 19:00:00,75966,217883,949,24853,8114,40167,1621,20695,50644,117608,0,1819,1295,3544,9224,13248,1356,52091,-66964,-1819,-141917,-2249,-4024,-23904,-32053,-19074,-50735,1
2022-06-29 20:00:00,75643,209106,974,23274,6460,37047,1540,19145,46276,113500,0,1724,1385,3392,9092,12694,1364,51253,-67224,-1724,-133463,-2007,-3602,-22300,-30587,-17605,-49889,1
2022-06-29 21:00:00,72825,194645,910,21713,5328,34066,1805,17849,43120,106124,0,1646,1239,3232,8813,11847,1403,49380,-63004,-1646,-121820,-1993,-3034,-20803,-28738,-16044,-47977,1
2022-06-29 22:00:00,73362,184177,1090,20119,4929,32158,1789,17088,40260,102264,0,1468,1047,3117,8904,11584,2397,46761,-62004,-1468,-110815,-2070,-2680,-19029,-27229,-15299,-44364,1
2022-06-29 23:00:00,73976,178795,760,18903,5300,30914,1656,16677,37284,97480,0,1323,1072,3011,8795,11484,2280,44645,-60196,-1323,-104819,-1939,-2689,-18143,-25614,-15021,-42365,1
2022-06-30 00:00:00,72963,175635,675,18326,5429,30321,1486,16651,33396,93668,0,1242,1089,2937,8731,11227,3151,43066,-60272,-1242,-102672,-1848,-2496,-17651,-24892,-15165,-39915,1
2022-06-30 01:00:00,76432,176689,733,18134,5773,30379,1452,16520,31100,91956,0,1213,748,3039,8884,11125,3810,42679,-60856,-1213,-100257,-2291,-2241,-17401,-24606,-15068,-38869,1
2022-06-30 02:00:00,70957,181221,814,18234,5548,30766,1505,16710,29716,91708,0,1189,871,3131,9029,11301,3577,42714,-61992,-1189,-110264,-2260,-2272,-17420,-25218,-15205,-39137,1
2022-06-30 03:00:00,59389,192906,1067,19102,5877,33953,2077,18944,28380,93948,0,1180,856,3578,9150,12339,3860,42959,-65568,-1180,-133517,-2722,-3189,-18035,-28076,-16867,-39099,1
2022-06-30 04:00:00,71202,219292,1719,21190,10194,39138,2943,21108,28340,101024,0,1240,1162,4113,9553,13341,3684,44357,-72684,-1240,-148090,-2951,-3788,-19471,-28944,-18165,-40673,1
2022-06-30 05:00:00,89967,238051,3227,22152,13282,43931,3903,22252,33152,108756,0,1479,1478,4328,9759,13953,3113,45559,-75604,-1479,-148084,-2850,-4194,-18925,-30649,-18349,-42446,1
2022-06-30 06:00:00,111892,248825,4632,22579,14972,46184,4599,22580,45120,114680,0,1786,1859,4545,9917,14389,3027,44247,-69560,-1786,-136933,-2686,-4472,-17947,-31212,-17981,-41220,1
2022-06-30 07:00:00,135092,252785,5867,22789,16047,46964,5442,22765,57552,119396,0,1966,2090,4726,9966,14658,3338,41346,-61844,-1966,-117693,-2636,-4692,-16922,-30917,-17323,-38008,1
2022-06-30 08:00:00,162152,258790,6978,23029,17386,47634,5970,23057,67492,122496,0,2023,2258,4658,9906,14771,3609,38600,-55004,-2023,-96638,-2400,-4865,-16051,-30248,-17087,-34991,1
2022-06-30 09:00:00,174437,263567,7482,23210,17678,46595,6042,23304,73608,124648,0,2028,2222,4672,9997,14871,3291,37210,-51040,-2028,-89130,-2450,-4874,-15728,-28917,-17262,-33919,1
2022-06-30 10:00:00,182361,262136,7683,23418,17673,46892,5744,23168,74848,127108,0,2020,2228,4636,9887,14415,2811,38061,-52260,-2020,-79775,-2408,-4528,-15735,-29219,-17424,-35250,1
2022-06-30 11:00:00,183124,257652,7505,23396,17465,47820,5091,22776,77724,128100,0,2030,2273,4530,9979,14444,2271,40531,-50376,-2030,-74528,-2257,-4465,-15891,-30355,-17685,-38260,1
2022-06-30 12:00:00,171186,253970,6953,23944,16698,48262,4379,22818,78204,125728,0,1973,2235,4384,10196,14483,2426,42037,-47524,-1973,-82784,-2149,-4287,-16991,-31564,-18439,-39611,1
2022-06-30 13:00:00,147921,248663,6014,24536,16113,48505,3953,22999,80180,123480,0,1972,2039,4286,10258,14469,2748,43382,-43300,-1972,-100742,-2247,-4211,-18522,-32392,-19046,-40634,1
2022-06-30 14:00:00,127215,246019,4813,25042,14969,47733,3444,22760,78176,122800,0,1972,1778,4335,10317,14387,3183,46930,-44624,-1972,-118804,-2557,-4070,-20229,-32764,-19316,-43747,1
2022-06-30 15:00:00,111810,243232,3179,25483,13340,46621,3010,22633,75780,121776,0,2057,1546,4226,10216,14352,3573,52033,-45996,-2057,-131422,-2680,-4136,-22304,-33281,-19623,-48460,1
2022-06-30 16:00:00,104799,242254,1691,25967,12379,45476,3162,22840,74124,120180,0,2092,1157,4010,9974,14342,4689,53572,-46056,-2092,-137455,-2853,-4368,-24276,-33097,-19678,-48883,1
2022-06-30 17:00:00,97640,235530,1016,26009,10672,43928,2178,22647,67960,118668,0,1982,854,3812,9983,13927,5988,53939,-50708,-1982,-137890,-2958,-3944,-24993,-33256,-20469,-47951,1
2022-06-30 18:00:00,91295,228172,863,25746,8747,43069,2033,22066,56424,117696,0,1876,887,3643,9927,13146,5915,53071,-61272,-1876,-136877,-2756,-3219,-24883,-34322,-20033,-47156,1
2022-06-30 19:00:00,88803,221961,909,25142,7876,40529,1351,20947,46552,116808,0,1824,1082,3539,9749,13044,5705,51850,-70256,-1824,-133158,-2457,-3295,-24233,-32653,-19596,-46145,1
2022-06-30 20:00:00,86170,212348,973,23607,6676,37399,1423,19345,46588,113276,0,1725,1271,3379,9456,12073,5278,50430,-66688,-1725,-126178,-2108,-2617,-22634,-30723,-17922,-45152,1
2022-06-30 21:00:00,91755,198059,941,21950,4864,33980,1662,18100,42528,105520,0,1658,1277,3186,9413,11452,6779,48385,-62992,-1658,-106304,-1909,-2039,-21009,-29116,-16438,-41606,1
2022-06-30 22:00:00,94445,186718,873,20368,4747,32122,1651,17381,39696,101464,0,1479,1159,3030,9451,11145,7218,45621,-61768,-1479,-92273,-1871,-1694,-19495,-27375,-15730,-38403,1
2022-06-30 23:00:00,92123,181540,875,19121,4837,30951,1717,16981,37620,96228,0,1336,1205,2927,9147,10779,7140,43505,-58608,-1336,-89417,-1722,-1632,-18246,-26114,-15264,-36365,1
2022-07-01 00:00:00,91156,178462,826,18498,4613,30203,1971,16783,34840,92740,0,1256,1181,2882,8981,10664,6790,42817,-57900,-1256,-87306,-1701,-1683,-17672,-25590,-14812,-36027,1
2022-07-01 01:00:00,94455,178535,752,18349,4552,30130,1912,16507,32728,91460,0,1214,1043,2864,9034,10785,6929,42083,-58732,-1214,-84080,-1821,-1751,-17597,-25578,-14595,-35154,1
2022-07-01 02:00:00,98316,183416,737,18399,4706,30484,2070,16891,31032,91112,0,1196,1201,2993,9280,11206,7498,42065,-60080,-1196,-85100,-1792,-1926,-17662,-25778,-14821,-34567,1
2022-07-01 03:00:00,101570,194906,1043,19237,6765,33552,2587,19272,30088,93752,0,1167,1173,3473,9533,12313,8053,42565,-63664,-1167,-93336,-2300,-2780,-18194,-26787,-16685,-34512,1
2022-07-01 04:00:00,98288,220567,1764,21355,10046,38264,3214,21465,29532,100672,0,1229,1310,3948,10084,13502,7481,44169,-71140,-1229,-122279,-2638,-3418,-19591,-28218,-18251,-36688,1
2022-07-01 05:00:00,106390,238190,3189,22631,12911,42998,4046,22743,33508,107824,0,1453,1777,4242,10307,14063,7398,46676,-74316,-1453,-131800,-2465,-3756,-19442,-30087,-18697,-39278,1
2022-07-01 06:00:00,114150,247191,4757,23291,14506,45589,4862,23095,46372,113264,0,1718,2139,4394,10506,14462,7314,45836,-66892,-1718,-133041,-2255,-3956,-18534,-31083,-18233,-38522,1
2022-07-01 07:00:00,117134,249436,6024,23662,15557,46503,6019,23166,60812,117808,0,1929,2292,4497,10612,14498,7438,42896,-56996,-1929,-132302,-2205,-3886,-17638,-30946,-17147,-35458,1
2022-07-01 08:00:00,120107,254637,7019,23965,15963,46856,6549,23473,66736,121216,0,1991,2203,4494,10532,14366,8771,39641,-54480,-1991,-134530,-2291,-3834,-16946,-30893,-16924,-30870,1
2022-07-01 09:00:00,124759,256637,7405,24152,16301,46097,6987,23514,67532,123456,0,1999,2203,4422,10609,14386,9505,38082,-55924,-1999,-131878,-2219,-3777,-16747,-29796,-16527,-28577,1
2022-07-01 10:00:00,133359,254091,7256,24462,16145,46626,7018,23274,68744,125660,0,1969,2322,4356,10483,14112,9096,37439,-56916,-1969,-120732,-2034,-3629,-17206,-30481,-16256,-28343,1
2022-07-01 11:00:00,140118,250886,6802,24305,16656,47525,7087,22969,70880,126120,0,1982,2364,4229,10372,13914,9155,37435,-55240,-1982,-110768,-1865,-3542,-17503,-30869,-15882,-28280,3
2022-07-01 12:00:00,139120,243885,6381,24601,16662,47784,6747,22948,73836,124388,0,1914,2493,4099,10161,13217,9476,37463,-50552,-1914,-104765,-1606,-3056,-18220,-31122,-16201,-27987,3
2022-07-01 13:00:00,134911,237965,5394,25038,16491,48004,6696,23056,74084,121612,0,1744,2588,4133,10031,13168,10987,38252,-47528,-1744,-103054,-1545,-3137,-19644,-31513,-16360,-27265,3
2022-07-01 14:00:00,129964,233589,4153,25308,14977,46541,5734,22384,74748,120180,0,1777,2594,4191,10061,13194,12236,41289,-45432,-1777,-103625,-1597,-3133,-21155,-31564,-16650,-29053,3
2022-07-01 15:00:00,115966,232882,2898,25428,13240,45167,4684,22020,74960,120172,0,1847,2586,4061,10198,13224,11323,44172,-45212,-1847,-116916,-1475,-3026,-22530,-31927,-17336,-32849,3
2022-07-01 16:00:00,103032,229416,1703,25681,11746,44286,4422,22159,70916,119488,0,1939,2595,3819,10126,13109,11520,44646,-48572,-1939,-126384,-1224,-2983,-23978,-32540,-17737,-33126,3
2022-07-01 17:00:00,90036,223377,1325,25567,10595,42490,3838,21764,65628,118912,0,1878,2532,3581,10110,12561,11218,46161,-53284,-1878,-133341,-1049,-2451,-24242,-31895,-17926,-34943,3
2022-07-01 18:00:00,78351,214309,1471,25210,9831,41547,3254,21147,54844,116704,0,1784,2149,3390,10160,11853,10209,47844,-61860,-1784,-135958,-1241,-1693,-23739,-31716,-17893,-37635,3
2022-07-01 19:00:00,68451,206240,1619,24566,8116,39080,3361,20094,45700,114212,0,1689,1844,3271,10209,11336,10007,48453,-68512,-1689,-137789,-1427,-1127,-22947,-30964,-16733,-38446,4
2022-07-01 20:00:00,66346,196518,1430,22879,7657,36345,3023,18584,46488,110020,0,1596,1760,3101,10267,10986,9379,48202,-63532,-1596,-130172,-1341,-719,-21449,-28688,-15561,-38823,4
2022-07-01 21:00:00,66563,185457,1252,21160,6998,33585,3104,17337,47628,103952,0,1523,2070,2929,9757,10378,8447,46354,-56324,-1523,-118894,-859,-621,-19908,-26587,-14233,-37907,4
2022-07-01 22:00:00,61460,175407,1330,19640,6557,31436,3377,16674,42088,101776,0,1355,2396,2792,9462,10133,8159,44244,-59688,-1355,-113947,-396,-671,-18310,-24879,-13297,-36085,3
2022-07-01 23:00:00,61478,168058,1125,18439,6176,30081,3020,16307,38556,96424,0,1217,2248,2775,9150,9868,7517,42279,-57868,-1217,-106580,-527,-718,-17314,-23905,-13287,-34762,3
2022-07-02 00:00:00,62188,163212,1219,17786,5574,29382,2847,16130,35868,93100,0,1144,1863,2727,8982,9755,7375,41252,-57232,-1144,-101024,-864,-773,-16567,-23808,-13283,-33877,4
2022-07-02 01:00:00,62487,161877,1393,17351,5203,29050,2752,15704,33320,90204,0,1128,2025,2610,8908,9753,7020,40530,-56884,-1128,-99390,-585,-845,-15958,-23847,-12952,-33510,3
2022-07-02 02:00:00,61133,161615,1402,16971,5038,28428,2840,15479,30992,89096,0,1086,2077,2593,9037,9782,6975,40213,-58104,-1086,-100482,-516,-745,-15569,-23390,-12639,-33238,3
2022-07-02 03:00:00,64594,162672,1518,16787,5867,29292,3123,16294,30840,88736,0,1035,1914,2756,8950,9884,6970,39511,-57896,-1035,-98078,-842,-934,-15269,-23425,-13171,-32541,3
2022-07-02 04:00:00,76172,170327,2157,17340,9055,31906,3245,17197,29468,89048,0,1051,2070,3043,9509,10552,6519,38331,-59580,-1051,-94155,-973,-1043,-15183,-22851,-13952,-31812,3
2022-07-02 05:00:00,97822,184276,3643,17732,11886,34494,3583,18167,30588,91860,0,1155,2632,3357,10282,11195,5692,36863,-61272,-1155,-86454,-725,-913,-14089,-22608,-14584,-31171,3
2022-07-02 06:00:00,129599,197357,5393,18177,13384,36393,4133,18974,40668,98336,0,1328,3122,3547,10742,11379,5723,35380,-57668,-1328,-67758,-425,-637,-12784,-23009,-14841,-29657,3
2022-07-02 07:00:00,180975,209071,6477,18593,14692,36889,4695,19279,55752,105632,0,1503,3363,3724,11079,11427,5325,33529,-49880,-1503,-28096,-361,-348,-12116,-22197,-14584,-28204,4
2022-07-02 08:00:00,215875,215775,7047,18902,15645,36961,4793,19423,64596,110780,0,1592,3577,3894,11402,11699,5062,31003,-46184,-1592,100,-317,-297,-11855,-21316,-14630,-25941,2
2022-07-02 09:00:00,230834,217829,7636,19049,16084,36689,4661,19252,71452,112732,0,1627,3921,3857,11706,12080,4884,29152,-41280,-1627,13005,64,-374,-11413,-20605,-14591,-24268,2
2022-07-02 10:00:00,236559,211982,8041,18946,16109,36341,4456,19017,73388,113772,0,1604,4111,3869,12129,12169,4788,30495,-40384,-1604,24577,242,-40,-10905,-20232,-14561,-25707,2
2022-07-02 11:00:00,232808,204724,7810,18764,16207,36294,4335,18622,75236,115172,0,1604,4176,3723,12082,12315,4362,31318,-39936,-1604,28084,453,-233,-10954,-20087,-14287,-26956,2
2022-07-02 12:00:00,221928,200362,7039,19045,15398,36258,3947,18391,79940,113184,0,1547,4197,3647,12182,12094,3101,30970,-33244,-1547,21566,550,88,-12006,-20860,-14444,-27869,2
2022-07-02 13:00:00,202708,197999,6108,19604,14496,36735,3611,18133,82120,110084,0,1491,4157,3657,12142,12164,2984,32150,-27964,-1491,4709,500,-22,-13496,-22239,-14522,-29166,2
2022-07-02 14:00:00,171351,197598,4828,20067,13740,37828,3383,17976,80756,108232,0,1503,4008,3734,11823,12289,2584,34768,-27476,-1503,-26247,274,-466,-15239,-24088,-14593,-32184,3
2022-07-02 15:00:00,126812,198074,3442,20514,13564,38484,2499,18012,81796,107724,0,1573,3423,3723,11617,12548,2456,38260,-25928,-1573,-71262,-300,-931,-17072,-24920,-15513,-35804,3
2022-07-02 16:00:00,95433,194666,1983,20961,13640,38915,1817,17963,77764,108384,0,1691,2819,3539,11262,12548,2408,40920,-30620,-1691,-99233,-720,-1286,-18978,-25275,-16146,-38512,3
2022-07-02 17:00:00,80580,191610,1123,21056,12904,38019,1761,17836,72280,109748,0,1657,2299,3365,10690,12291,1697,43708,-37468,-1657,-111030,-1066,-1601,-19933,-25115,-16075,-42011,3
2022-07-02 18:00:00,70274,184746,762,20923,11799,37435,1747,17770,55472,110616,0,1578,1765,3192,10359,12056,1178,45459,-55144,-1578,-114472,-1427,-1697,-20161,-25636,-16023,-44281,3
2022-07-02 19:00:00,71669,179575,766,20810,9577,35752,1748,17390,47692,111248,0,1495,1635,3127,10001,11816,1163,46154,-63556,-1495,-107906,-1492,-1815,-20044,-26175,-15642,-44991,3
2022-07-02 20:00:00,77394,178001,745,19471,8140,33341,1515,16228,46800,108180,0,1431,1605,3009,9682,11228,1592,46395,-61380,-1431,-100607,-1404,-1546,-18726,-25201,-14713,-44803,3
2022-07-02 21:00:00,77245,169793,700,18167,5820,30621,1500,15241,43720,101912,0,1393,1555,2846,9558,10310,2289,45259,-58192,-1393,-92548,-1291,-752,-17467,-24801,-13741,-42970,4
2022-07-02 22:00:00,75658,160630,622,16995,5735,28735,1398,14489,40088,95828,0,1270,1619,2738,9176,10048,2482,43538,-55740,-1270,-84972,-1119,-872,-16373,-23000,-13091,-41056,4
2022-07-02 23:00:00,73752,154258,583,16210,6420,27494,1383,14080,38336,90812,0,1137,1822,2639,8965,9939,2570,41811,-52476,-1137,-80506,-817,-974,-15627,-21074,-12697,-39241,3
2022-07-03 00:00:00,71955,150931,571,15741,7095,26779,1359,13753,37356,86244,0,1053,2085,2584,8765,9876,2529,40755,-48888,-1053,-78976,-499,-1111,-15170,-19684,-12394,-38226,3
2022-07-03 01:00:00,67402,149267,567,15511,7071,26336,1495,13323,36568,83816,0,1040,2035,2525,8681,9859,2529,39988,-47248,-1040,-81865,-490,-1178,-14944,-19265,-11828,-37459,3
2022-07-03 02:00:00,64211,147006,579,15184,6787,25592,1646,13036,36308,82492,0,999,2120,2534,8480,9629,2111,39371,-46184,-999,-82795,-414,-1149,-14605,-18805,-11390,-37260,3
2022-07-03 03:00:00,63146,146142,832,15080,7217,25288,1988,13477,35036,82564,0,965,2071,2656,8237,9750,2138,38046,-47528,-965,-82996,-585,-1513,-14248,-18071,-11489,-35908,3
2022-07-03 04:00:00,70964,150687,1616,15552,8925,26776,2588,14377,35288,82004,0,976,1867,2893,8535,10378,1950,36242,-46716,-976,-79723,-1026,-1843,-13936,-17851,-11789,-34292,1
2022-07-03 05:00:00,91014,161522,3234,16021,11821,28588,3679,15324,36812,82340,0,1035,1753,3189,9254,10929,1792,34139,-45528,-1035,-70508,-1436,-1675,-12787,-16767,-11645,-32347,1
2022-07-03 06:00:00,120514,175407,4894,16751,13583,30208,4789,16075,48360,86812,0,1133,1880,3424,9781,11557,1974,32722,-38452,-1133,-54893,-1544,-1776,-11857,-16625,-11286,-30748,1
2022-07-03 07:00:00,156851,187764,6234,17363,15160,31265,5435,16233,58708,92888,0,1279,1987,3662,10230,11971,2072,31555,-34180,-1279,-30913,-1675,-1741,-11129,-16105,-10798,-29483,1
2022-07-03 08:00:00,187403,194447,7025,17786,16122,32125,5768,16381,61812,98184,0,1428,1873,3799,10443,12102,2613,30282,-36372,-1428,-7044,-1926,-1659,-10761,-16003,-10613,-27669,1
2022-07-03 09:00:00,204840,197252,7449,18116,16083,33027,5892,16213,64796,101284,0,1520,1848,3770,10517,12260,2631,30080,-36488,-1520,7588,-1922,-1743,-10667,-16944,-10321,-27449,2
2022-07-03 10:00:00,211955,196366,7676,18220,16212,33087,5908,16164,67836,103720,0,1601,1854,3822,10716,12353,3048,31054,-35884,-1601,15589,-1968,-1637,-10544,-16875,-10256,-28006,2
2022-07-03 11:00:00,212216,190078,7469,18315,15722,33049,5833,16264,69624,106604,0,1657,1954,3785,10798,12509,3653,30757,-36980,-1657,22138,-1831,-1711,-10846,-17327,-10431,-27104,2
2022-07-03 12:00:00,205279,186212,6905,18780,15160,33232,5283,16149,73172,106452,0,1581,1998,3713,10769,12355,4230,30704,-33280,-1581,19067,-1715,-1586,-11875,-18072,-10866,-26474,2
2022-07-03 13:00:00,192562,185168,5885,19344,13907,33689,4585,16176,81992,103068,0,1505,1959,3756,10815,12515,4198,31668,-21076,-1505,7394,-1797,-1700,-13459,-19782,-11591,-27470,2
2022-07-03 14:00:00,172159,187169,4854,20118,12102,34646,3574,16570,90720,101732,0,1490,1637,3880,10823,12682,4251,32926,-11012,-1490,-15010,-2243,-1859,-15264,-22544,-12996,-28675,1
2022-07-03 15:00:00,133637,190650,3303,20817,12607,36090,2279,16941,88512,101116,0,1575,1318,3846,10724,12662,4454,36711,-12604,-1575,-57013,-2528,-1938,-17514,-23483,-14662,-32257,1
2022-07-03 16:00:00,101635,192025,1673,21603,11336,36924,1673,17112,86140,102604,0,1690,1040,3652,10339,12536,3575,39350,-16464,-1690,-90390,-2612,-2197,-19930,-25588,-15439,-35775,1
2022-07-03 17:00:00,80946,192635,863,21966,10707,36813,1700,17406,73420,104060,0,1660,954,3494,10063,12226,2976,42187,-30640,-1660,-111689,-2540,-2163,-21103,-26106,-15706,-39211,1
2022-07-03 18:00:00,73132,189821,622,21973,10245,37328,1748,17676,60764,104920,0,1599,772,3334,9927,11977,2317,44625,-44156,-1599,-116689,-2562,-2050,-21351,-27083,-15928,-42308,1
2022-07-03 19:00:00,68536,186920,599,21753,8554,35959,1807,17534,51196,107604,0,776,940,3299,10018,11683,1928,45872,-56408,-776,-118384,-2359,-1665,-21154,-27405,-15727,-43944,1
2022-07-03 20:00:00,73132,187281,623,20278,6800,33415,1932,16238,51136,108440,0,713,745,3136,9984,11191,2208,46338,-57304,-713,-114149,-2391,-1207,-19655,-26615,-14306,-44130,1
2022-07-03 21:00:00,73077,176266,597,18519,6800,30720,2266,15091,48468,102148,0,1355,891,2980,9581,10779,2335,44500,-53680,-1355,-103189,-2089,-1198,-17922,-23920,-12825,-42165,4
2022-07-03 22:00:00,66810,167085,583,17120,6949,28889,2388,14644,43132,96100,0,604,890,2840,9411,10752,2405,42951,-52968,-604,-100275,-1950,-1341,-16537,-21940,-12256,-40546,1
2022-07-03 23:00:00,63934,161673,563,16318,7037,27919,2102,14412,38440,91308,0,525,1104,2782,9071,10633,2645,41687,-52868,-525,-97739,-1678,-1562,-15755,-20882,-12310,-39042,1
2022-07-04 00:00:00,62384,159139,561,15963,6848,27329,1636,14304,32756,88220,0,1012,1120,2752,8824,10597,2385,40781,-55464,-1012,-96755,-1632,-1773,-15402,-20481,-12668,-38396,1
2022-07-04 01:00:00,59909,158557,562,15863,6754,27368,1439,14220,31632,86364,0,1004,1241,2687,9059,10789,2540,40592,-54732,-1004,-98648,-1446,-1730,-15301,-20614,-12781,-38052,1
2022-07-04 02:00:00,55948,163460,563,16082,6726,28344,1525,14914,30884,86540,0,981,1355,2875,9461,10834,2677,40652,-55656,-981,-107512,-1520,-1373,-15519,-21618,-13389,-37975,1
2022-07-04 03:00:00,58438,179540,795,17316,6174,32344,1839,17766,30532,89880,0,968,1456,3332,9886,12019,2496,40802,-59348,-968,-121102,-1876,-2133,-16521,-26170,-15927,-38306,1
2022-07-04 04:00:00,80802,209625,1586,19743,9366,37882,2788,20170,30788,98608,0,1033,1630,3857,10286,13307,2667,42294,-67820,-1033,-128823,-2227,-3021,-18157,-28516,-17382,-39627,1
2022-07-04 05:00:00,108474,230248,3270,20966,12755,42952,4075,21512,33664,107580,0,1269,2140,4189,10394,13663,2370,44055,-73916,-1269,-121774,-2049,-3269,-17696,-30197,-17437,-41685,1
2022-07-04 06:00:00,129469,242059,4922,21650,14456,45638,4895,21922,44128,113468,0,1549,2264,4227,10659,13878,2234,43347,-69340,-1549,-112590,-1963,-3219,-16728,-31182,-17027,-41113,1
2022-07-04 07:00:00,144833,245493,6227,22022,16397,47316,5569,21958,58068,119072,0,1756,2319,4126,10996,14147,2533,41314,-61004,-1756,-100660,-1807,-3151,-15795,-30919,-16389,-38781,1
2022-07-04 08:00:00,168901,250449,7130,22325,17356,48123,5964,22266,64756,122996,0,1816,2811,4186,11052,14042,3209,40592,-58240,-1816,-81548,-1375,-2990,-15195,-30767,-16302,-37383,3
2022-07-04 09:00:00,194743,258026,7573,22579,16914,47157,6092,22417,69524,126208,0,1829,3202,4159,10834,13928,4541,38864,-56684,-1829,-63283,-957,-3094,-15006,-30243,-16325,-34323,3
2022-07-04 10:00:00,216502,256953,7575,23025,16460,47645,6430,22599,71732,129328,0,1834,3505,4054,11167,13800,5701,36816,-57596,-1834,-40451,-549,-2633,-15450,-31185,-16169,-31115,3
2022-07-04 11:00:00,225862,253796,7211,23148,16700,48834,6073,22133,72900,131036,0,1841,3655,4196,11490,13842,6154,35212,-58136,-1841,-27934,-541,-2352,-15937,-32134,-16060,-29058,3
2022-07-04 12:00:00,219907,253348,6697,23557,17347,49687,5595,22095,74856,130196,0,1777,4207,4389,11819,13813,6002,34048,-55340,-1777,-33441,-182,-1994,-16860,-32340,-16500,-28046,3
2022-07-04 13:00:00,207035,248480,5824,23992,16415,49838,5035,21942,76824,128140,0,1765,3575,4426,12228,13730,6400,35135,-51316,-1765,-41445,-851,-1502,-18168,-33423,-16907,-28735,3
2022-07-04 14:00:00,182272,243662,4576,24417,14911,48914,3983,21763,75000,127344,0,1805,3601,4571,12192,13505,6154,38339,-52344,-1805,-61390,-970,-1313,-19841,-34003,-17780,-32185,3
2022-07-04 15:00:00,145398,241357,3085,24683,12036,47135,2842,21407,76104,126976,0,1909,3452,4412,12194,13463,5694,42879,-50872,-1909,-95959,-960,-1269,-21598,-35099,-18565,-37185,3
2022-07-04 16:00:00,124390,238903,1628,25071,10833,45296,2402,21667,75592,125604,0,1968,2913,4179,11989,13483,5099,44722,-50012,-1968,-114513,-1266,-1494,-23443,-34463,-19265,-39623,3
2022-07-04 17:00:00,107682,234359,912,25031,10022,43419,1926,21645,69756,125000,0,1808,2747,3921,11653,12787,4685,47395,-55244,-1808,-126677,-1174,-1134,-24119,-33397,-19719,-42710,4
2022-07-04 18:00:00,91913,223365,805,24823,9851,42447,1777,21235,58960,124540,0,1743,2921,3679,11548,12420,3815,49557,-65580,-1743,-131452,-758,-872,-24018,-32596,-19458,-45742,3
2022-07-04 19:00:00,79931,214688,1024,24175,7732,39693,1388,20245,52472,123508,0,851,2890,3488,11694,12117,2864,49907,-71036,-851,-134757,-598,-423,-23151,-31961,-18857,-47043,4
2022-07-04 20:00:00,74050,203892,1230,22756,6675,36918,1617,18776,52072,120304,0,804,2901,3276,11444,11786,2081,49578,-68232,-804,-129842,-375,-342,-21526,-30243,-17159,-47497,4
2022-07-04 21:00:00,63618,189024,1306,21334,5755,34098,1510,17560,51684,111812,0,1560,2777,3120,11093,11276,1833,47144,-60128,-1560,-125406,-343,-183,-20028,-28343,-16050,-45311,4
2022-07-04 22:00:00,61948,179177,1088,19859,5729,32175,1335,16784,50100,106232,0,1378,2589,2985,10765,10917,1936,44912,-56132,-1378,-117229,-396,-152,-18771,-26446,-15449,-42976,4
2022-07-04 23:00:00,59933,173005,698,18711,5642,31030,1283,16360,49220,99744,0,1252,2458,2881,10575,10944,1908,43313,-50524,-1252,-113072,-423,-369,-18013,-25388,-15077,-41405,4
2022-07-05 00:00:00,59961,170900,650,18128,5593,30453,1268,16307,50332,95972,0,1206,2286,2853,10383,11006,1974,42147,-45640,-1206,-110939,-567,-623,-17478,-24860,-15039,-40173,3
2022-07-05 01:00:00,60842,172220,639,17936,5952,30187,1311,16119,50508,95012,0,1189,2358,2862,10188,10831,2258,41832,-44504,-1189,-111378,-504,-643,-17297,-24235,-14808,-39574,3
2022-07-05 02:00:00,59698,176606,708,18088,5749,30693,1333,16487,47936,94276,0,1160,2277,2928,10091,11281,2396,42052,-46340,-1160,-116908,-651,-1190,-17380,-24944,-15154,-39656,3
2022-07-05 03:00:00,61203,190316,910,18993,6085,33774,1526,18784,45108,97456,0,1147,2281,3388,10447,12812,2416,42120,-52348,-1147,-129113,-1107,-2365,-18083,-27689,-17258,-39704,3
2022-07-05 04:00:00,82280,217096,1555,21007,9155,38699,1851,20578,41944,105124,0,1201,2606,3913,10724,13524,2537,43454,-63180,-1201,-134816,-1307,-2800,-19452,-29544,-18727,-40917,1
2022-07-05 05:00:00,108797,235259,2572,22069,12415,43384,2558,21634,43264,113316,0,1413,3063,4176,11050,13837,2883,45279,-70052,-1413,-126462,-1113,-2787,-19497,-30969,-19076,-42396,3
2022-07-05 06:00:00,130925,247538,3338,22438,14555,45820,3410,22166,52456,118524,0,1689,3300,4355,11327,13892,3286,44912,-66068,-1689,-116613,-1055,-2565,-19100,-31265,-18756,-41626,3
2022-07-05 07:00:00,161313,252330,4126,22720,16191,46629,4042,22220,64056,124284,0,1873,3494,4506,11485,13809,3458,43020,-60228,-1873,-91017,-1012,-2324,-18594,-30438,-18178,-39562,3
2022-07-05 08:00:00,183522,259439,4712,22982,17590,47306,4233,22647,71332,128676,0,1912,3588,4573,11681,14150,3603,41014,-57344,-1912,-75917,-985,-2469,-18270,-29716,-18414,-37411,3
2022-07-05 09:00:00,198370,259861,5024,23269,18354,46488,4290,22778,76072,132596,0,1904,3733,4591,11862,14066,4566,40162,-56524,-1904,-61491,-858,-2204,-18245,-28134,-18488,-35596,3
2022-07-05 10:00:00,205437,260886,5215,23251,19032,47057,4181,22462,78728,135692,0,1901,3869,4644,11748,14118,5235,38295,-56964,-1901,-55449,-775,-2370,-18036,-28025,-18281,-33060,3
2022-07-05 11:00:00,215165,258486,5246,22799,18981,48658,4254,22305,80336,137380,0,1926,3957,4414,11784,14505,5648,37267,-57044,-1926,-43321,-457,-2721,-17553,-29677,-18051,-31619,3
2022-07-05 12:00:00,213007,255561,4997,22635,19157,49559,3840,22307,83396,136084,0,1895,3920,4287,11828,14384,5453,37744,-52688,-1895,-42554,-367,-2556,-17638,-30402,-18467,-32291,3
2022-07-05 13:00:00,205607,251899,4763,22420,18115,49739,3299,21932,84432,133740,0,1944,4250,4274,11664,13655,5407,39225,-49308,-1944,-46292,-24,-1991,-17657,-31624,-18633,-33818,3
2022-07-05 14:00:00,182154,247900,4405,22204,16764,48856,2666,21598,83768,132968,0,1990,3857,4441,11403,13896,5653,41016,-49200,-1990,-65746,-584,-2493,-17799,-32092,-18932,-35363,3
2022-07-05 15:00:00,145715,243244,3438,22250,14519,47182,2250,21292,85092,131732,0,2104,3598,4315,11504,14108,6202,44540,-46640,-2104,-97529,-717,-2604,-18812,-32663,-19042,-38338,3
2022-07-05 16:00:00,123529,240567,2174,22571,13351,46152,2314,21443,89280,129152,0,2137,3260,4031,11164,13562,5042,45270,-39872,-2137,-117038,-771,-2398,-20397,-32801,-19129,-40228,3
2022-07-05 17:00:00,107378,235372,1430,22576,11714,44276,2066,21447,82572,127780,0,1979,2791,3719,10747,13554,4185,47216,-45208,-1979,-127994,-928,-2807,-21146,-32562,-19381,-43031,3
2022-07-05 18:00:00,94009,225103,1145,22481,10297,43504,1683,20909,74116,126040,0,1841,2767,3428,10547,13265,4045,48798,-51924,-1841,-131094,-661,-2718,-21336,-33207,-19226,-44753,3
2022-07-05 19:00:00,84214,214406,1217,22092,8074,41187,1496,19859,63536,124904,0,1741,2685,3364,10374,12994,3153,49361,-61368,-1741,-130192,-679,-2620,-20875,-33113,-18363,-46208,3
2022-07-05 20:00:00,80967,204242,1272,21050,7235,38256,1160,18613,63124,119876,0,1634,2784,3171,10475,12407,3117,49129,-56752,-1634,-123275,-387,-1932,-19778,-31021,-17453,-46012,3
2022-07-05 21:00:00,69656,189512,1277,19920,6364,35307,1388,17442,63380,111532,0,1544,2683,3044,10288,11684,2791,46719,-48152,-1544,-119856,-361,-1396,-18643,-28943,-16054,-43928,3
2022-07-05 22:00:00,65232,181290,1255,18653,5646,33177,1358,16645,60956,107628,0,1358,2837,2927,10096,11279,2634,44104,-46672,-1358,-116058,-90,-1183,-17398,-27531,-15287,-41470,3
2022-07-05 23:00:00,67212,176635,1284,17598,5281,31737,1252,16293,56128,102168,0,1210,2985,2849,9931,11005,3057,42577,-46040,-1210,-109423,136,-1074,-16314,-26456,-15041,-39520,3
2022-07-06 00:00:00,69685,173264,1224,17153,5414,30996,1223,16214,54960,98704,0,1135,3045,2834,9713,10801,3037,41723,-43744,-1135,-103579,211,-1088,-15929,-25582,-14991,-38686,3
2022-07-06 01:00:00,70255,173629,1244,17041,5404,30766,1465,16021,51200,97192,0,1128,3082,2847,9585,10995,3088,41305,-45992,-1128,-103374,235,-1410,-15797,-25362,-14556,-38217,3
2022-07-06 02:00:00,70451,178153,1238,17194,5514,31382,1661,16366,47852,96672,0,1098,3052,3001,9836,11544,3314,41272,-48820,-1098,-107702,51,-1708,-15956,-25868,-14705,-37958,3
2022-07-06 03:00:00,68409,190234,1237,18062,6156,34389,1869,18447,45124,99316,0,1078,3090,3396,10477,12763,2916,41401,-54192,-1078,-121825,-306,-2286,-16825,-28233,-16578,-38485,3
2022-07-06 04:00:00,83547,216526,1668,19947,8976,38911,2480,20181,45556,106632,0,1147,3368,3854,10887,13783,3058,42891,-61076,-1147,-132979,-486,-2896,-18279,-29935,-17701,-39833,3
2022-07-06 05:00:00,108737,235806,2770,20584,13016,43271,3976,21079,47572,114956,0,1390,3847,4212,10907,14057,3043,44693,-67384,-1390,-127069,-365,-3150,-17814,-30255,-17103,-41650,3
2022-07-06 06:00:00,125445,243411,3867,20692,15683,45573,4581,21186,56200,121276,0,1677,3884,4355,11024,14169,2696,43517,-65076,-1677,-117966,-471,-3145,-16825,-29890,-16605,-40821,3
2022-07-06 07:00:00,145832,246817,4866,20882,16928,46461,5357,21193,69420,125736,0,1845,3993,4529,11257,14238,2373,41421,-56316,-1845,-100985,-536,-2981,-16016,-29533,-15836,-39048,3
2022-07-06 08:00:00,163226,255060,5768,21054,17532,47258,6162,21578,74984,129508,0,1884,4045,4526,11349,14393,2299,40200,-54524,-1884,-91834,-481,-3044,-15286,-29726,-15416,-37901,3
2022-07-06 09:00:00,176085,257723,6284,21155,17853,46537,6472,21727,80732,131972,0,1911,4185,4480,11497,14633,2874,39078,-51240,-1911,-81638,-295,-3136,-14871,-28684,-15255,-36204,3
2022-07-06 10:00:00,196051,258785,6751,21081,18155,47487,6559,21775,82784,134904,0,1905,4410,4490,11587,14724,3094,37128,-52120,-1905,-62734,-80,-3137,-14330,-29332,-15216,-34034,3
2022-07-06 11:00:00,212000,256623,6816,20852,17971,48825,6422,21294,84704,135832,0,1909,4779,4422,11800,14630,5188,36178,-51128,-1909,-44623,357,-2830,-14036,-30854,-14872,-30990,3
2022-07-06 12:00:00,218865,253717,6531,21101,17752,49043,6441,21492,86328,133984,0,1847,4773,4397,11759,14190,6633,38353,-47656,-1847,-34852,376,-2431,-14570,-31291,-15051,-31720,3
2022-07-06 13:00:00,210410,248050,5768,21482,17472,49105,6161,21432,86280,130288,0,1841,4417,4280,11671,13758,7483,42324,-44008,-1841,-37640,137,-2087,-15714,-31633,-15271,-34841,3
2022-07-06 14:00:00,191343,242081,4564,21894,16260,48275,5238,21171,85576,127920,0,1856,4117,4337,12021,13705,7298,46121,-42344,-1856,-50738,-220,-1684,-17330,-32015,-15933,-38823,3
2022-07-06 15:00:00,155443,239780,3166,21935,14207,46822,3837,20627,83844,127064,0,1988,3845,4223,12136,13169,6823,50555,-43220,-1988,-84337,-378,-1033,-18769,-32615,-16790,-43732,3
2022-07-06 16:00:00,131989,238717,1821,22201,12789,45825,2782,20745,85088,124148,0,2014,3551,3985,12091,13078,6699,50290,-39060,-2014,-106728,-434,-987,-20380,-33036,-17963,-43591,3
2022-07-06 17:00:00,118492,234502,1020,22225,10483,44107,2169,20884,81908,123116,0,1833,3256,3770,11801,12965,7097,50474,-41208,-1833,-116010,-514,-1164,-21205,-33624,-18715,-43377,3
2022-07-06 18:00:00,109328,224285,702,22220,10189,43504,1817,20645,65928,121908,0,1725,3191,3655,11721,12670,7185,51131,-55980,-1725,-114957,-464,-949,-21518,-33315,-18828,-43946,3
2022-07-06 19:00:00,101345,214709,704,21871,9077,40922,2101,19628,55940,120460,0,1656,3235,3483,11658,12344,8190,50848,-64520,-1656,-113364,-248,-686,-21167,-31845,-17527,-42658,3
2022-07-06 20:00:00,94643,204147,685,20843,7830,38010,1985,18211,55660,116464,0,1544,3057,3383,11362,11672,8467,49692,-60804,-1544,-109504,-326,-310,-20158,-30180,-16226,-41225,4
2022-07-06 21:00:00,90363,190373,665,19681,6342,34872,1991,16930,55244,108832,0,1493,2319,3238,10304,11343,9539,47926,-53588,-1493,-100010,-919,-1039,-19016,-28530,-14939,-38387,3
2022-07-06 22:00:00,90421,183036,656,18495,5101,32903,1915,16268,53184,105616,0,1306,2046,3137,9970,11128,10699,45385,-52432,-1306,-92615,-1091,-1158,-17839,-27802,-14353,-34686,3
2022-07-06 23:00:00,98240,179337,605,17482,4693,31720,1934,15853,52780,100104,0,1166,1959,3076,9821,10993,11029,43411,-47324,-1166,-81097,-1117,-1172,-16877,-27027,-13919,-32382,3
2022-07-07 00:00:00,103300,179038,599,16939,4575,31029,1960,15805,55312,96636,0,1114,2181,3031,9803,10985,13006,42464,-41324,-1114,-75738,-850,-1182,-16340,-26454,-13845,-29458,3
2022-07-07 01:00:00,105717,180024,597,16771,4517,30660,2057,15550,54744,94360,0,1104,1942,3058,9713,10824,13751,42010,-39616,-1104,-74307,-1116,-1111,-16174,-26143,-13493,-28259,1
2022-07-07 02:00:00,105979,184406,607,16913,4446,31282,2110,15904,54360,94240,0,1092,2521,3072,10036,11066,14009,42030,-39880,-1092,-78427,-551,-1030,-16306,-26836,-13794,-28021,3
2022-07-07 03:00:00,106960,197617,839,17725,5424,34373,2445,17997,53728,96848,0,1102,2412,3539,10340,12382,14541,43060,-43120,-1102,-90657,-1127,-2042,-16886,-28949,-15552,-28519,1
2022-07-07 04:00:00,114120,224198,1564,19516,8288,39150,3198,19837,51872,104080,0,1161,2517,4044,10607,13286,14181,45801,-52208,-1161,-110078,-1527,-2679,-17952,-30862,-16639,-31620,1
2022-07-07 05:00:00,132435,241562,2958,20196,12555,43555,4529,20652,54504,111588,0,1385,3520,4171,10834,13731,14352,48333,-57084,-1385,-109127,-651,-2897,-17238,-31000,-16123,-33981,3
2022-07-07 06:00:00,142975,252844,4328,20342,14196,46034,6201,21013,64832,117272,0,1658,3912,4408,11200,14305,15127,48093,-52440,-1658,-109869,-496,-3105,-16014,-31838,-14812,-32966,3
2022-07-07 07:00:00,152362,260110,5323,20488,15409,46614,6810,21101,83428,121548,0,1870,3931,4658,11472,14561,14791,47042,-38120,-1870,-107748,-727,-3089,-15165,-31205,-14291,-32251,3
2022-07-07 08:00:00,159562,267583,5580,20933,16071,47046,7050,21859,94240,124420,0,1945,4192,4636,11553,14537,15325,45960,-30180,-1945,-108021,-444,-2984,-15353,-30975,-14809,-30635,3
2022-07-07 09:00:00,170557,268623,5675,21249,15641,46063,6423,21814,99600,127120,0,1982,3920,4666,11441,14472,15825,46624,-27520,-1982,-98066,-746,-3031,-15574,-30422,-15391,-30799,3
2022-07-07 10:00:00,174907,269126,5611,21533,15455,46463,5770,21700,99660,130084,0,1982,4196,4553,11361,14522,16569,46907,-30424,-1982,-94219,-357,-3161,-15922,-31008,-15930,-30338,3
2022-07-07 11:00:00,178690,264513,5409,21182,16336,47618,5147,21229,97976,131496,0,1975,4399,4435,11362,14356,16248,46010,-33520,-1975,-85823,-36,-2994,-15773,-31282,-16082,-29762,3
2022-07-07 12:00:00,185897,259428,5401,21319,14947,47281,5108,21598,96840,130852,0,1902,4203,4342,11525,14080,15650,44060,-34012,-1902,-73531,-139,-2555,-15918,-32334,-16490,-28410,3
2022-07-07 13:00:00,191963,254409,4798,21727,13932,47270,4291,21352,97996,129052,0,1889,3943,4353,11648,13845,14309,44046,-31056,-1889,-62446,-410,-2197,-16929,-33338,-17061,-29737,3
2022-07-07 14:00:00,193336,251836,3738,21860,14122,47496,3344,21002,96420,128436,0,1862,3857,4378,11714,13847,13295,45756,-32016,-1862,-58500,-521,-2133,-18122,-33374,-17658,-32461,3
2022-07-07 15:00:00,176611,251168,2465,21830,12998,46006,2799,21002,99056,127720,0,1923,3292,4271,11786,13743,11740,48279,-28664,-1923,-74557,-979,-1957,-19365,-33008,-18203,-36539,3
2022-07-07 16:00:00,161108,247323,1475,21903,11804,44543,2287,21244,94828,126124,0,1965,2831,4056,11779,13773,10324,48743,-31296,-1965,-86215,-1225,-1994,-20428,-32739,-18957,-38419,3
2022-07-07 17:00:00,150199,243993,885,21697,10328,42908,2045,21130,86420,125332,0,1874,2367,3825,11570,13533,9352,49718,-38912,-1874,-93794,-1458,-1963,-20812,-32580,-19085,-40366,3
2022-07-07 18:00:00,135094,232793,894,21602,9233,41717,1603,20845,74200,123728,0,1781,2392,3601,11338,13170,7842,50093,-49528,-1781,-97699,-1209,-1832,-20708,-32484,-19242,-42251,3
2022-07-07 19:00:00,127609,221599,939,21085,7522,39110,1449,19735,65320,122180,0,1730,2462,3485,11301,13247,7035,49776,-56860,-1730,-93990,-1023,-1946,-20146,-31588,-18286,-42741,3
2022-07-07 20:00:00,125456,210154,922,20108,6028,36042,1257,18352,64428,118904,0,1648,2870,3288,10875,12101,6007,48761,-54476,-1648,-84698,-418,-1226,-19186,-30014,-17095,-42754,3
2022-07-07 21:00:00,125268,198588,903,19150,5528,33154,1285,17103,59204,111416,0,1610,2985,3121,10866,11742,4822,46906,-52212,-1610,-73320,-136,-876,-18247,-27626,-15818,-42084,3
2022-07-07 22:00:00,120671,188343,842,17977,5740,31517,1383,16549,56108,107104,0,1421,2412,3070,10521,11110,3999,44762,-50996,-1421,-67672,-658,-589,-17135,-25777,-15166,-40763,4
2022-07-07 23:00:00,110614,180746,862,17010,6495,30047,1467,16192,55144,101380,0,1284,2664,2939,10285,10730,3088,43468,-46236,-1284,-70132,-275,-445,-16148,-23552,-14725,-40380,3
2022-07-08 00:00:00,106396,175691,847,16513,7975,29438,1537,16181,56840,97244,0,1211,2687,2928,10365,10904,2459,42551,-40404,-1211,-69295,-241,-539,-15666,-21463,-14644,-40092,3
2022-07-08 01:00:00,98608,174778,880,16387,8611,29056,1645,16042,56120,95968,0,1188,3246,2947,10211,10937,2351,42121,-39848,-1188,-76170,299,-726,-15507,-20445,-14397,-39770,3
2022-07-08 02:00:00,94142,179905,871,16625,8317,29403,1715,16319,55236,95172,0,1152,3658,2978,10124,10837,2599,42087,-39936,-1152,-85763,680,-713,-15754,-21086,-14604,-39488,3
2022-07-08 03:00:00,91406,193317,1019,17446,7312,32293,2068,18382,54044,97892,0,1121,3833,3379,10683,12184,2699,42285,-43848,-1121,-101911,454,-1501,-16427,-24981,-16314,-39586,3
2022-07-08 04:00:00,111712,221470,1510,19288,10949,36885,2897,20310,52388,104896,0,1165,3810,3824,10894,13001,2585,43158,-52508,-1165,-109758,-14,-2107,-17778,-25936,-17413,-40573,3
2022-07-08 05:00:00,131803,240205,2495,20015,14855,41373,3880,21419,50888,112716,0,1378,4150,4099,10822,13546,2347,44878,-61828,-1378,-108402,51,-2724,-17520,-26518,-17539,-42531,3
2022-07-08 06:00:00,143996,247815,3681,20196,17358,42862,4801,21710,61644,118160,0,1661,4322,4280,11027,14012,2322,44607,-56516,-1661,-103819,42,-2985,-16515,-25504,-16909,-42285,3
2022-07-08 07:00:00,152181,250307,4982,20228,19208,43644,6028,21867,78652,123292,0,1848,4255,4372,11073,13865,2342,42365,-44640,-1848,-98126,-117,-2792,-15246,-24436,-15839,-40023,3
2022-07-08 08:00:00,158873,253586,5941,20267,20709,43802,6516,21948,81172,127148,0,1890,4521,4431,11245,13437,2427,39411,-45976,-1890,-94713,90,-2192,-14326,-23093,-15432,-36984,3
2022-07-08 09:00:00,170427,256561,6410,20596,22208,42415,7341,22361,81532,130392,0,1868,4632,4399,11395,13467,2687,37404,-48860,-1868,-86134,233,-2072,-14186,-20207,-15020,-34717,3
2022-07-08 10:00:00,192919,252418,6550,20988,22309,42217,7355,21608,80420,133208,0,1861,4665,4419,11645,13681,2923,35895,-52788,-1861,-59499,246,-2036,-14438,-19908,-14253,-32972,3
2022-07-08 11:00:00,210637,247560,6360,20690,21698,42626,7466,21337,80848,135028,0,1853,4543,4334,11700,13434,3026,35518,-54180,-1853,-36923,209,-1734,-14330,-20928,-13871,-32492,3
2022-07-08 12:00:00,216279,245555,6188,20821,21330,43117,7320,21355,79968,133996,0,1812,4675,4166,11573,13454,3033,35850,-54028,-1812,-29276,509,-1881,-14633,-21787,-14035,-32817,3
2022-07-08 13:00:00,208175,242901,5958,20676,19978,43096,6641,21104,78420,131376,0,1721,4388,4099,11504,13376,2989,37179,-52956,-1721,-34726,289,-1872,-14718,-23118,-14463,-34190,3
2022-07-08 14:00:00,189905,239853,4882,20781,19474,42811,5490,20980,78396,130120,0,1665,3957,4166,11412,13241,2655,39776,-51724,-1665,-49948,-209,-1829,-15899,-23337,-15490,-37121,3
2022-07-08 15:00:00,155971,236428,3564,20876,17682,41967,4404,20785,80820,129212,0,1789,3522,4126,10979,12980,2508,43932,-48392,-1789,-80457,-604,-2001,-17312,-24285,-16381,-41424,3
2022-07-08 16:00:00,131361,231654,2443,21050,15992,41200,3667,20790,80944,127540,0,1868,3254,3869,10761,13084,1928,45498,-46596,-1868,-100293,-615,-2323,-18607,-25208,-17123,-43570,3
2022-07-08 17:00:00,115175,225116,1732,21102,14979,39799,3373,20635,76320,126760,0,1788,3371,3567,10573,12595,1472,47864,-50440,-1788,-109941,-196,-2022,-19370,-24820,-17262,-46392,3
2022-07-08 18:00:00,97592,213896,1283,21108,13781,38795,3201,20116,66008,124616,0,1701,3744,3334,10367,12036,1120,49323,-58608,-1701,-116304,410,-1669,-19825,-25014,-16915,-48203,3
2022-07-08 19:00:00,83861,204851,1247,20759,12596,36416,2696,19058,57796,120824,0,1626,3748,3170,10225,11597,876,49730,-63028,-1626,-120990,578,-1372,-19512,-23820,-16362,-48854,3
2022-07-08 20:00:00,76688,198539,1317,19882,11914,33891,2296,17838,58384,116792,0,1522,3885,3075,9835,11715,1044,49170,-58408,-1522,-121851,810,-1880,-18565,-21977,-15542,-48126,3
2022-07-08 21:00:00,75242,186440,1450,18868,10483,31296,2474,16666,57032,109544,0,1495,3840,2921,9711,11388,1236,47371,-52512,-1495,-111198,919,-1677,-17418,-20813,-14192,-46135,3
2022-07-08 22:00:00,69898,175741,1333,17669,9932,29508,2608,15963,53604,106556,0,1329,3432,2824,9438,11135,1241,45013,-52952,-1329,-105843,608,-1697,-16336,-19576,-13355,-43772,3
2022-07-08 23:00:00,67680,168840,1236,16666,9802,28459,2449,15590,50024,100912,0,1205,3345,2703,9328,10874,1426,43263,-50888,-1205,-101160,642,-1546,-15430,-18657,-13141,-41837,3
2022-07-09 00:00:00,68922,164564,1181,16129,9802,27814,2387,15436,45888,96420,0,1137,3423,2657,9354,10442,1839,42067,-50532,-1137,-95642,766,-1088,-14948,-18012,-13049,-40228,3
2022-07-09 01:00:00,67260,163458,1172,15843,9926,27506,2328,15000,40024,93032,0,1096,3274,2590,9374,10327,2377,41672,-53008,-1096,-96198,684,-953,-14671,-17580,-12672,-39295,3
2022-07-09 02:00:00,68418,162941,1168,15604,9748,27097,2556,14717,36660,91272,0,1061,3404,2560,9272,9963,2454,41548,-54612,-1061,-94523,844,-691,-14436,-17349,-12161,-39094,3
2022-07-09 03:00:00,65678,161430,1469,15394,9986,27857,2872,15618,34456,90552,0,1036,3621,2720,9448,10204,2815,40880,-56096,-1036,-95752,901,-756,-13925,-17871,-12746,-38065,3
2022-07-09 04:00:00,71411,169211,2005,16040,12487,30519,3471,16815,30936,90792,0,1064,4305,2989,10241,10290,3665,39945,-59856,-1064,-97800,1316,-49,-14035,-18032,-13344,-36280,3
2022-07-09 05:00:00,85216,180515,3521,16469,16362,32995,4521,17799,32424,93192,0,1173,4867,3328,10722,10713,5103,39448,-60768,-1173,-95299,1539,9,-12948,-16633,-13278,-34345,3
2022-07-09 06:00:00,109475,194649,5267,16718,18739,34331,5828,18517,44164,99488,0,1351,5307,3567,11170,11242,5532,39341,-55324,-1351,-85174,1740,-72,-11451,-15592,-12689,-33809,3
2022-07-09 07:00:00,142026,206619,6529,16766,20157,34313,6657,18590,65764,106656,0,1537,5750,3693,11317,11562,6031,39435,-40892,-1537,-64593,2057,-245,-10237,-14156,-11933,-33404,3
2022-07-09 08:00:00,165646,215082,7214,16777,21072,33795,7200,18708,73544,112416,0,1650,5595,3864,11404,12109,5846,37957,-38872,-1650,-49436,1731,-705,-9563,-12723,-11508,-32111,3
2022-07-09 09:00:00,176691,218998,7514,16974,22027,32653,7660,18578,72892,114996,0,1687,5571,3893,11222,12252,5120,37190,-42104,-1687,-42307,1678,-1030,-9460,-10626,-10918,-32070,3
2022-07-09 10:00:00,196074,215046,7589,17071,22178,31948,8250,18487,73220,118000,0,1671,5412,3815,10825,11708,7385,34623,-44780,-1671,-18972,1597,-883,-9482,-9770,-10237,-27238,3
2022-07-09 11:00:00,210613,208728,7243,16852,22234,31551,8211,17954,74040,120036,0,1663,4358,3817,10743,11681,6095,31645,-45996,-1663,1885,541,-938,-9609,-9317,-9743,-25550,2
2022-07-09 12:00:00,209940,204097,6471,16740,22684,31605,7848,17941,73812,119448,0,1609,4307,3761,10663,11583,4057,30105,-45636,-1609,5843,546,-920,-10269,-8921,-10093,-26048,2
2022-07-09 13:00:00,205555,202467,5797,17075,20948,32108,7233,18046,70992,117188,0,1540,4661,3721,10577,11411,5297,30924,-46196,-1540,3088,940,-834,-11278,-11160,-10813,-25627,2
2022-07-09 14:00:00,199353,202938,4836,17651,17355,33024,5955,17776,71192,116012,0,1531,4366,3832,10826,11559,8170,33575,-44820,-1531,-3585,534,-733,-12815,-15669,-11821,-25405,3
2022-07-09 15:00:00,189890,205420,3480,18046,14493,33800,4889,17631,71084,115728,0,1611,4147,3760,10922,11813,9922,37863,-44644,-1611,-15530,387,-891,-14566,-19307,-12742,-27941,3
2022-07-09 16:00:00,162488,202551,2055,18642,13169,34334,3859,17629,69904,116068,0,1673,4007,3570,11165,11962,10113,40838,-46164,-1673,-40063,437,-797,-16587,-21165,-13770,-30725,3
2022-07-09 17:00:00,144587,198574,1364,18996,12060,33833,3520,17661,65860,116312,0,1631,3790,3409,10937,11889,8798,42986,-50452,-1631,-53987,381,-952,-17632,-21773,-14141,-34188,3
2022-07-09 18:00:00,137305,191133,1179,19398,12164,33364,3629,17619,53984,114988,0,1576,3744,3228,10776,11663,7825,44781,-61004,-1576,-53828,516,-887,-18219,-21200,-13990,-36956,3
2022-07-09 19:00:00,132196,187096,1369,19211,10739,31545,3471,17023,47260,113952,0,1503,3736,3119,10389,11247,7175,45195,-66692,-1503,-54900,617,-858,-17842,-20806,-13552,-38020,3
2022-07-09 20:00:00,127520,181903,1112,18047,9174,29473,2954,15826,49148,111416,0,1447,3603,3039,10315,10851,6383,45458,-62268,-1447,-54383,564,-536,-16935,-20299,-12872,-39075,3
2022-07-09 21:00:00,115392,170682,879,16927,8113,27455,2826,14756,47624,104912,0,1423,3214,2931,10249,10793,5699,43688,-57288,-1423,-55290,283,-544,-16048,-19342,-11930,-37989,3
2022-07-09 22:00:00,112572,163222,915,15759,8065,25871,2978,14064,47228,98864,0,1295,3128,2789,10292,10529,5158,42513,-51636,-1295,-50650,339,-237,-14844,-17806,-11086,-37355,3
2022-07-09 23:00:00,109832,156358,906,15023,7921,25007,3319,13687,44980,93172,0,1196,2919,2690,10444,10376,4583,41062,-48192,-1196,-46526,229,68,-14117,-17086,-10368,-36479,3
2022-07-10 00:00:00,105170,152438,838,14614,7782,24256,3332,13350,42804,89328,0,1125,2790,2611,10587,10368,4639,40181,-46524,-1125,-47268,179,219,-13776,-16474,-10018,-35542,4
2022-07-10 01:00:00,103265,150827,889,14382,7602,23802,3318,13031,37908,87176,0,1103,2516,2542,10650,9756,4572,39489,-49268,-1103,-47562,-26,894,-13493,-16200,-9713,-34917,4
2022-07-10 02:00:00,104610,151086,774,14240,7469,23338,3321,12797,32988,86000,0,1056,2472,2509,10881,9827,4739,39020,-53012,-1056,-46476,-37,1054,-13466,-15869,-9476,-34281,4
2022-07-10 03:00:00,106286,151240,973,14123,7728,23033,3502,13177,28572,85376,0,1024,2562,2622,10643,10184,4994,38082,-56804,-1024,-44954,-60,459,-13150,-15305,-9675,-33088,4
2022-07-10 04:00:00,115101,155261,1582,14659,9254,24218,4302,13857,25868,84232,0,1018,3028,2905,10702,10890,4920,37346,-58364,-1018,-40160,123,-188,-13077,-14964,-9555,-32426,3
2022-07-10 05:00:00,130847,163967,3059,15022,13644,26392,5196,14577,28836,84456,0,1084,3051,3232,10889,11348,5140,36837,-55620,-1084,-33120,-181,-459,-11963,-12748,-9381,-31697,3
2022-07-10 06:00:00,160962,179665,4889,15467,16913,27609,6263,15438,42004,88700,0,1191,3117,3461,10921,11628,5227,37294,-46696,-1191,-18703,-344,-707,-10578,-10696,-9175,-32067,3
2022-07-10 07:00:00,183391,190826,6346,15870,18094,28093,6848,16035,58100,94956,0,1369,3065,3558,11004,12282,5107,37677,-36856,-1369,-7435,-493,-1278,-9524,-9999,-9187,-32570,3
2022-07-10 08:00:00,198568,197431,6630,16463,18698,28353,7163,16409,66980,101712,0,1516,3787,3552,11262,12239,3784,37176,-34732,-1516,1137,235,-977,-9833,-9655,-9246,-33392,2
2022-07-10 09:00:00,209906,203911,6357,16774,19144,28728,7138,16217,67056,105352,0,1613,3621,3642,11342,12225,3244,36205,-38296,-1613,5995,-21,-883,-10417,-9584,-9079,-32961,2
2022-07-10 10:00:00,216707,201971,6199,16672,19815,28001,7408,16238,67364,108516,0,1652,3375,3657,10841,12101,3370,34810,-41152,-1652,14736,-282,-1260,-10473,-8186,-8830,-31440,2
2022-07-10 11:00:00,221609,196392,5932,16352,20102,27383,7135,15584,67648,112924,0,1706,3208,3601,10690,11896,3023,34117,-45276,-1706,25217,-393,-1206,-10420,-7281,-8449,-31094,2
2022-07-10 12:00:00,219386,193184,5619,16422,18734,27586,6633,15322,68136,113932,0,1646,3009,3555,10838,11858,3247,32917,-45796,-1646,26202,-546,-1020,-10803,-8852,-8689,-29670,2
2022-07-10 13:00:00,206843,191257,5582,16419,17913,28341,6461,15664,69560,111824,0,1549,3134,3517,11458,11963,2978,33203,-42264,-1549,15586,-383,-505,-10837,-10428,-9203,-30225,2
2022-07-10 14:00:00,187533,191526,4890,16602,16435,29570,5581,15996,69404,110404,0,1518,2952,3645,11743,12317,3165,35320,-41000,-1518,-3993,-693,-574,-11712,-13135,-10415,-32155,4
2022-07-10 15:00:00,157250,194192,3866,16988,12621,30799,4181,16293,68952,110396,0,1566,2716,3668,11584,12185,3553,40455,-41444,-1566,-36942,-952,-601,-13122,-18178,-12112,-36902,4
2022-07-10 16:00:00,121314,194803,2524,17673,9798,31603,3100,16426,66188,111164,0,1610,2098,3522,11320,12151,3414,42514,-44976,-1610,-73489,-1424,-831,-15149,-21805,-13326,-39100,4
2022-07-10 17:00:00,94838,192422,1717,18162,10193,31966,2802,16573,59880,112760,0,1580,1914,3323,11153,11844,2825,43349,-52880,-1580,-97584,-1409,-691,-16445,-21773,-13771,-40524,4
2022-07-10 18:00:00,74661,186465,1393,18631,10147,32427,3220,16681,46376,113504,0,1535,1924,3164,11149,11464,2157,45348,-67128,-1535,-111804,-1240,-315,-17238,-22280,-13461,-43191,4
2022-07-10 19:00:00,72148,183984,1262,18554,8638,31175,3192,16446,38512,116572,0,1515,2002,3079,11221,11433,1935,46502,-78060,-1515,-111836,-1077,-212,-17292,-22537,-13254,-44567,4
2022-07-10 20:00:00,70693,182128,1133,17449,6763,28838,2665,15349,39504,117204,0,1467,1926,2988,11036,10888,1897,46582,-77700,-1467,-111435,-1062,148,-16316,-22075,-12684,-44685,4
2022-07-10 21:00:00,61533,172106,1072,16287,6450,26910,2737,14554,41128,110720,0,1439,1784,2802,10989,10579,1382,44865,-69592,-1439,-110573,-1018,410,-15215,-20460,-11817,-43483,4
2022-07-10 22:00:00,58534,164558,1136,15235,5899,25448,2653,14003,38568,104412,0,1273,1592,2716,10862,10492,1008,43561,-65844,-1273,-106024,-1124,370,-14099,-19549,-11350,-42553,4
2022-07-10 23:00:00,57839,158681,1099,14625,5537,24657,2589,13775,36576,98784,0,1162,1524,2594,10825,10478,952,42284,-62208,-1162,-100842,-1070,347,-13526,-19120,-11186,-41332,4
2022-07-11 00:00:00,61499,157410,1068,14368,5394,24217,2443,13707,35144,95264,0,1092,1464,2578,10657,10537,1005,41624,-60120,-1092,-95911,-1114,120,-13300,-18823,-11264,-40619,4
2022-07-11 01:00:00,66956,158925,983,14399,5399,24475,2356,13765,32796,93168,0,1079,1339,2588,10392,10321,1044,41335,-60372,-1079,-91969,-1249,71,-13416,-19076,-11409,-40291,4
2022-07-11 02:00:00,62623,165576,977,14706,5208,25904,2367,14347,28984,92508,0,1048,1215,2726,10417,10624,1211,41543,-63524,-1048,-102953,-1511,-207,-13729,-20696,-11980,-40332,4
2022-07-11 03:00:00,54720,179482,1139,15923,5876,29968,2436,17080,26168,95908,0,1031,1189,3174,9923,11522,1414,42468,-69740,-1031,-124762,-1985,-1599,-14784,-24092,-14644,-41054,1
2022-07-11 04:00:00,64171,206852,1718,18067,9254,35448,3029,19358,25284,104848,0,1065,1322,3684,10251,12643,1591,45077,-79564,-1065,-142681,-2362,-2392,-16349,-26194,-16329,-43486,1
2022-07-11 05:00:00,81070,226864,3161,18726,13559,40165,3934,20494,27052,113064,0,1230,1635,4032,10228,13106,1588,48092,-86012,-1230,-145794,-2397,-2878,-15565,-26606,-16560,-46504,1
2022-07-11 06:00:00,99933,238370,4879,18709,14850,41939,4873,20914,37288,121488,0,1445,1795,4239,10329,13207,1562,49203,-84200,-1445,-138437,-2444,-2878,-13830,-27089,-16041,-47641,1
2022-07-11 07:00:00,113158,243620,6160,18718,15342,42081,5651,20782,50440,128316,0,1635,2016,4369,10600,13242,1447,48527,-77876,-1635,-130462,-2353,-2642,-12558,-26739,-15131,-47080,1
2022-07-11 08:00:00,122728,249501,6547,18867,16344,42427,6183,20965,59676,133436,0,1725,2201,4422,10810,13287,1390,47526,-73760,-1725,-126773,-2221,-2477,-12320,-26083,-14782,-46136,1
2022-07-11 09:00:00,131421,253787,6120,19382,16112,40893,6972,21686,64412,137324,0,1749,2374,4392,10809,13370,1284,46435,-72912,-1749,-122366,-2018,-2561,-13262,-24781,-14714,-45151,1
2022-07-11 10:00:00,135348,251126,5853,19975,16677,41677,6588,21156,67744,141112,0,1743,2391,4368,10749,13379,1340,44303,-73368,-1743,-115778,-1977,-2630,-14122,-25000,-14568,-42963,1
2022-07-11 11:00:00,137814,247556,5704,19709,16348,42682,6550,20711,69928,143380,0,1722,2395,4275,10772,13287,1361,42385,-73452,-1722,-109742,-1880,-2515,-14005,-26334,-14161,-41024,1
2022-07-11 12:00:00,140285,242670,5305,19696,15749,43127,6018,20693,70924,142992,0,1649,2373,4167,10708,13150,1370,40982,-72068,-1649,-102385,-1794,-2442,-14391,-27378,-14675,-39612,1
2022-07-11 13:00:00,134552,236710,5033,19743,14840,43358,5277,20305,71052,141564,0,1579,2308,4110,10644,12941,1269,40567,-70512,-1579,-102158,-1802,-2297,-14710,-28518,-15028,-39298,1
2022-07-11 14:00:00,119723,232443,4130,19973,13722,42936,4866,20703,68636,140732,0,1606,2142,4219,10624,13106,1264,41598,-72096,-1606,-112720,-2077,-2482,-15843,-29214,-15837,-40334,1
2022-07-11 15:00:00,103634,232474,3023,20032,12161,42214,3520,20563,67260,139864,0,1726,1708,4101,10465,12910,1127,44915,-72604,-1726,-128840,-2393,-2445,-17009,-30053,-17043,-43788,1
2022-07-11 16:00:00,91264,231091,1885,20479,11643,41611,2826,20696,64092,137196,0,1790,1189,3903,10038,12700,884,46577,-73104,-1790,-139827,-2714,-2662,-18594,-29968,-17870,-45693,1
2022-07-11 17:00:00,80844,225765,1134,20772,10700,40269,2616,20645,58884,135100,0,1694,890,3644,10006,12607,736,49559,-76216,-1694,-144921,-2754,-2601,-19638,-29569,-18029,-48823,1
2022-07-11 18:00:00,66905,215150,760,20969,8991,39459,2678,20395,50380,132180,0,1585,866,3488,9726,12511,667,51488,-81800,-1585,-148245,-2622,-2785,-20209,-30468,-17717,-50821,1
2022-07-11 19:00:00,61718,206361,786,20577,7003,37088,2751,19278,45828,130716,0,1524,913,3374,9625,12149,872,51746,-84888,-1524,-144643,-2461,-2524,-19791,-30085,-16527,-50874,1
2022-07-11 20:00:00,54381,196038,762,19653,5710,34369,2721,17752,44268,127060,0,1467,997,3204,9388,11395,858,51043,-82792,-1467,-141657,-2207,-2007,-18891,-28659,-15031,-50185,1
2022-07-11 21:00:00,42090,180145,673,18704,4589,31529,3101,16535,42436,118772,0,1411,948,3021,9270,10849,884,48290,-76336,-1411,-138055,-2073,-1579,-18031,-26940,-13434,-47406,1
2022-07-11 22:00:00,41617,171347,723,17498,4393,29626,2923,15868,42284,113796,0,1238,1053,2866,9156,10641,1266,45816,-71512,-1238,-129730,-1813,-1485,-16775,-25233,-12945,-44550,1
2022-07-11 23:00:00,41129,164602,675,16520,4357,28755,2685,15496,37868,107304,0,1100,1123,2794,9185,10748,1823,44112,-69436,-1100,-123473,-1671,-1563,-15845,-24398,-12811,-42289,1
2022-07-12 00:00:00,44474,163084,649,16008,4559,28414,2454,15494,37996,103344,0,1013,1105,2770,9168,10780,1868,43225,-65348,-1013,-118610,-1665,-1612,-15359,-23855,-13040,-41357,1
2022-07-12 01:00:00,45452,164313,630,15923,4784,28546,2384,15360,38312,101052,0,993,942,2773,9140,10662,1833,42678,-62740,-993,-118861,-1831,-1522,-15293,-23762,-12976,-40845,1
2022-07-12 02:00:00,43228,168995,641,16155,5196,29241,2565,15685,36692,99948,0,957,904,2899,9181,10908,1728,42606,-63256,-957,-125767,-1995,-1727,-15514,-24045,-13120,-40878,1
2022-07-12 03:00:00,42557,182552,845,17004,5972,32750,3114,17919,32196,102332,0,926,942,3259,9861,11651,1562,42687,-70136,-926,-139995,-2317,-1790,-16159,-26778,-14805,-41125,1
2022-07-12 04:00:00,57480,207596,1612,18660,8971,37752,3853,19896,27580,109240,0,956,1121,3717,10087,12541,1531,43560,-81660,-956,-150116,-2596,-2454,-17048,-28781,-16043,-42029,1
2022-07-12 05:00:00,85354,225681,3168,19025,12596,42149,5256,20770,29792,116768,0,1090,1423,3994,10207,12954,1746,45198,-86976,-1090,-140327,-2571,-2747,-15857,-29553,-15514,-43452,1
2022-07-12 06:00:00,112454,237502,4753,19045,13470,43405,7023,21157,40048,124444,0,1248,1954,4193,10592,12977,2083,45109,-84396,-1248,-125048,-2239,-2385,-14292,-29935,-14134,-43026,1
2022-07-12 07:00:00,136280,243415,5794,19339,13812,43330,8213,21001,52976,131336,0,1399,2506,4448,10943,13094,2609,43021,-78360,-1399,-107135,-1942,-2151,-13545,-29518,-12788,-40412,1
2022-07-12 08:00:00,159950,249171,6158,19533,14811,43773,8639,21238,57084,136384,0,1493,2947,4455,11111,13049,2680,39598,-79300,-1493,-89221,-1508,-1938,-13375,-28962,-12599,-36918,1
2022-07-12 09:00:00,178090,253346,5856,19899,15236,42964,8830,21365,59104,140376,0,1566,3211,4440,11221,13139,2756,36802,-81272,-1566,-75256,-1229,-1918,-14043,-27728,-12535,-34046,3
2022-07-12 10:00:00,203365,253226,5804,20148,15898,43132,8888,21012,60980,144164,0,1595,3194,4447,11262,13050,3010,35523,-83184,-1595,-49861,-1253,-1788,-14344,-27234,-12124,-32513,3
2022-07-12 11:00:00,208396,248195,5451,19871,15720,44173,8973,20707,62936,146828,0,1625,2779,3975,11299,13001,3057,35696,-83892,-1625,-39799,-1196,-1702,-14420,-28453,-11734,-32639,3
2022-07-12 12:00:00,205736,244965,5426,19985,14974,43993,8806,20690,63828,147380,0,1597,2615,3774,11434,12894,3278,38496,-83552,-1597,-39229,-1159,-1460,-14559,-29019,-11884,-35218,3
2022-07-12 13:00:00,193505,242402,5261,19989,13725,44131,8779,21060,64420,145696,0,1560,2427,3780,11441,12771,2938,42684,-81276,-1560,-48897,-1353,-1330,-14728,-30406,-12281,-39746,4
2022-07-12 14:00:00,166169,237235,4203,20351,13066,44070,7713,20474,63824,144820,0,1540,2301,3933,11831,13004,2642,46965,-80996,-1540,-71066,-1632,-1173,-16148,-31004,-12761,-44323,4
2022-07-12 15:00:00,129672,236632,3175,20346,12014,43229,6578,20284,63944,144396,0,1624,2097,3923,11710,12897,2536,51462,-80452,-1624,-106960,-1826,-1187,-17171,-31215,-13706,-48926,4
2022-07-12 16:00:00,103647,233750,1830,20795,10832,42317,5682,20605,61136,141600,0,1671,2086,3812,11618,12990,1862,52400,-80464,-1671,-130103,-1726,-1372,-18965,-31485,-14923,-50538,4
2022-07-12 17:00:00,88658,228057,1007,21002,8691,40909,5420,20874,57848,139840,0,1592,2023,3630,11605,12664,1835,52970,-81992,-1592,-139399,-1607,-1059,-19995,-32218,-15454,-51135,4
2022-07-12 18:00:00,77089,220052,763,21191,7245,39796,5432,20593,48004,136752,0,1511,1878,3475,11648,12330,1519,53317,-88748,-1511,-142963,-1597,-682,-20428,-32551,-15161,-51798,4
2022-07-12 19:00:00,67808,211471,728,20841,6337,37375,5528,19294,42308,134636,0,1452,1843,3376,11642,12001,1662,53351,-92328,-1452,-143663,-1533,-359,-20113,-31038,-13766,-51689,4
2022-07-12 20:00:00,58587,201438,726,19791,5701,35006,5723,17811,42784,130252,0,1404,1441,3237,11290,11204,2212,52063,-87468,-1404,-142851,-1796,86,-19065,-29305,-12088,-49851,4
2022-07-12 21:00:00,50358,187892,739,18829,5170,32302,5859,16755,41388,121564,0,1373,1278,3066,10667,10536,2867,49181,-80176,-1373,-137534,-1788,131,-18090,-27132,-10896,-46314,4
2022-07-12 22:00:00,45668,178565,768,17589,5501,30473,5769,16134,38816,116436,0,1228,1270,2930,10275,10273,3936,46467,-77620,-1228,-132897,-1660,2,-16821,-24972,-10365,-42531,4
2022-07-12 23:00:00,46616,173346,855,16556,4976,29359,5407,15709,36024,109892,0,1109,1274,2836,10130,10351,4698,44781,-73868,-1109,-126730,-1562,-221,-15701,-24383,-10302,-40083,4
2022-07-13 00:00:00,48090,171986,938,16032,4988,28859,5057,15733,34396,105660,0,1058,1262,2774,9941,10384,4447,43856,-71264,-1058,-123896,-1512,-443,-15094,-23871,-10676,-39409,4
2022-07-13 01:00:00,61164,173609,968,16025,4848,28797,4802,15666,32744,103248,0,1035,1287,2772,9846,10323,4951,43256,-70504,-1035,-112445,-1485,-477,-15057,-23949,-10864,-38305,4
2022-07-13 02:00:00,64735,179787,1010,16258,4997,29649,4772,15839,31384,102148,0,1008,1320,2844,10045,10461,4623,43337,-70764,-1008,-115052,-1524,-416,-15248,-24652,-11067,-38714,4
2022-07-13 03:00:00,62524,193284,1122,17092,6400,32782,4661,17960,29184,104052,0,977,1396,3255,10998,11488,4352,43620,-74868,-977,-130760,-1859,-490,-15970,-26382,-13299,-39268,4
2022-07-13 04:00:00,72250,216409,1649,18950,9670,37658,4899,19913,27896,111492,0,1018,1501,3675,11318,12497,4392,46867,-83596,-1018,-144159,-2174,-1179,-17301,-27988,-15014,-42475,1
2022-07-13 05:00:00,92591,233829,3209,19423,13761,42139,5768,20927,28160,118828,0,1180,1832,3889,11466,12851,3217,49810,-90668,-1180,-141238,-2057,-1385,-16214,-28378,-15159,-46593,1
2022-07-13 06:00:00,108848,244070,5108,19233,16329,43888,7020,21193,38592,126272,0,1357,2384,3955,11809,13313,2368,49324,-87680,-1357,-135222,-1571,-1504,-14125,-27559,-14173,-46956,1
2022-07-13 07:00:00,125363,249544,6679,19206,16628,43885,7827,20899,51796,133936,0,1520,2873,3937,12213,13499,2296,46443,-82140,-1520,-124181,-1064,-1286,-12527,-27257,-13072,-44147,3
2022-07-13 08:00:00,152243,255228,7687,19140,17523,44000,8512,21289,60496,139840,0,1553,3619,3919,12437,13445,2679,43332,-79344,-1553,-102985,-300,-1008,-11453,-26477,-12777,-40653,3
2022-07-13 09:00:00,179123,260480,8088,19129,17728,42832,8713,21604,63444,143768,0,1558,4173,4093,12621,13241,3533,41186,-80324,-1558,-81357,80,-620,-11041,-25104,-12891,-37653,3
2022-07-13 10:00:00,208200,258896,8416,19423,17988,42997,8433,21593,63984,148136,0,1584,4256,4244,12934,12939,4435,39466,-84152,-1584,-50696,12,-5,-11007,-25009,-13160,-35031,3
2022-07-13 11:00:00,224066,260865,8253,19277,18469,43870,8269,21448,65892,151316,0,1609,4491,4062,12710,12763,5491,39146,-85424,-1609,-36799,429,-53,-11024,-25401,-13179,-33655,3
2022-07-13 12:00:00,227662,259107,7716,19674,17785,44221,7612,21613,68156,151196,0,1560,4236,3858,12588,12572,5667,40540,-83040,-1560,-31445,378,16,-11958,-26436,-14001,-34873,3
2022-07-13 13:00:00,219398,255261,6672,20251,16947,44316,6703,21541,70108,149460,0,1535,4384,3871,12512,12527,4863,41706,-79352,-1535,-35863,513,-15,-13579,-27369,-14838,-36843,3
2022-07-13 14:00:00,197470,249691,5373,20794,15964,43831,5399,21627,71016,148264,0,1545,5225,3848,12743,12746,5247,42588,-77248,-1545,-52221,1377,-3,-15421,-27867,-16228,-37341,3
2022-07-13 15:00:00,164632,246408,3562,21203,15142,43459,4522,21454,69644,146372,0,1697,4722,3880,12859,12874,5211,46210,-76728,-1697,-81776,842,-15,-17641,-28317,-16932,-40999,3
2022-07-13 16:00:00,141523,243168,1850,21783,12431,42671,3904,21338,65968,143384,0,1786,4541,3624,12784,12538,4607,47987,-77416,-1786,-101645,917,246,-19933,-30240,-17434,-43380,3
2022-07-13 17:00:00,121316,240407,984,22042,9920,41319,3620,21296,58540,141624,0,1695,4179,3331,12917,12928,3824,50237,-83084,-1695,-119091,848,-11,-21058,-31399,-17676,-46413,3
2022-07-13 18:00:00,107100,230135,726,21991,8766,40601,3647,20947,49316,139080,0,1630,3732,3261,12280,12608,3234,52284,-89764,-1630,-123035,471,-328,-21265,-31835,-17300,-49050,3
2022-07-13 19:00:00,95165,219940,803,21568,7766,38130,3430,19710,44928,137092,0,1591,3561,3224,12296,12263,2527,52924,-92164,-1591,-124775,337,33,-20765,-30364,-16280,-50397,3
2022-07-13 20:00:00,84278,210009,923,20530,6920,35366,3475,18365,44528,132860,0,1510,3464,3013,12289,11529,2233,52209,-88332,-1510,-125731,451,760,-19607,-28446,-14890,-49976,4
2022-07-13 21:00:00,67175,194498,923,19383,5872,32570,3559,17202,40928,124464,0,1456,3675,2871,11582,11029,1702,49893,-83536,-1456,-127323,804,553,-18460,-26698,-13643,-48191,3
2022-07-13 22:00:00,59876,182943,820,18071,4856,30655,3725,16599,40472,119488,0,1280,3473,2777,11606,10674,1133,46646,-79016,-1280,-123067,696,932,-17251,-25799,-12874,-45513,4
2022-07-13 23:00:00,55779,175771,752,17114,4736,29659,3686,16215,35524,111876,0,1146,3466,2660,11340,10521,928,45001,-76352,-1146,-119992,806,819,-16362,-24923,-12529,-44073,4
2022-07-14 00:00:00,52192,172929,719,16627,4656,29026,3659,16090,33692,107644,0,1086,3274,2649,11126,10130,876,44248,-73952,-1086,-120737,625,996,-15908,-24370,-12431,-43372,4
2022-07-14 01:00:00,52865,172809,755,16440,4671,28951,3565,15845,30196,104912,0,1060,3119,2622,11039,10124,820,43841,-74716,-1060,-119944,497,915,-15685,-24280,-12280,-43021,4
2022-07-14 02:00:00,51750,176851,754,16716,4656,29814,3198,16132,28036,103648,0,1042,2939,2741,11393,10592,895,43819,-75612,-1042,-125101,198,801,-15962,-25158,-12934,-42924,4
2022-07-14 03:00:00,49001,188868,923,17565,5679,33054,3123,18248,26288,105968,0,1031,3027,3122,11787,11302,1046,43948,-79680,-1031,-139867,-95,485,-16642,-27375,-15125,-42902,4
2022-07-14 04:00:00,60258,214138,1534,19515,8642,38070,4345,20176,22924,112788,0,1066,3236,3502,11892,12089,1196,44954,-89864,-1066,-153880,-266,-197,-17981,-29428,-15831,-43758,4
2022-07-14 05:00:00,85646,232138,2987,20372,12533,42720,5859,21394,23936,119976,0,1232,3751,3750,12352,12436,1229,45739,-96040,-1232,-146492,1,-84,-17385,-30187,-15535,-44510,3
2022-07-14 06:00:00,107679,245112,4745,20489,14568,44839,7431,21749,35092,126592,0,1483,3692,3794,12760,12899,1593,44668,-91500,-1483,-137433,-102,-139,-15744,-30271,-14318,-43075,3
2022-07-14 07:00:00,134905,249536,6091,20729,15711,45100,8720,21574,47792,133388,0,1654,3678,4049,13116,13245,2058,42174,-85596,-1654,-114631,-371,-129,-14638,-29389,-12854,-40116,4
2022-07-14 08:00:00,159660,253785,6892,20835,16859,45599,9392,21705,53588,138628,0,1729,4073,4057,13029,13331,2603,39202,-85040,-1729,-94125,16,-302,-13943,-28740,-12313,-36599,3
2022-07-14 09:00:00,185224,259338,7395,21005,16711,44484,9313,21653,55948,143172,0,1760,4508,3941,12866,13086,2818,37953,-87224,-1760,-74114,567,-220,-13610,-27773,-12340,-35135,3
2022-07-14 10:00:00,208719,260705,7541,21254,16840,44801,9366,21969,59512,148352,0,1760,4793,3880,12874,13158,2417,38295,-88840,-1760,-51986,913,-284,-13713,-27961,-12603,-35878,3
2022-07-14 11:00:00,215881,256856,7017,21411,16447,45551,8809,21779,61152,150896,0,1732,5079,3786,12925,13235,2652,37619,-89744,-1732,-40975,1293,-310,-14394,-29104,-12970,-34967,3
2022-07-14 12:00:00,206692,251119,6493,21703,16630,46070,7585,21499,63312,151328,0,1687,5297,3744,12896,13176,2771,37173,-88016,-1687,-44427,1553,-280,-15210,-29440,-13914,-34402,3
2022-07-14 13:00:00,198999,248645,5532,22136,15994,46397,6578,21919,64464,149448,0,1662,5267,3799,12669,12994,3264,39714,-84984,-1662,-49646,1468,-325,-16604,-30403,-15341,-36450,3
2022-07-14 14:00:00,180980,245243,4426,22433,14187,45537,4723,21625,65480,149048,0,1677,4890,3940,12759,13176,5204,41884,-83568,-1677,-64263,950,-417,-18007,-31350,-16902,-36680,3
2022-07-14 15:00:00,159810,246024,3141,22671,12486,44447,3546,21399,67332,146896,0,1797,4678,3983,12445,13181,5688,44971,-79564,-1797,-86214,695,-736,-19530,-31961,-17853,-39283,3
2022-07-14 16:00:00,148045,244315,2008,22976,10685,43541,2989,21385,68744,144184,0,1903,4321,3791,12222,13071,5148,46333,-75440,-1903,-96270,530,-849,-20968,-32856,-18396,-41185,3
2022-07-14 17:00:00,138637,239896,1324,22971,9048,42072,2744,21302,64764,141972,0,1814,4140,3595,12027,12577,5143,49228,-77208,-1814,-101259,545,-550,-21647,-33024,-18558,-44085,3
2022-07-14 18:00:00,126762,228803,1175,22953,8270,41187,3094,20873,56624,138968,0,1725,3784,3490,11951,12096,5345,51307,-82344,-1725,-102041,294,-145,-21778,-32917,-17779,-45962,3
2022-07-14 19:00:00,115092,218286,1195,22444,6762,38666,2878,19714,51440,137320,0,1681,3690,3344,12045,11803,4894,51525,-85880,-1681,-103194,346,242,-21249,-31904,-16836,-46631,3
2022-07-14 20:00:00,105148,208024,1285,21236,5443,35861,2510,18352,53968,133224,0,1596,3874,3196,12222,11462,4674,51058,-79256,-1596,-102876,678,760,-19951,-30418,-15842,-46384,4
2022-07-14 21:00:00,98295,195377,1233,20034,4962,33090,2434,17060,52520,124596,0,1525,3794,3033,11955,10854,3622,49043,-72076,-1525,-97082,761,1101,-18801,-28128,-14626,-45421,4
2022-07-14 22:00:00,92837,186558,1338,18696,4123,31161,2616,16520,52400,120020,0,1327,3737,2868,11854,10381,3515,46328,-67620,-1327,-93721,869,1473,-17358,-27038,-13904,-42813,4
2022-07-14 23:00:00,90400,179102,1091,17692,3946,30029,2603,16121,50012,112628,0,1187,3729,2797,11673,10365,3405,44428,-62616,-1187,-88702,932,1308,-16601,-26083,-13518,-41023,4
2022-07-15 00:00:00,90920,176041,1018,17182,3911,29347,2828,16045,48864,107948,0,1106,3576,2759,11664,10360,3492,43587,-59084,-1106,-85121,817,1304,-16164,-25436,-13217,-40095,4
2022-07-15 01:00:00,93095,177314,989,17043,3887,29252,3180,15899,46616,104780,0,1055,3332,2712,11552,10183,3775,43081,-58164,-1055,-84219,620,1369,-16054,-25365,-12719,-39306,4
2022-07-15 02:00:00,89221,181787,1035,17220,4016,30142,3543,16126,45720,103832,0,1021,3108,2808,11627,10212,3261,43163,-58112,-1021,-92566,300,1415,-16185,-26126,-12583,-39902,4
2022-07-15 03:00:00,82249,190886,1415,18139,4940,33173,3767,17975,48068,105216,0,1008,3802,2990,11978,11515,2654,43477,-57148,-1008,-108637,812,463,-16724,-28233,-14208,-40823,3
2022-07-15 04:00:00,94648,214012,1704,20175,8363,37981,4812,19747,48012,111672,0,1029,4092,3326,11962,12267,2408,44356,-63660,-1029,-119364,766,-305,-18471,-29618,-14935,-41948,3
2022-07-15 05:00:00,121162,232228,2266,21133,12657,42476,6789,20841,47608,118264,0,1212,4344,3578,12026,12671,2556,45003,-70656,-1212,-111066,766,-645,-18867,-29819,-14052,-42447,3
2022-07-15 06:00:00,140973,245032,2986,21542,14320,44439,8135,20926,51396,124760,0,1425,4671,3672,12034,12401,2241,44226,-73364,-1425,-104059,999,-367,-18556,-30119,-12791,-41985,3
2022-07-15 07:00:00,164738,250224,3646,21716,15119,45161,9099,20662,61716,132092,0,1616,4826,3717,12466,12727,1943,41963,-70376,-1616,-85486,1109,-261,-18070,-30042,-11563,-40020,3
2022-07-15 08:00:00,183527,256255,4298,21792,16184,45626,9492,21095,70500,137620,0,1715,4865,3714,12686,12922,2367,40147,-67120,-1715,-72728,1151,-236,-17494,-29442,-11603,-37780,3
2022-07-15 09:00:00,197467,259152,4678,21689,16380,44924,9881,21302,73144,142752,0,1754,4915,3644,12888,12900,3044,38673,-69608,-1754,-61685,1271,-12,-17011,-28544,-11421,-35629,3
2022-07-15 10:00:00,207416,256828,5413,21339,16334,45145,9942,20955,70800,147140,0,1783,4816,3647,12953,12777,3131,37761,-76340,-1783,-49412,1169,176,-15926,-28811,-11013,-34630,3
2022-07-15 11:00:00,212662,250317,5807,20765,16474,45865,9950,20573,68604,150396,0,1807,4784,3534,13051,12632,2866,38383,-81792,-1807,-37655,1250,419,-14958,-29391,-10623,-35517,3
2022-07-15 12:00:00,208291,243158,5770,20269,15956,45736,9520,20645,69280,150476,0,1762,4414,3557,12975,12408,3136,39894,-81196,-1762,-34867,857,567,-14499,-29780,-11125,-36758,3
2022-07-15 13:00:00,193222,237599,5222,20253,15035,45784,8606,20510,66836,148188,0,1710,4407,3529,12950,12368,3514,39838,-81352,-1710,-44377,878,582,-15031,-30749,-11904,-36324,3
2022-07-15 14:00:00,167942,232741,4297,20678,14119,45330,7257,20521,67368,147628,0,1701,4087,3631,12796,12779,3642,40538,-80260,-1701,-64799,456,17,-16381,-31211,-13264,-36896,3
2022-07-15 15:00:00,136236,229270,2950,20794,12409,44677,5611,20437,66376,146168,0,1792,4024,3562,12654,12935,3878,43066,-79792,-1792,-93034,462,-281,-17844,-32268,-14826,-39188,3
2022-07-15 16:00:00,113849,224720,1662,20920,11257,44071,3983,20441,63504,143248,0,1850,3919,3346,12247,12603,4094,45197,-79744,-1850,-110871,573,-356,-19258,-32814,-16458,-41103,3
2022-07-15 17:00:00,98675,218328,1034,21023,9585,42554,3545,20433,57108,140980,0,1784,3426,3204,12097,12334,4083,48203,-83872,-1784,-119653,222,-237,-19989,-32969,-16888,-44120,3
2022-07-15 18:00:00,83230,208588,767,21019,8792,41565,3381,20049,49216,137340,0,1687,2914,3100,12011,12058,3244,49885,-88124,-1687,-125358,-186,-47,-20252,-32773,-16668,-46641,4
2022-07-15 19:00:00,79040,200919,793,20608,6906,39066,2898,18909,42788,133752,0,1623,2748,3005,11928,11987,3542,49576,-90964,-1623,-121879,-257,-59,-19815,-32160,-16011,-46034,4
2022-07-15 20:00:00,73645,190736,855,19689,5862,36214,2366,17692,43328,129280,0,1542,2818,2817,11929,11384,5443,48773,-85952,-1542,-117091,1,545,-18834,-30352,-15326,-43330,4
2022-07-15 21:00:00,68141,178143,837,18784,6666,33724,2783,16491,39460,121408,0,1489,2639,2640,11372,10730,4893,46663,-81948,-1489,-110002,-1,642,-17947,-27058,-13708,-41770,4
2022-07-15 22:00:00,69548,168514,843,17577,5297,31568,2370,15722,38024,117780,0,1331,2594,2527,11346,10314,6146,44129,-79756,-1331,-98966,67,1032,-16734,-26271,-13352,-37983,4
2022-07-15 23:00:00,73738,164415,804,16498,4678,30329,2233,15346,34604,111420,0,1219,3074,2425,11300,10010,6762,42342,-76816,-1219,-90677,649,1290,-15694,-25651,-13113,-35580,4
2022-07-16 00:00:00,76786,160185,719,15953,4350,29416,2214,15253,29804,106284,0,1147,3262,2394,11307,9977,6443,41450,-76480,-1147,-83399,868,1330,-15234,-25066,-13039,-35007,4
2022-07-16 01:00:00,82221,159011,741,15711,4374,28943,2185,14902,27868,103300,0,1116,3129,2338,11269,9878,6283,40615,-75432,-1116,-76790,791,1391,-14970,-24569,-12717,-34332,4
2022-07-16 02:00:00,90358,160747,684,15551,4195,28536,2365,14618,24564,100948,0,1085,3370,2340,11314,9947,6869,40351,-76384,-1085,-70389,1030,1367,-14867,-24341,-12253,-33482,4
2022-07-16 03:00:00,99909,164302,769,15310,4673,29142,2793,15367,21588,99672,0,1054,3642,2563,11416,10276,6457,39949,-78084,-1054,-64393,1079,1140,-14541,-24469,-12574,-33492,4
2022-07-16 04:00:00,110750,172100,1425,15890,7974,32110,3481,16774,21184,99504,0,1062,3971,2744,11443,10565,6730,39508,-78320,-1062,-61350,1227,878,-14465,-24136,-13293,-32778,3
2022-07-16 05:00:00,137789,187650,2950,16289,11347,34786,4714,17937,23256,100872,0,1160,4605,2912,11908,11041,6221,38223,-77616,-1160,-49861,1693,867,-13339,-23439,-13223,-32002,3
2022-07-16 06:00:00,176462,202683,4853,16549,12796,36441,6388,18493,33248,106196,0,1330,5015,3036,11783,11035,6098,36598,-72948,-1330,-26221,1979,748,-11696,-23645,-12105,-30500,3
2022-07-16 07:00:00,209793,211802,6167,16514,13856,36887,7254,18673,51980,113464,0,1494,4543,3310,12032,11604,5619,34827,-61484,-1494,-2009,1233,428,-10347,-23031,-11419,-29208,3
2022-07-16 08:00:00,232493,217954,7155,16488,14664,36691,7657,18899,62468,119680,0,1579,4092,3424,11903,11816,4291,32040,-57212,-1579,14539,668,87,-9333,-22027,-11242,-27749,2
2022-07-16 09:00:00,245533,220325,7755,16527,15164,36059,8061,18909,66492,123012,0,1615,4338,3191,11208,11590,4297,29843,-56520,-1615,25208,1147,-382,-8772,-20895,-10848,-25546,2
2022-07-16 10:00:00,251004,215753,7608,16359,15149,35432,7993,18473,66120,127028,0,1588,3040,3192,11111,11497,3616,28095,-60908,-1588,35251,-152,-386,-8751,-20283,-10480,-24479,2
2022-07-16 11:00:00,249124,207502,7244,16237,14848,35032,8129,18121,69024,130396,0,1581,3014,3076,10918,11684,3281,26513,-61372,-1581,41622,-62,-766,-8993,-20184,-9992,-23232,2
2022-07-16 12:00:00,237851,201802,6728,16851,14281,34977,7695,17923,70832,130280,0,1574,3082,2971,11182,11601,3121,25853,-59448,-1574,36049,111,-419,-10123,-20696,-10228,-22732,2
2022-07-16 13:00:00,228667,199099,5675,17241,13577,35742,7459,17871,71616,128448,0,1561,3991,2936,11703,11796,3110,26636,-56832,-1561,29568,1055,-93,-11566,-22165,-10412,-23526,2
2022-07-16 14:00:00,214777,198979,4413,17773,11816,37038,7376,18218,71452,127732,0,1585,4174,3130,11767,12046,2612,29325,-56280,-1585,15798,1044,-279,-13360,-25222,-10842,-26713,2
2022-07-16 15:00:00,186608,201316,3367,18116,11168,38167,6011,17633,66056,126492,0,1686,4109,3138,11485,12008,3026,34510,-60436,-1686,-14708,971,-523,-14749,-26999,-11622,-31484,3
2022-07-16 16:00:00,150160,199361,1943,18697,11117,38598,4875,17737,63760,125560,0,1781,4002,3062,11278,11612,2764,38535,-61800,-1781,-49201,940,-334,-16754,-27481,-12862,-35771,3
2022-07-16 17:00:00,121937,193620,1220,19011,9741,37704,4564,17724,58052,125860,0,1705,3933,2953,11302,11592,2379,42107,-67808,-1705,-71683,980,-290,-17791,-27963,-13160,-39728,3
2022-07-16 18:00:00,105799,183596,910,19267,8942,37219,4345,17596,47208,125404,0,1610,3781,2840,11298,11606,1908,45148,-78196,-1610,-77797,941,-308,-18357,-28277,-13251,-43240,3
2022-07-16 19:00:00,95703,178703,858,19060,7072,35338,4205,16852,40032,125492,0,1520,3646,2816,11427,11562,1580,46554,-85460,-1520,-83000,830,-135,-18202,-28266,-12647,-44974,3
2022-07-16 20:00:00,88395,175149,943,17913,5832,33072,4268,15731,40868,121984,0,1449,3522,2682,11554,11510,1281,46427,-81116,-1449,-86754,840,44,-16970,-27240,-11463,-45146,3
2022-07-16 21:00:00,82719,165228,835,16801,5782,30807,3946,14575,39344,114560,0,1388,3235,2520,11255,10780,1130,44774,-75216,-1388,-82509,715,475,-15966,-25025,-10629,-43644,3
2022-07-16 22:00:00,69917,156205,820,15723,5013,28978,3721,14065,37356,108304,0,1246,2837,2404,11206,10349,965,42953,-70948,-1246,-86288,433,857,-14903,-23965,-10344,-41988,4
2022-07-16 23:00:00,61299,149499,751,15000,4791,27746,3655,13693,36180,103008,0,1126,2802,2371,11198,10168,742,41351,-66828,-1126,-88200,431,1030,-14249,-22955,-10038,-40609,4
2022-07-17 00:00:00,54260,144803,739,14529,4566,26901,3289,13453,35892,97960,0,1071,2990,2316,11182,10283,753,40452,-62068,-1071,-90543,674,899,-13790,-22335,-10164,-39699,4
2022-07-17 01:00:00,51718,142371,701,14221,4336,26486,3064,13026,33784,94912,0,1052,3106,2311,10986,10248,726,39894,-61128,-1052,-90653,795,738,-13520,-22150,-9962,-39168,3
2022-07-17 02:00:00,52412,142960,686,14058,4917,26178,3021,12743,31440,92864,0,1027,3067,2233,10656,9955,639,39647,-61424,-1027,-90548,834,701,-13372,-21261,-9722,-39008,3
2022-07-17 03:00:00,53441,144098,861,13834,4931,25816,3132,13130,29572,91928,0,1003,2735,2324,10465,10236,582,38870,-62356,-1003,-90657,411,229,-12973,-20885,-9998,-38288,3
2022-07-17 04:00:00,61635,147704,1570,14243,7026,27189,3833,13869,27628,90724,0,985,2620,2514,10497,11027,703,36810,-63096,-985,-86069,106,-530,-12673,-20163,-10036,-36107,3
2022-07-17 05:00:00,80813,155810,3282,14480,10021,29163,5414,14719,29108,89904,0,1033,2943,2733,10625,11320,943,34299,-60796,-1033,-74997,210,-695,-11198,-19142,-9305,-33356,3
2022-07-17 06:00:00,115774,170832,5013,14810,12357,30301,6650,15308,41304,92924,0,1154,3295,2805,10554,11695,1307,32287,-51620,-1154,-55058,490,-1141,-9797,-17944,-8658,-30980,3
2022-07-17 07:00:00,151711,180917,6348,14974,14070,31226,7323,15541,56636,99132,0,1303,3642,2846,10958,12211,1460,30056,-42496,-1303,-29206,796,-1253,-8626,-17156,-8218,-28596,3
2022-07-17 08:00:00,185166,189233,7214,15113,14977,31765,7681,15850,63372,105520,0,1419,3717,2926,10736,11702,1705,27213,-42148,-1419,-4067,791,-966,-7899,-16788,-8169,-25508,3
2022-07-17 09:00:00,198757,194593,7593,15060,15898,32431,7745,15772,65520,109760,0,1477,3437,3242,10678,11582,1933,25193,-44240,-1477,4164,195,-904,-7467,-16533,-8027,-23260,2
2022-07-17 10:00:00,215513,192395,7709,14700,16552,32168,8205,16059,64204,114112,0,1490,3054,3293,10806,11466,2115,23985,-49908,-1490,23118,-239,-660,-6991,-15616,-7854,-21870,2
2022-07-17 11:00:00,220927,186785,7534,14402,16304,32170,8176,15927,65156,118776,0,1532,3024,3208,10941,11052,2210,23429,-53620,-1532,34142,-184,-111,-6868,-15866,-7751,-21219,2
2022-07-17 12:00:00,213484,182425,6908,14681,16064,32515,7757,15635,69428,120564,0,1477,3076,3133,11015,11198,2234,23844,-51136,-1477,31059,-57,-183,-7773,-16451,-7878,-21610,2
2022-07-17 13:00:00,197219,181733,5972,15264,14661,33080,6632,15456,71180,119452,0,1412,3489,2961,11084,11623,2019,25798,-48272,-1412,15486,528,-539,-9292,-18419,-8824,-23779,2
2022-07-17 14:00:00,169577,181892,4863,16304,12647,34365,5277,15591,73112,118484,0,1429,3362,3261,11262,12027,1858,29903,-45372,-1429,-12315,101,-765,-11441,-21718,-10314,-28045,3
2022-07-17 15:00:00,125829,184706,3353,17115,10879,35562,3979,16042,72364,117596,0,1534,3019,3388,11393,12208,1725,35605,-45232,-1534,-58877,-369,-815,-13762,-24683,-12063,-33880,3
2022-07-17 16:00:00,88870,186545,1663,17914,10320,36350,2846,16454,67840,118140,0,1661,2461,3268,11603,11918,1635,39491,-50300,-1661,-97675,-807,-315,-16251,-26030,-13608,-37856,4
2022-07-17 17:00:00,63930,183275,889,18358,9512,36260,2572,16769,59008,119364,0,1638,2225,3156,11418,11655,1271,42733,-60356,-1638,-119345,-931,-237,-17469,-26748,-14197,-41462,4
2022-07-17 18:00:00,52289,179004,678,18938,9271,36704,2597,17063,42876,120680,0,1593,2034,3100,11258,11528,996,45819,-77804,-1593,-126715,-1066,-270,-18260,-27433,-14466,-44823,4
2022-07-17 19:00:00,50353,179007,720,18741,8616,35483,2801,16684,38592,124340,0,786,1842,3036,11238,11398,1068,47852,-85748,-786,-128654,-1194,-160,-18021,-26867,-13883,-46784,4
2022-07-17 20:00:00,47491,175286,767,17442,6786,33092,1831,15605,40896,124528,0,759,2003,2854,10787,10894,1104,47773,-83632,-759,-127795,-851,-107,-16675,-26306,-13774,-46669,4
2022-07-17 21:00:00,41185,164163,744,16187,5872,30526,1443,14715,41472,118048,0,1469,1860,2707,10021,10543,1099,45769,-76576,-1469,-122978,-847,-522,-15443,-24654,-13272,-44670,4
2022-07-17 22:00:00,38132,158056,659,15144,5870,28653,1657,14276,37960,111348,0,1294,1700,2580,9825,10345,1372,43924,-73388,-1294,-119924,-880,-520,-14485,-22783,-12619,-42552,4
2022-07-17 23:00:00,41113,154759,642,14531,5841,27571,1735,14043,37144,104468,0,1185,1610,2476,9711,10343,2117,42122,-67324,-1185,-113646,-866,-632,-13889,-21730,-12308,-40005,4
2022-07-18 00:00:00,45104,151615,643,14277,5895,26965,1718,14091,38704,100192,0,1117,1545,2480,9646,9896,2897,41327,-61488,-1117,-106511,-935,-250,-13634,-21070,-12373,-38430,4
2022-07-18 01:00:00,50278,153795,637,14312,5979,27205,1652,14109,38612,98236,0,1094,1681,2474,9741,9685,3674,40772,-59624,-1094,-103517,-793,56,-13675,-21226,-12457,-37098,4
2022-07-18 02:00:00,54312,159487,642,14641,5875,28537,1861,14635,36748,97256,0,1062,1671,2600,9788,9998,4408,40882,-60508,-1062,-105175,-929,-210,-13999,-22662,-12774,-36474,4
2022-07-18 03:00:00,59556,174508,839,15678,6886,32611,2309,17209,34516,101032,0,1068,1895,2898,10779,11161,4669,41875,-66516,-1068,-114952,-1003,-382,-14839,-25725,-14900,-37206,4
2022-07-18 04:00:00,73494,201542,1608,17659,9121,38034,2987,19307,29652,109996,0,1116,2113,3269,11082,11834,3946,43859,-80344,-1116,-128048,-1156,-752,-16051,-28913,-16320,-39913,4
2022-07-18 05:00:00,96189,222006,3316,18335,12986,43369,4151,20746,31124,118156,0,1327,2313,3565,11501,12382,3872,45131,-87032,-1327,-125817,-1252,-881,-15019,-30383,-16595,-41259,4
2022-07-18 06:00:00,121538,232589,5026,18533,15448,45852,5340,20983,40144,126356,0,1610,2629,3673,11658,12863,3488,44703,-86212,-1610,-111051,-1044,-1205,-13507,-30404,-15643,-41215,3
2022-07-18 07:00:00,143909,240135,6230,18634,16736,46347,6490,20823,52436,133980,0,1827,3064,3718,11777,13106,2709,41996,-81544,-1827,-96226,-654,-1329,-12404,-29611,-14333,-39287,3
2022-07-18 08:00:00,167830,246131,7113,18591,18592,46832,7060,21021,60504,138560,0,1886,3387,3681,11877,13230,2594,39876,-78056,-1886,-78301,-294,-1353,-11478,-28240,-13961,-37282,3
2022-07-18 09:00:00,183104,251128,7468,18489,18078,46278,7041,21116,64388,142876,0,946,3815,3633,11781,13220,2559,37964,-78488,-946,-68024,182,-1439,-11021,-28200,-14075,-35405,3
2022-07-18 10:00:00,195730,251422,7803,18668,18147,46924,6888,21105,67400,146888,0,925,3953,3674,11596,12923,2902,36438,-79488,-925,-55692,279,-1327,-10865,-28777,-14217,-33536,3
2022-07-18 11:00:00,196727,247990,7901,18561,17349,47471,6593,20877,69976,149164,0,1835,3845,3601,11590,12747,2786,36098,-79188,-1835,-51263,244,-1157,-10660,-30122,-14284,-33312,3
2022-07-18 12:00:00,186018,243939,7489,18919,17133,47621,5769,20925,77468,149380,0,1749,3330,3463,11604,12508,2634,36160,-71912,-1749,-57921,-133,-904,-11430,-30488,-15156,-33526,3
2022-07-18 13:00:00,158850,237429,6552,19608,15842,48065,4615,20833,84404,148408,0,1740,3528,3488,11767,12607,2222,37721,-64004,-1740,-78579,40,-840,-13056,-32223,-16218,-35499,3
2022-07-18 14:00:00,130201,232319,5159,20229,14307,47543,3366,20794,88000,148188,0,1733,3328,3650,11812,12806,1835,40756,-60188,-1733,-102118,-322,-994,-15070,-33236,-17428,-38921,3
2022-07-18 15:00:00,107764,232360,3399,20630,14011,46631,2326,20846,89188,145960,0,1812,2716,3678,11814,12631,1631,45485,-56772,-1812,-124596,-962,-817,-17231,-32620,-18520,-43854,4
2022-07-18 16:00:00,88775,229189,1648,21234,14541,45945,1954,20926,87044,142184,0,1876,2361,3553,11534,12420,1250,48471,-55140,-1876,-140414,-1192,-886,-19586,-31404,-18972,-47221,4
2022-07-18 17:00:00,71228,224735,802,21387,13902,44731,1826,20996,80620,140168,0,1807,2078,3406,11305,12250,1061,51491,-59548,-1807,-153507,-1328,-945,-20585,-30829,-19170,-50430,4
2022-07-18 18:00:00,60126,216231,515,21470,11812,43614,1381,20735,68464,138004,0,1758,1935,3244,11037,11845,872,54233,-69540,-1758,-156105,-1309,-808,-20955,-31802,-19354,-53361,4
2022-07-18 19:00:00,55834,207859,483,20895,8424,40946,1232,19516,55496,137340,0,1718,1906,3192,11035,11679,1109,54558,-81844,-1718,-152025,-1286,-644,-20412,-32522,-18284,-53449,4
2022-07-18 20:00:00,51896,196889,507,19751,6896,37775,849,18117,50544,132864,0,1664,1912,3002,10631,11058,1545,53422,-82320,-1664,-144993,-1090,-427,-19244,-30879,-17268,-51877,4
2022-07-18 21:00:00,43278,183649,571,18662,5639,34720,1137,16884,47100,123580,0,1589,1815,2819,10057,10481,2037,50759,-76480,-1589,-140371,-1004,-424,-18091,-29081,-15747,-48722,4
2022-07-18 22:00:00,39847,174840,576,17378,5750,32686,1290,16333,46372,117876,0,1388,1368,2710,9854,10081,2434,48107,-71504,-1388,-134993,-1342,-227,-16802,-26936,-15043,-45673,4
2022-07-18 23:00:00,41912,168841,568,16377,6476,31310,1430,15923,45672,110784,0,638,1102,2664,9898,10144,2562,46384,-65112,-638,-126929,-1562,-246,-15809,-24834,-14493,-43822,4
2022-07-19 00:00:00,44834,166820,562,15842,6540,30592,1561,15840,44924,106024,0,0,1054,2612,9856,10013,2786,45098,-61100,0,-121986,-1558,-157,-15280,-24052,-14279,-42312,1
2022-07-19 01:00:00,46476,166706,487,15722,6637,30426,1666,15737,43508,103212,0,0,1026,2643,9715,9799,3190,44496,-59704,0,-120230,-1617,-84,-15235,-23789,-14071,-41306,1
2022-07-19 02:00:00,44776,171598,440,15975,6398,31334,1849,15958,40220,102512,0,0,901,2723,9789,9918,3526,44679,-62292,0,-126822,-1822,-129,-15535,-24936,-14109,-41153,1
2022-07-19 03:00:00,40948,183744,623,16780,6643,34489,2163,18038,38836,104676,0,0,919,3008,10336,10702,3483,45566,-65840,0,-142796,-2089,-366,-16157,-27846,-15875,-42083,1
2022-07-19 04:00:00,56331,209643,1444,18523,9012,39239,2714,20047,36832,112272,0,0,728,3434,10723,11816,3327,47060,-75440,0,-153312,-2706,-1093,-17079,-30227,-17333,-43733,1
2022-07-19 05:00:00,83237,229491,3170,19083,12574,44016,3637,21347,36536,118972,0,0,905,3700,10933,12412,3572,47847,-82436,0,-146254,-2795,-1479,-15913,-31442,-17710,-44275,1
2022-07-19 06:00:00,112125,241374,4924,19122,14776,46345,4672,21826,47012,126340,0,0,1038,3844,11105,12643,3990,47547,-79328,0,-129249,-2806,-1538,-14198,-31569,-17154,-43557,1
2022-07-19 07:00:00,137359,246911,6288,19211,15921,47087,5761,21843,62624,132236,0,0,1253,3887,11242,13047,3575,45362,-69612,0,-109552,-2634,-1805,-12923,-31166,-16082,-41787,1
2022-07-19 08:00:00,161188,253182,7240,19217,17186,47331,6740,22112,72188,137040,0,0,1556,3927,11371,12986,3257,42449,-64852,0,-91994,-2371,-1615,-11977,-30145,-15372,-39192,1
2022-07-19 09:00:00,181819,260137,7721,19289,17215,46516,7167,22268,78184,139696,0,0,1672,3894,11237,12586,3165,40196,-61512,0,-78318,-2222,-1349,-11568,-29301,-15101,-37031,1
2022-07-19 10:00:00,196032,259060,7863,19539,17591,46954,7048,22059,83936,143260,0,0,1793,3828,11398,12462,3295,38305,-59324,0,-63028,-2035,-1064,-11676,-29363,-15011,-35010,1
2022-07-19 11:00:00,200821,254773,7711,19523,17737,47983,6783,21844,87312,145844,0,0,1850,3744,11342,12374,3351,37537,-58532,0,-53952,-1894,-1032,-11812,-30246,-15061,-34186,1
2022-07-19 12:00:00,193774,250455,7178,19988,17312,48401,6113,21883,91428,145488,0,0,1827,3690,11167,12542,3507,37749,-54060,0,-56681,-1863,-1375,-12810,-31089,-15770,-34242,1
2022-07-19 13:00:00,174168,243923,6303,20533,16477,48834,5101,21748,94504,144344,0,0,1677,3696,11195,14097,3770,39324,-49840,0,-69755,-2019,-2902,-14230,-32357,-16647,-35554,1
2022-07-19 14:00:00,144003,237630,4890,21219,15174,48026,3795,21694,95884,143692,0,0,1601,3799,10896,14337,3803,42471,-47808,0,-93627,-2198,-3441,-16329,-32852,-17899,-38668,1
2022-07-19 15:00:00,125744,235664,3260,21621,14393,46892,2660,21531,91640,142544,0,0,1371,3785,10779,12788,4089,47043,-50904,0,-109920,-2414,-2009,-18361,-32499,-18871,-42954,1
2022-07-19 16:00:00,108964,232652,1606,22215,14192,46104,2349,21606,85924,139032,0,0,1202,3672,10430,12572,3941,49649,-53108,0,-123688,-2470,-2142,-20609,-31912,-19257,-45708,1
2022-07-19 17:00:00,97286,228576,861,22336,10919,44621,1962,21613,77892,136516,0,0,1079,3510,10327,12410,3730,52663,-58624,0,-131290,-2431,-2083,-21475,-33702,-19651,-48933,1
2022-07-19 18:00:00,96867,223024,670,22205,8864,43871,1737,21338,59076,134200,0,0,1251,3358,10292,12100,4324,54998,-75124,0,-126157,-2107,-1808,-21535,-35007,-19601,-50674,1
2022-07-19 19:00:00,102692,217481,667,21559,7542,41383,1367,20075,44516,132856,0,0,1693,3252,10351,11948,5268,55809,-88340,0,-114789,-1559,-1597,-20892,-33841,-18708,-50541,1
2022-07-19 20:00:00,113960,209761,663,20337,6710,38314,999,18565,43228,128244,0,0,2276,3028,10184,11285,6587,53902,-85016,0,-95801,-752,-1101,-19674,-31604,-17566,-47315,1
2022-07-19 21:00:00,122291,199281,679,19233,5669,35215,954,17229,42136,119696,0,0,2394,2850,9860,10735,7903,50545,-77560,0,-76990,-456,-875,-18554,-29546,-16275,-42642,1
2022-07-19 22:00:00,128640,191701,696,17955,6074,32851,1003,16412,35168,115564,0,0,2223,2786,9894,10521,8497,47732,-80396,0,-63061,-563,-627,-17259,-26777,-15409,-39235,1
2022-07-19 23:00:00,129845,183937,688,16921,5714,31558,1059,16127,31276,108844,0,0,2421,2616,9429,10361,9057,46365,-77568,0,-54092,-195,-932,-16233,-25844,-15068,-37308,1
2022-07-20 00:00:00,128685,181314,678,16330,5592,30791,1058,15981,27788,104564,0,0,2338,2687,9450,10118,11859,45538,-76776,0,-52629,-349,-668,-15652,-25199,-14923,-33679,1
2022-07-20 01:00:00,121655,180724,672,16232,5567,30704,1045,15814,25244,101952,0,0,1894,2771,9435,9749,10160,44794,-76708,0,-59069,-877,-314,-15560,-25137,-14769,-34634,1
2022-07-20 02:00:00,113952,184831,652,16467,5624,31554,1130,16088,24628,101096,0,0,1590,2855,10058,9841,9340,44945,-76468,0,-70879,-1265,217,-15815,-25930,-14958,-35605,4
2022-07-20 03:00:00,102214,195563,818,17258,5300,34510,1541,18279,24160,102948,0,0,1598,3136,10206,10206,9300,45970,-78788,0,-93349,-1538,0,-16440,-29210,-16738,-36670,1
2022-07-20 04:00:00,115064,220527,1503,19007,7975,39333,2583,20460,24256,110244,0,0,2151,3391,10730,11137,8687,47450,-85988,0,-105463,-1240,-407,-17504,-31358,-17877,-38763,1
2022-07-20 05:00:00,134361,239154,3076,19691,14292,44213,3830,21748,30396,117352,0,0,2795,3604,10989,12265,10619,49014,-86956,0,-104793,-809,-1276,-16615,-29921,-17918,-38395,1
2022-07-20 06:00:00,146446,250343,4740,19962,17148,46559,5099,22075,43056,123440,0,0,3399,3609,11212,12949,11678,49729,-80384,0,-103897,-210,-1737,-15222,-29411,-16976,-38051,1
2022-07-20 07:00:00,159606,257248,6085,20213,17739,47258,6026,22079,59176,127456,0,0,3706,3704,11365,13143,10222,46907,-68280,0,-97642,2,-1778,-14128,-29519,-16053,-36685,3
2022-07-20 08:00:00,180655,260802,6957,20441,18349,47773,6657,22436,64324,131556,0,0,3759,3697,10984,12859,9280,45059,-67232,0,-80147,62,-1875,-13484,-29424,-15779,-35779,3
2022-07-20 09:00:00,211145,266989,7433,20656,18622,46901,6988,22593,67764,138948,0,0,3855,3679,10636,12835,7933,42974,-71184,0,-55844,176,-2199,-13223,-28279,-15605,-35041,3
2022-07-20 10:00:00,225513,267761,7620,20900,17990,47281,6979,22499,69612,144908,0,0,3916,3659,10801,12888,6685,40830,-75296,0,-42248,257,-2087,-13280,-29291,-15520,-34145,3
2022-07-20 11:00:00,223016,264376,7422,20819,17979,48457,6647,22045,70264,147612,0,0,3755,3635,10895,12753,6617,40309,-77348,0,-41360,120,-1858,-13397,-30478,-15398,-33692,3
2022-07-20 12:00:00,207794,259292,6801,21299,18166,48956,6009,22197,68600,147964,0,0,3760,3533,10999,12824,6487,42183,-79364,0,-51498,227,-1825,-14498,-30790,-16188,-35696,3
2022-07-20 13:00:00,184270,254796,5891,21858,17137,49292,5028,22151,68632,146336,0,0,3643,3508,10940,12742,6083,42880,-77704,0,-70526,135,-1802,-15967,-32155,-17123,-36797,3
2022-07-20 14:00:00,156676,245934,4600,22319,16502,48847,3806,22117,70408,145640,0,0,3455,3617,11020,12911,5444,45018,-75232,0,-89258,-162,-1891,-17719,-32345,-18311,-39574,1
2022-07-20 15:00:00,131754,245040,2998,22629,14047,47771,2906,22001,71808,144568,0,0,3448,3635,11131,13033,4478,48738,-72760,0,-113286,-187,-1902,-19631,-33724,-19095,-44260,1
2022-07-20 16:00:00,121585,243144,1430,23146,12890,46867,2636,21954,71476,141808,0,0,2892,3587,10923,12821,3763,50580,-70332,0,-121559,-695,-1898,-21716,-33977,-19318,-46817,1
2022-07-20 17:00:00,115494,236660,697,23192,10800,45436,2686,21891,65664,139564,0,0,2975,3479,10719,12532,3471,53119,-73900,0,-121166,-504,-1813,-22495,-34636,-19205,-49648,1
2022-07-20 18:00:00,107147,225392,518,23012,8988,44515,2887,21578,54772,136884,0,0,2773,3473,10763,12233,3893,54565,-82112,0,-118245,-700,-1470,-22494,-35527,-18691,-50672,1
2022-07-20 19:00:00,108678,221764,550,22209,7628,41876,3275,20257,48048,135432,0,0,2542,3362,11016,11703,3516,54837,-87384,0,-113086,-820,-687,-21659,-34248,-16982,-51321,1
2022-07-20 20:00:00,98703,215207,641,20926,6507,38732,3460,18683,47980,129968,0,0,1832,3274,11025,10918,3110,53258,-81988,0,-116504,-1442,107,-20285,-32225,-15223,-50148,4
2022-07-20 21:00:00,92128,200095,621,19652,5017,35587,3569,17368,45604,120872,0,0,1484,2963,10430,10081,4194,50441,-75268,0,-107967,-1479,349,-19031,-30570,-13799,-46247,4
2022-07-20 22:00:00,95552,191293,562,18214,4927,33514,3401,16569,45060,116792,0,0,1045,2930,10282,9583,4806,47758,-71732,0,-95741,-1885,699,-17652,-28587,-13168,-42952,4
2022-07-20 23:00:00,96388,182523,531,17187,4948,32039,3410,16101,41968,108676,0,0,1056,2785,10132,9650,4370,45990,-66708,0,-86135,-1729,482,-16656,-27091,-12691,-41620,4
2022-07-21 00:00:00,100308,181297,510,16730,4875,31211,3602,16077,39356,104300,0,0,978,2814,9892,9464,3388,44894,-64944,0,-80989,-1836,428,-16220,-26336,-12475,-41506,4
2022-07-21 01:00:00,99526,180398,484,16528,5005,30902,3667,15934,38540,102768,0,0,1019,2809,9796,9071,3370,44254,-64228,0,-80872,-1790,725,-16044,-25897,-12267,-40884,4
2022-07-21 02:00:00,93570,184716,448,16726,5403,31646,3776,16196,35636,102152,0,0,842,2877,10096,9241,4238,44449,-66516,0,-91146,-2035,855,-16278,-26243,-12420,-40211,4
2022-07-21 03:00:00,79840,195989,618,17483,5646,34357,3965,18389,33016,104180,0,0,786,3135,10310,10388,3791,45370,-71164,0,-116149,-2349,-78,-16865,-28711,-14424,-41579,1
2022-07-21 04:00:00,78066,216766,1307,19333,7690,39507,4285,20673,32464,111312,0,0,867,3482,10250,11305,3887,47786,-78848,0,-138700,-2615,-1055,-18026,-31817,-16388,-43899,1
2022-07-21 05:00:00,96513,235512,2842,20196,12371,44299,5002,21948,33740,118420,0,0,1479,3702,10216,12312,3984,50826,-84680,0,-138999,-2223,-2096,-17354,-31928,-16946,-46842,1
2022-07-21 06:00:00,104481,246474,4499,20685,15217,46783,5847,22288,43672,125760,0,0,1779,3857,10264,12562,4189,53183,-82088,0,-141993,-2078,-2298,-16186,-31566,-16441,-48994,1
2022-07-21 07:00:00,114761,252403,5817,20989,15774,47810,6679,22241,60392,132824,0,0,1844,3896,9865,12739,5208,54926,-72432,0,-137642,-2052,-2874,-15172,-32036,-15562,-49718,1
2022-07-21 08:00:00,130622,257147,6750,21157,16611,48413,7418,22650,70776,138096,0,0,1876,3938,9967,13100,5422,55080,-67320,0,-126525,-2062,-3133,-14407,-31802,-15232,-49658,1
2022-07-21 09:00:00,143957,259497,7249,21361,16409,47787,7867,22684,73008,141708,0,0,2406,3777,9969,13030,6093,55417,-68700,0,-115540,-1371,-3061,-14112,-31378,-14817,-49324,1
2022-07-21 10:00:00,161334,261690,7393,21585,17133,48398,7953,22507,75108,146068,0,0,2879,3901,10094,12846,6684,55515,-70960,0,-100356,-1022,-2752,-14192,-31265,-14554,-48831,1
2022-07-21 11:00:00,170421,254586,7417,21512,18091,49425,7629,22390,75544,149164,0,0,2876,3771,9883,12390,7400,54872,-73620,0,-84165,-895,-2507,-14095,-31334,-14761,-47472,1
2022-07-21 12:00:00,171060,249385,6962,21885,18090,49779,6861,22555,76316,149620,0,0,2846,3595,9869,12034,8544,53286,-73304,0,-78325,-749,-2165,-14923,-31689,-15694,-44742,1
2022-07-21 13:00:00,172588,245844,6031,22585,17392,49991,5985,22572,78992,148208,0,0,2904,3630,9881,11990,9288,52906,-69216,0,-73256,-726,-2109,-16554,-32599,-16587,-43618,1
2022-07-21 14:00:00,152417,240239,4670,23031,16069,49443,4638,22422,80740,147424,0,0,2917,3708,9921,12521,9820,53146,-66684,0,-87822,-791,-2600,-18361,-33374,-17784,-43326,1
2022-07-21 15:00:00,125197,237244,3010,23360,15024,48137,3344,22244,79912,146628,0,0,2560,3721,9703,12325,10734,54705,-66716,0,-112047,-1161,-2622,-20350,-33113,-18900,-43971,1
2022-07-21 16:00:00,105231,233494,1421,23910,15339,47394,3082,22212,80188,143596,0,0,2209,3614,9533,12127,10690,53714,-63408,0,-128263,-1405,-2594,-22489,-32055,-19130,-43024,1
2022-07-21 17:00:00,95471,228269,690,23925,13755,46063,2930,22088,71780,141416,0,0,1958,3496,9549,11751,9267,52827,-69636,0,-132798,-1538,-2202,-23235,-32308,-19158,-43560,1
2022-07-21 18:00:00,85099,218344,516,23806,11707,45139,2665,21800,57188,138340,0,0,2284,3352,9566,11510,7292,51668,-81152,0,-133245,-1068,-1944,-23290,-33432,-19135,-44376,1
2022-07-21 19:00:00,80770,211812,542,22935,9647,42246,2355,20530,49624,136548,0,0,2031,3208,9936,11613,6532,50590,-86924,0,-131042,-1177,-1677,-22393,-32599,-18175,-44058,1
2022-07-21 20:00:00,75035,201440,647,21626,7821,39332,1908,18949,48008,132024,0,0,2078,2995,10055,11021,6014,49474,-84016,0,-126405,-917,-966,-20979,-31511,-17041,-43460,1
2022-07-21 21:00:00,66177,187007,775,20185,4785,36253,1841,17706,45356,123476,0,0,2139,2821,10112,10357,5089,47844,-78120,0,-120830,-682,-245,-19410,-31468,-15865,-42755,1
2022-07-21 22:00:00,65128,178044,897,18704,5065,33845,1304,16841,44964,119276,0,0,2192,2699,10019,10292,4587,45428,-74312,0,-112916,-507,-273,-17807,-28780,-15537,-40841,1
2022-07-21 23:00:00,66327,172898,806,17524,5057,32685,1353,16516,41048,111980,0,0,2318,2608,9872,9875,4098,43762,-70932,0,-106571,-290,-3,-16718,-27628,-15163,-39664,1
2022-07-22 00:00:00,70786,171649,613,16957,5424,31806,1543,16388,37712,107180,0,0,2558,2556,9913,9569,3456,42896,-69468,0,-100863,2,344,-16344,-26382,-14845,-39440,4
2022-07-22 01:00:00,75094,171661,571,16799,5676,31632,1457,16373,36748,105104,0,0,2782,2573,10053,9743,2932,42510,-68356,0,-96567,209,310,-16228,-25956,-14916,-39578,4
2022-07-22 02:00:00,74403,175904,513,17018,6049,32355,1558,16536,35696,104416,0,0,2846,2638,10204,10117,2571,42798,-68720,0,-101501,208,87,-16505,-26306,-14978,-40227,3
2022-07-22 03:00:00,66961,187534,683,17741,5807,35151,2049,18763,33724,106484,0,0,3000,2877,10589,10822,2494,43887,-72760,0,-120573,123,-233,-17058,-29344,-16714,-41393,3
2022-07-22 04:00:00,70977,210177,1386,19578,8440,40136,2606,20803,31180,113720,0,0,3201,3193,10863,11429,1877,45715,-82540,0,-139200,8,-566,-18192,-31696,-18197,-43838,3
2022-07-22 05:00:00,91917,227881,2854,20438,12940,45212,3573,21957,33456,120096,0,0,3272,3464,11112,12041,1819,47861,-86640,0,-135964,-192,-929,-17584,-32272,-18384,-46042,1
2022-07-22 06:00:00,112824,239801,4525,20900,16673,47949,4589,22292,43352,127128,0,0,3311,3592,11212,12300,1736,48359,-83776,0,-126977,-281,-1088,-16375,-31276,-17703,-46623,1
2022-07-22 07:00:00,131932,244680,5841,21213,17916,48892,5721,22443,55228,133104,0,0,3356,3647,11344,12567,1940,47566,-77876,0,-112748,-291,-1223,-15372,-30976,-16722,-45626,1
2022-07-22 08:00:00,151714,248689,6716,21451,18634,49608,6197,22749,64972,138840,0,0,3433,3576,11503,13078,1981,45341,-73868,0,-96975,-143,-1575,-14735,-30974,-16552,-43360,1
2022-07-22 09:00:00,164608,250226,7151,21775,18497,48696,6508,23078,68904,143788,0,0,3519,3524,11587,13029,1888,43309,-74884,0,-85618,-5,-1442,-14624,-30199,-16570,-41421,1
2022-07-22 10:00:00,177781,247944,7284,22011,18942,49202,6419,22921,74060,148352,0,0,3676,3546,11590,12976,1737,41129,-74292,0,-70163,130,-1386,-14727,-30260,-16502,-39392,3
2022-07-22 11:00:00,187004,241241,7129,21852,20003,50252,6224,22713,76576,149876,0,0,3779,3498,11499,12798,1619,40356,-73300,0,-54237,281,-1299,-14723,-30249,-16489,-38737,3
2022-07-22 12:00:00,185914,237207,6630,22241,18893,50287,5643,22723,77488,148900,0,0,3722,3407,11306,12291,1921,39954,-71412,0,-51293,315,-985,-15611,-31394,-17080,-38033,3
2022-07-22 13:00:00,172793,232574,5756,22984,18306,50205,4870,22594,78652,146904,0,0,3634,3430,11275,12097,2249,41088,-68252,0,-59781,204,-822,-17228,-31899,-17724,-38839,3
2022-07-22 14:00:00,148632,229739,4393,23503,17020,49532,3807,22456,82332,144756,0,0,3175,3562,11226,12427,2344,42372,-62424,0,-81107,-387,-1201,-19110,-32512,-18649,-40028,1
2022-07-22 15:00:00,115738,227210,2761,23751,15259,48351,2569,22178,84220,143252,0,0,2922,3586,11194,12451,2401,45494,-59032,0,-111472,-664,-1257,-20990,-33092,-19609,-43093,1
2022-07-22 16:00:00,96133,223979,1300,24143,14376,47217,1944,21894,85308,140448,0,0,2952,3410,10972,12084,2522,46932,-55140,0,-127846,-458,-1112,-22843,-32841,-19950,-44410,1
2022-07-22 17:00:00,83218,217625,602,23944,11964,45666,1916,21701,79896,138192,0,0,2693,3254,10798,11734,2511,48615,-58296,0,-134407,-561,-936,-23342,-33702,-19785,-46104,1
2022-07-22 18:00:00,70293,207161,385,23665,10287,44654,1545,21400,64632,134384,0,0,2363,3132,10728,11280,2308,49345,-69752,0,-136868,-769,-552,-23280,-34367,-19855,-47037,1
2022-07-22 19:00:00,65328,200442,380,22912,7893,42155,1240,20215,57000,131672,0,0,2185,3066,10518,10686,1784,49346,-74672,0,-135114,-881,-168,-22532,-34262,-18975,-47562,1
2022-07-22 20:00:00,56492,190723,384,21716,7120,39327,1119,18761,57324,126476,0,0,2104,2893,10349,10166,1307,48406,-69152,0,-134231,-789,183,-21332,-32207,-17642,-47099,4
2022-07-22 21:00:00,47149,177486,394,20317,5178,36213,921,17476,55712,118544,0,0,1900,2714,10506,9841,1279,46453,-62832,0,-130337,-814,665,-19923,-31035,-16555,-45174,4
2022-07-22 22:00:00,45350,167858,392,18863,5415,33999,844,16631,52812,115696,0,0,1798,2573,10429,9892,1169,43952,-62884,0,-122508,-775,537,-18471,-28584,-15787,-42783,4
2022-07-22 23:00:00,39394,162568,432,17625,5756,32366,726,16115,48828,107692,0,0,1706,2470,10380,9815,1191,42383,-58864,0,-123174,-764,565,-17193,-26610,-15389,-41192,4
2022-07-23 00:00:00,38525,157249,456,16953,5646,31542,648,15948,46080,102384,0,0,1591,2457,10240,9794,954,41595,-56304,0,-118724,-866,446,-16497,-25896,-15300,-40641,4
2022-07-23 01:00:00,41392,155266,476,16611,5412,30945,622,15579,43132,98588,0,0,1551,2452,9975,9662,698,40707,-55456,0,-113874,-901,313,-16135,-25533,-14957,-40009,4
2022-07-23 02:00:00,43285,154385,525,16434,5222,30505,752,15332,40352,95864,0,0,1576,2443,9739,9580,633,40324,-55512,0,-111100,-867,159,-15909,-25283,-14580,-39691,4
2022-07-23 03:00:00,47006,155884,695,16254,5702,30906,1219,16174,38032,94428,0,0,1784,2505,9857,9755,725,39889,-56396,0,-108878,-721,102,-15559,-25204,-14955,-39164,4
2022-07-23 04:00:00,55422,163855,1371,17037,8014,33692,2200,17541,34836,95132,0,0,1965,2730,10405,10548,1038,38741,-60296,0,-108433,-765,-143,-15666,-25678,-15341,-37703,1
2022-07-23 05:00:00,66893,174921,2859,17691,10798,36795,3405,18796,33224,96844,0,0,2194,2970,10650,11379,1445,36764,-63620,0,-108028,-776,-729,-14832,-25997,-15391,-35319,1
2022-07-23 06:00:00,82491,186724,4547,18445,12575,39009,4445,19608,42112,102468,0,0,2359,3164,10574,11746,1496,35320,-60356,0,-104233,-805,-1172,-13898,-26434,-15163,-33824,1
2022-07-23 07:00:00,105185,197201,5914,19197,14089,39755,4970,19857,55632,109868,0,0,2486,3263,10640,11815,1836,33533,-54236,0,-92016,-777,-1175,-13283,-25666,-14887,-31697,1
2022-07-23 08:00:00,130750,205749,6871,19591,15500,39902,5172,20097,63028,116568,0,0,2464,3283,10626,11712,1744,30935,-53540,0,-74999,-819,-1086,-12720,-24402,-14925,-29191,1
2022-07-23 09:00:00,154692,209825,7348,19814,16719,39413,5174,20086,62948,120348,0,0,2509,3236,10700,11870,1869,28524,-57400,0,-55133,-727,-1170,-12466,-22694,-14912,-26655,1
2022-07-23 10:00:00,174312,210728,7426,19863,16990,38681,5092,19835,64284,123908,0,0,2534,3257,10677,12017,1813,26869,-59624,0,-36416,-723,-1340,-12437,-21691,-14743,-25056,1
2022-07-23 11:00:00,191218,205903,7040,19737,16412,38369,5228,19653,66060,126740,0,0,2584,3283,10680,11965,1737,25790,-60680,0,-14685,-699,-1285,-12697,-21957,-14425,-24053,1
2022-07-23 12:00:00,190216,201657,6395,19962,15970,38440,4802,19548,68112,126488,0,0,2645,3313,10628,11990,1703,26133,-58376,0,-11441,-668,-1362,-13567,-22470,-14746,-24430,1
2022-07-23 13:00:00,180822,196719,5698,20532,13940,39209,4233,19530,68424,125416,0,0,2949,3320,10620,12070,1623,28116,-56992,0,-15897,-371,-1450,-14834,-25269,-15297,-26493,1
2022-07-23 14:00:00,161001,195705,4518,21127,11310,40182,3282,19112,68536,123976,0,0,2953,3363,10672,12288,1590,31836,-55440,0,-34704,-410,-1616,-16609,-28872,-15830,-30246,1
2022-07-23 15:00:00,126469,196721,2738,21396,11073,41132,3220,19020,68196,123112,0,0,2973,3408,10636,12214,1427,36304,-54916,0,-70252,-435,-1578,-18658,-30059,-15800,-34877,1
2022-07-23 16:00:00,101002,195834,1313,21342,11096,41124,2565,18601,65892,123372,0,0,2929,3271,10572,11930,1168,39943,-57480,0,-94832,-342,-1358,-20029,-30028,-16036,-38775,1
2022-07-23 17:00:00,85416,191211,781,21005,10648,40340,2355,18445,57672,123876,0,0,2755,3111,10559,11765,1212,43222,-66204,0,-105795,-356,-1206,-20224,-29692,-16090,-42010,1
2022-07-23 18:00:00,72227,182873,717,21083,9992,39664,2507,18389,44848,122904,0,0,2460,3018,10557,11659,1531,45935,-78056,0,-110646,-558,-1102,-20366,-29672,-15882,-44404,1
2022-07-23 19:00:00,68228,179884,774,20540,7418,37491,2654,17543,37312,123048,0,0,2189,2970,10587,11555,1902,47095,-85736,0,-111656,-781,-968,-19766,-30073,-14889,-45193,1
2022-07-23 20:00:00,61885,173736,968,19149,6431,35123,2494,16219,34924,119312,0,0,1910,2810,10418,11124,2878,46779,-84388,0,-111851,-900,-706,-18181,-28692,-13725,-43901,1
2022-07-23 21:00:00,47751,163832,1112,17960,6372,32638,2694,15101,33184,112708,0,0,1651,2656,9616,10698,4087,45085,-79524,0,-116081,-1005,-1082,-16848,-26266,-12407,-40998,1
2022-07-23 22:00:00,45481,153914,1240,16814,6274,30819,2643,14589,28876,107160,0,0,1560,2558,9338,10311,5118,42766,-78284,0,-108433,-998,-973,-15574,-24545,-11946,-37648,1
2022-07-23 23:00:00,43766,146338,1401,15999,6600,29413,2381,14149,24732,101088,0,0,1462,2480,9114,10183,5898,41089,-76356,0,-102572,-1018,-1069,-14598,-22813,-11768,-35191,1
2022-07-24 00:00:00,46252,143306,1124,15452,7088,28604,2213,14019,21228,96396,0,0,1412,2427,9046,10030,6141,39857,-75168,0,-97054,-1015,-984,-14328,-21516,-11806,-33716,1
2022-07-24 01:00:00,50661,142226,896,15121,7335,28145,2285,13654,20092,92932,0,0,1503,2406,8956,9759,6110,39262,-72840,0,-91565,-903,-803,-14225,-20810,-11369,-33152,1
2022-07-24 02:00:00,56690,142161,862,15064,7142,27751,2525,13298,19484,90980,0,0,1591,2349,9081,9531,5865,38929,-71496,0,-85471,-758,-450,-14202,-20609,-10773,-33064,1
2022-07-24 03:00:00,64266,143169,1070,14854,7307,27119,2576,13592,18628,89984,0,0,1766,2433,9312,9623,5887,38294,-71356,0,-78903,-667,-311,-13784,-19812,-11016,-32407,1
2022-07-24 04:00:00,77396,148960,1649,15396,8315,28344,3135,14371,18720,89160,0,0,1822,2565,9784,9902,6391,37168,-70440,0,-71564,-743,-118,-13747,-20029,-11236,-30777,1
2022-07-24 05:00:00,99136,159713,2421,16002,10649,30431,4310,15160,19004,88644,0,0,2103,2758,10242,10378,6798,34782,-69640,0,-60577,-655,-136,-13581,-19782,-10850,-27984,1
2022-07-24 06:00:00,127468,173035,3536,16637,12698,31944,5364,15831,29820,92424,0,0,2355,2921,10520,10837,7178,33552,-62604,0,-45567,-566,-317,-13101,-19246,-10467,-26374,1
2022-07-24 07:00:00,166401,183454,4867,17332,14421,33025,5798,16014,46516,98268,0,0,2725,3025,10664,11271,7564,31164,-51752,0,-17053,-300,-607,-12465,-18604,-10216,-23600,1
2022-07-24 08:00:00,203867,191840,5772,17715,15870,33886,6327,16398,56636,103540,0,0,2871,3014,10835,11297,7364,28742,-46904,0,12027,-143,-462,-11943,-18016,-10071,-21378,2
2022-07-24 09:00:00,218284,196322,6279,17623,16943,34683,6799,16599,61332,107568,0,0,3223,3138,10782,11199,5619,26730,-46236,0,21962,85,-417,-11344,-17740,-9800,-21111,2
2022-07-24 10:00:00,227795,193467,6759,17640,17669,34604,7039,16605,67100,111268,0,0,3365,3177,10795,11084,5223,25392,-44168,0,34328,188,-289,-10881,-16935,-9566,-20169,2
2022-07-24 11:00:00,225899,188388,6754,17323,17525,34568,6943,16398,72028,115584,0,0,3352,3256,10842,11275,3623,24503,-43556,0,37511,96,-433,-10569,-17043,-9455,-20880,2
2022-07-24 12:00:00,216536,185143,6288,17311,16862,34782,6462,16355,74972,117880,0,0,3341,3195,11150,11332,4263,26286,-42908,0,31393,146,-182,-11023,-17920,-9893,-22023,2
2022-07-24 13:00:00,197585,182364,5687,17820,14943,35651,5359,16259,76960,117256,0,0,3230,3193,11406,11551,5995,26679,-40296,0,15221,37,-145,-12133,-20708,-10900,-20684,2
2022-07-24 14:00:00,164421,183114,4743,18585,13105,36778,4129,16481,78332,116388,0,0,3207,3395,11668,11601,6804,30232,-38056,0,-18693,-188,67,-13842,-23673,-12352,-23428,4
2022-07-24 15:00:00,121615,184520,3321,19223,11053,38083,2529,16858,79340,115904,0,0,2899,3392,11759,11669,5999,35593,-36564,0,-62905,-493,90,-15902,-27030,-14329,-29594,4
2022-07-24 16:00:00,87915,184540,1725,19878,10327,38942,1558,17183,74356,116552,0,0,2614,3270,11737,11685,5030,40299,-42196,0,-96625,-656,52,-18153,-28615,-15625,-35269,4
2022-07-24 17:00:00,72562,184296,871,20099,8972,38833,1479,17326,63400,117404,0,0,2349,3147,11628,11501,4091,44385,-54004,0,-111734,-798,127,-19228,-29861,-15847,-40294,4
2022-07-24 18:00:00,69220,180778,581,20399,7808,39362,1372,17674,48560,118752,0,0,2233,3099,11592,11209,3167,47519,-70192,0,-111558,-866,383,-19818,-31554,-16302,-44352,4
2022-07-24 19:00:00,70830,181113,629,19921,7630,38061,1529,17151,39444,122128,0,0,2084,3039,11459,10755,2641,48854,-82684,0,-110283,-955,704,-19292,-30431,-15622,-46213,4
2022-07-24 20:00:00,70026,179240,663,18468,6374,35448,1027,16071,39964,122812,0,0,2094,2822,11485,10080,2911,48845,-82848,0,-109214,-728,1405,-17805,-29074,-15044,-45934,4
2022-07-24 21:00:00,70661,170093,625,17134,5328,32605,1462,14946,38580,116460,0,0,2280,2650,10259,9994,3761,46906,-77880,0,-99432,-370,265,-16509,-27277,-13484,-43145,4
2022-07-24 22:00:00,80029,162844,578,15959,5400,30597,1521,14397,35808,109044,0,0,2435,2650,10055,9741,3573,44459,-73236,0,-82815,-215,314,-15381,-25197,-12876,-40886,4
2022-07-24 23:00:00,96227,162017,563,15221,5823,29408,1725,14072,33704,102192,0,0,2529,2602,9955,9754,3384,43187,-68488,0,-65790,-73,201,-14658,-23585,-12347,-39803,4
2022-07-25 00:00:00,106145,160200,564,14942,6090,28596,2004,14035,31756,97828,0,0,2732,2589,9900,9880,2548,42602,-66072,0,-54055,143,20,-14378,-22506,-12031,-40054,3
2022-07-25 01:00:00,104775,161049,565,14794,6224,28472,2199,14142,30112,95024,0,0,3001,2645,9787,9664,2402,42523,-64912,0,-56274,356,123,-14229,-22248,-11943,-40121,3
2022-07-25 02:00:00,103544,169548,588,15151,6327,29892,2346,14555,29008,93564,0,0,2965,2677,9920,9847,3494,42887,-64556,0,-66004,288,73,-14563,-23565,-12209,-39393,3
2022-07-25 03:00:00,101812,181543,797,16186,5892,33829,2656,16866,27788,95704,0,0,2990,2825,10664,10823,4187,43523,-67916,0,-79731,165,-159,-15389,-27937,-14210,-39336,3
2022-07-25 04:00:00,107717,209395,1543,18224,8673,39490,3427,19229,27820,102472,0,0,2977,3167,11081,11495,5089,45103,-74652,0,-101678,-190,-414,-16681,-30817,-15802,-40014,1
2022-07-25 05:00:00,123651,228739,3164,19006,13077,45011,4543,20648,31192,108184,0,0,2896,3450,11352,12432,6609,47160,-76992,0,-105088,-554,-1080,-15842,-31934,-16105,-40551,1
2022-07-25 06:00:00,141590,241828,4958,19294,16400,47851,5757,21213,39952,114556,0,0,3062,3635,11657,13155,7769,48827,-74604,0,-100238,-573,-1498,-14336,-31451,-15456,-41058,1
2022-07-25 07:00:00,157155,251544,6392,19363,17682,48820,7044,21167,52744,122304,0,0,2845,3782,11627,13475,8222,47539,-69560,0,-94389,-937,-1848,-12971,-31138,-14123,-39317,1
2022-07-25 08:00:00,183430,257931,7234,19430,18258,49518,8018,21343,62344,128812,0,0,2688,3789,11729,13410,10474,44487,-66468,0,-74501,-1101,-1681,-12196,-31260,-13325,-34013,1
2022-07-25 09:00:00,213485,266915,7631,19760,17914,48776,8273,21482,66500,133632,0,0,2505,3795,11865,13419,12644,42622,-67132,0,-53430,-1290,-1554,-12129,-30862,-13209,-29978,1
2022-07-25 10:00:00,234135,266399,7852,20109,18600,49500,8160,21373,70020,137252,0,0,2612,3853,12163,13467,14321,42911,-67232,0,-32264,-1241,-1304,-12257,-30900,-13213,-28590,1
2022-07-25 11:00:00,240602,263510,7724,20260,19992,51106,7866,21133,72180,140744,0,0,2638,3736,12223,13196,14662,43653,-68564,0,-22908,-1098,-973,-12536,-31114,-13267,-28991,1
2022-07-25 12:00:00,234658,259332,7270,20712,19628,51517,7297,21511,76616,141168,0,0,2406,3677,12393,13267,15588,42493,-64552,0,-24674,-1271,-874,-13442,-31889,-14214,-26905,1
2022-07-25 13:00:00,226770,256224,6378,21426,18743,51761,6229,21496,78020,139144,0,0,2303,3652,12279,12947,16088,41678,-61124,0,-29454,-1349,-668,-15048,-33018,-15267,-25590,1
2022-07-25 14:00:00,206195,252031,4987,21997,17501,50802,4821,21461,80196,138568,0,0,2483,3875,12339,13036,16240,42265,-58372,0,-45836,-1392,-697,-17010,-33301,-16640,-26025,1
2022-07-25 15:00:00,176413,249754,3266,22358,15959,49825,3458,21341,78148,137244,0,0,2945,3888,12308,13001,16310,46446,-59096,0,-73341,-943,-693,-19092,-33866,-17883,-30136,1
2022-07-25 16:00:00,156970,247531,1541,23033,15323,48832,3077,21310,75764,135300,0,0,2601,3689,12301,12805,15610,48300,-59536,0,-90561,-1088,-504,-21492,-33509,-18233,-32690,1
2022-07-25 17:00:00,140986,241055,865,23030,13433,47432,3638,21236,67836,133780,0,0,2346,3457,12010,12474,15029,50058,-65944,0,-100069,-1111,-464,-22165,-33999,-17598,-35029,1
2022-07-25 18:00:00,123117,226060,826,22732,11676,45913,3964,21094,55936,131856,0,0,1819,3269,11734,12182,13240,50405,-75920,0,-102943,-1450,-448,-21906,-34237,-17130,-37165,1
2022-07-25 19:00:00,110867,217995,918,22005,8934,42476,4027,19669,48596,131812,0,0,1869,3159,11280,11814,11934,50201,-83216,0,-107128,-1290,-534,-21087,-33542,-15642,-38267,1
2022-07-25 20:00:00,102559,204537,983,20552,7335,39321,3802,18078,49288,129052,0,0,2298,2892,10524,10886,10073,49009,-79764,0,-101978,-594,-362,-19569,-31986,-14276,-38936,1
2022-07-25 21:00:00,93261,189895,1004,19284,7832,36238,3924,16936,48812,121424,0,0,2329,2673,9852,10553,7267,46850,-72612,0,-96634,-344,-701,-18280,-28406,-13012,-39583,1
2022-07-25 22:00:00,86412,180949,1041,17903,8531,34110,4416,16386,42912,116036,0,0,2363,2541,9508,10269,7221,44443,-73124,0,-94537,-178,-761,-16862,-25579,-11970,-37222,1
2022-07-25 23:00:00,84854,174831,1066,16891,9151,32902,4132,16007,39324,109168,0,0,2975,2460,9058,10253,8999,43267,-69844,0,-89977,515,-1195,-15825,-23751,-11875,-34268,3
2022-07-26 00:00:00,82338,171184,1054,16334,9302,32121,3630,15865,38160,104516,0,0,3046,2438,8899,10235,8378,42675,-66356,0,-88846,608,-1336,-15280,-22819,-12235,-34297,3
2022-07-26 01:00:00,83661,173301,894,16222,8993,31863,3362,15787,37644,101756,0,0,3298,2441,8917,10212,6689,41956,-64112,0,-89640,857,-1295,-15328,-22870,-12425,-35267,3
2022-07-26 02:00:00,84572,179797,912,16567,8549,32512,3356,16084,36960,100308,0,0,3780,2510,9271,10176,6135,42109,-63348,0,-95225,1270,-905,-15655,-23963,-12728,-35974,3
2022-07-26 03:00:00,90926,191615,1265,17281,7636,35344,3103,18040,35664,102092,0,0,3964,2768,9750,10559,5523,42492,-66428,0,-100689,1196,-809,-16016,-27708,-14937,-36969,3
2022-07-26 04:00:00,112121,213207,1845,19022,9682,40234,3315,19867,33348,109624,0,0,4234,3197,10695,11590,5171,44559,-76276,0,-101086,1037,-895,-17177,-30552,-16552,-39388,3
2022-07-26 05:00:00,132118,229537,2902,19890,13186,45102,3978,21013,41184,117632,0,0,4651,3407,11385,12284,6003,47029,-76448,0,-97419,1244,-899,-16988,-31916,-17035,-41026,3
2022-07-26 06:00:00,146904,241764,4300,20317,15649,48014,4861,21709,50692,124736,0,0,5567,3930,11553,12516,6721,48504,-74044,0,-94860,1637,-963,-16017,-32365,-16848,-41783,3
2022-07-26 07:00:00,164624,247717,5567,20455,15626,48837,5193,21545,65216,130800,0,0,5428,4204,11849,12553,7062,47005,-65584,0,-83093,1224,-704,-14888,-33211,-16352,-39943,3
2022-07-26 08:00:00,184837,253724,6319,20791,16555,49505,5241,21924,73448,135220,0,0,5691,4250,11852,12445,6825,45474,-61772,0,-68887,1441,-593,-14472,-32950,-16683,-38649,3
2022-07-26 09:00:00,201041,259736,6036,21523,17426,48823,5234,22252,76516,139692,0,0,5765,4162,11902,12488,6605,44540,-63176,0,-58695,1603,-586,-15487,-31397,-17018,-37935,3
2022-07-26 10:00:00,213713,257680,5612,21583,18018,49599,5248,22286,77832,143792,0,0,5650,4171,11753,12456,5996,42689,-65960,0,-43967,1479,-703,-15971,-31581,-17038,-36693,3
2022-07-26 11:00:00,210199,252099,5151,21241,18315,50738,5201,22008,78024,146160,0,0,5475,4145,11619,12251,5457,41661,-68136,0,-41900,1330,-632,-16090,-32423,-16807,-36204,3
2022-07-26 12:00:00,203751,247962,4031,21536,17686,51056,4831,21914,79928,145868,0,0,5108,4101,11630,11918,5381,40994,-65940,0,-44211,1007,-288,-17505,-33370,-17083,-35613,3
2022-07-26 13:00:00,194565,240652,3187,21781,17297,51369,4152,21523,82512,144604,0,0,4784,3975,11746,12020,5481,40957,-62092,0,-46087,809,-274,-18594,-34072,-17371,-35476,3
2022-07-26 14:00:00,178660,235923,2397,21653,16351,50608,3838,21087,80580,143676,0,0,4416,4065,11891,12510,5876,42246,-63096,0,-57263,351,-619,-19256,-34257,-17249,-36370,3
2022-07-26 15:00:00,148543,231680,1906,21236,14824,48902,3365,20783,81112,142220,0,0,4106,3984,11903,12503,5467,45246,-61108,0,-83137,122,-600,-19330,-34078,-17418,-39779,3
2022-07-26 16:00:00,127833,227472,1297,21228,13997,47504,2790,20719,81868,139712,0,0,4487,3720,11513,12437,5053,46754,-57844,0,-99639,767,-924,-19931,-33507,-17929,-41701,3
2022-07-26 17:00:00,111735,220413,746,21166,11809,45992,2624,20790,75748,137964,0,0,4605,3514,11036,12028,4846,47949,-62216,0,-108678,1091,-992,-20420,-34183,-18166,-43103,3
2022-07-26 18:00:00,97646,211020,588,21370,9555,44711,2253,20381,65296,135340,0,0,4830,3382,10915,11680,4062,48766,-70044,0,-113374,1448,-765,-20782,-35156,-18128,-44704,3
2022-07-26 19:00:00,91166,205543,619,20786,6824,41473,2355,19104,54756,134252,0,0,4826,3273,10859,11731,3601,48954,-79496,0,-114377,1553,-872,-20167,-34649,-16749,-45353,3
2022-07-26 20:00:00,84078,194309,624,19817,6795,38713,2495,17794,54096,129344,0,0,4571,3117,10302,11389,3105,48274,-75248,0,-110231,1454,-1087,-19193,-31918,-15299,-45169,3
2022-07-26 21:00:00,74824,182993,602,18780,6602,35887,2361,16573,53908,120836,0,0,4621,2972,9314,10799,2787,46487,-66928,0,-108169,1649,-1485,-18178,-29285,-14212,-43700,3
2022-07-26 22:00:00,71525,175009,508,17591,6730,33764,2165,15928,47516,116016,0,0,4490,2821,9325,10546,2582,44144,-68500,0,-103484,1669,-1221,-17083,-27034,-13763,-41562,3
2022-07-26 23:00:00,69427,167708,515,16475,7049,32380,1941,15750,45596,109340,0,0,4460,2773,9457,10424,2419,42826,-63744,0,-98281,1687,-967,-15960,-25331,-13809,-40407,3
2022-07-27 00:00:00,71931,165456,513,16002,6488,31571,1943,15666,45104,104856,0,0,4288,2758,9360,10076,2431,41957,-59752,0,-93525,1530,-716,-15489,-25083,-13723,-39526,3
2022-07-27 01:00:00,74728,166345,507,15930,6551,31382,2052,15728,41612,102100,0,0,4347,2758,9523,10060,2591,41488,-60488,0,-91617,1589,-537,-15423,-24831,-13676,-38897,3
2022-07-27 02:00:00,79786,171592,507,16192,5960,32182,2193,15753,40788,101136,0,0,4392,2796,9709,10206,3046,41430,-60348,0,-91806,1596,-497,-15685,-26222,-13560,-38384,3
2022-07-27 03:00:00,79891,185342,658,16878,5523,35039,2309,17781,41736,103340,0,0,4262,3092,10419,10994,3256,42159,-61604,0,-105451,1170,-575,-16220,-29516,-15472,-38903,3
2022-07-27 04:00:00,86545,208164,1349,18568,7972,39935,2868,19718,37476,111176,0,0,4823,3417,11074,11507,3525,43631,-73700,0,-121619,1406,-433,-17219,-31963,-16850,-40106,3
2022-07-27 05:00:00,99518,223781,2887,19193,11446,44510,3821,20743,35504,117008,0,0,4908,3713,11521,11967,3435,44296,-81504,0,-124263,1195,-446,-16306,-33064,-16922,-40861,3
2022-07-27 06:00:00,118044,233885,4615,19242,13270,46588,5313,21121,42148,122852,0,0,5019,3933,11895,12466,2764,43087,-80704,0,-115841,1086,-571,-14627,-33318,-15808,-40323,3
2022-07-27 07:00:00,143330,242366,6104,19054,14891,47433,6543,21224,57224,128908,0,0,4993,4014,12048,12772,2965,41418,-71684,0,-99036,979,-724,-12950,-32542,-14681,-38453,3
2022-07-27 08:00:00,168650,250699,7100,19089,16460,47943,7072,21087,64912,133824,0,0,5104,4009,12044,12893,3137,39728,-68912,0,-82049,1095,-849,-11989,-31483,-14015,-36591,3
2022-07-27 09:00:00,183325,253259,7480,19295,16126,46934,7019,20923,65984,136932,0,0,4911,4101,12017,12993,3180,38317,-70948,0,-69934,810,-976,-11815,-30808,-13904,-35137,3
2022-07-27 10:00:00,189330,250906,7611,19540,16689,47580,7199,21143,69016,140496,0,0,4918,4089,11980,12681,3073,37203,-71480,0,-61576,829,-701,-11929,-30891,-13944,-34130,3
2022-07-27 11:00:00,196888,244598,7246,19786,17006,48601,6909,20763,71712,142232,0,0,4278,4016,11899,12626,2982,37420,-70520,0,-47710,262,-727,-12540,-31595,-13854,-34438,3
2022-07-27 12:00:00,197346,240282,6386,20384,17187,49272,6247,20747,72556,141152,0,0,4514,3868,11810,12627,3511,37906,-68596,0,-42936,646,-817,-13998,-32085,-14500,-34395,3
2022-07-27 13:00:00,192942,236927,5477,20829,16290,49066,5591,20691,71272,139400,0,0,4298,3837,11564,12527,3578,37816,-68128,0,-43985,461,-963,-15352,-32776,-15100,-34238,3
2022-07-27 14:00:00,165821,233632,4292,21342,15126,47607,4696,20582,70220,138856,0,0,4163,4022,11362,12448,3809,39672,-68636,0,-67811,141,-1086,-17050,-32481,-15886,-35863,3
2022-07-27 15:00:00,134080,229190,2978,21584,15569,46640,3673,20356,70768,137872,0,0,4148,3889,11192,12374,4165,43347,-67104,0,-95110,259,-1182,-18606,-31071,-16683,-39182,3
2022-07-27 16:00:00,107497,225951,1590,21937,14651,45792,2942,20484,67056,135464,0,0,3971,3627,11079,12266,4374,44795,-68408,0,-118454,344,-1187,-20347,-31141,-17542,-40421,3
2022-07-27 17:00:00,91737,220880,860,21930,12875,44538,2495,20557,59988,133652,0,0,3613,3419,11014,12282,4320,46871,-73664,0,-129143,194,-1268,-21070,-31663,-18062,-42551,3
2022-07-27 18:00:00,76298,212004,857,21887,11230,43576,2411,20410,47800,130588,0,0,3354,3294,11037,12163,4515,48543,-82788,0,-135706,60,-1126,-21030,-32346,-17999,-44028,3
2022-07-27 19:00:00,70967,206208,657,21134,9541,40758,1806,19087,43820,129492,0,0,3064,3201,10926,11589,4142,49297,-85672,0,-135241,-137,-663,-20477,-31217,-17281,-45155,1
2022-07-27 20:00:00,63446,195428,619,19972,7367,37860,1543,17651,42468,124744,0,0,2772,2984,10757,10950,4182,48180,-82276,0,-131982,-212,-193,-19353,-30493,-16108,-43998,1
2022-07-27 21:00:00,61149,182564,631,18902,5820,34939,1457,16406,39352,116908,0,0,2520,2812,10085,10425,4273,45826,-77556,0,-121415,-292,-340,-18271,-29119,-14949,-41553,1
2022-07-27 22:00:00,61052,174437,620,17642,5613,32950,1539,15777,36232,113256,0,0,2333,2680,9820,10320,4554,43659,-77024,0,-113385,-347,-500,-17022,-27337,-14238,-39105,1
2022-07-27 23:00:00,62374,167982,663,16619,5836,31616,1504,15529,33064,107020,0,0,2076,2622,9722,10227,4888,42051,-73956,0,-105608,-546,-505,-15956,-25780,-14025,-37163,1
2022-07-28 00:00:00,67183,166999,647,16115,5912,30960,1382,15418,29340,103016,0,0,1957,2596,9551,9935,4785,41192,-73676,0,-99816,-639,-384,-15468,-25048,-14036,-36407,1
2022-07-28 01:00:00,64856,167480,653,16039,5747,30794,1358,15452,27624,101016,0,0,1721,2615,9718,9799,4661,40741,-73392,0,-102624,-894,-81,-15386,-25047,-14094,-36080,1
2022-07-28 02:00:00,58864,171515,701,16373,6010,31725,1407,15607,25740,100236,0,0,1533,2665,9911,10071,4277,40785,-74496,0,-112651,-1132,-160,-15672,-25715,-14200,-36508,1
2022-07-28 03:00:00,54779,183278,747,17122,5794,34463,1641,17572,23720,102748,0,0,1493,2954,10331,10942,4414,41502,-79028,0,-128499,-1461,-611,-16375,-28669,-15931,-37088,1
2022-07-28 04:00:00,60823,206906,1255,18924,8357,39331,2444,19243,25584,110656,0,0,1498,3369,10826,11629,4511,42709,-85072,0,-146083,-1871,-803,-17669,-30974,-16799,-38198,1
2022-07-28 05:00:00,76886,222817,2188,19706,12705,44316,4115,20259,27392,117128,0,0,1661,3643,10890,11829,4433,43150,-89736,0,-145931,-1982,-939,-17518,-31611,-16144,-38717,1
2022-07-28 06:00:00,100095,235224,3227,19884,14387,46271,5226,20334,35104,123384,0,0,1870,3828,11076,12387,4254,42559,-88280,0,-135129,-1958,-1311,-16657,-31884,-15108,-38305,1
2022-07-28 07:00:00,128779,240731,4322,19856,14752,46789,6193,20526,48884,129720,0,0,1987,3952,11159,12563,4535,39231,-80836,0,-111952,-1965,-1404,-15534,-32037,-14333,-34696,1
2022-07-28 08:00:00,155672,247359,5374,19620,15890,47102,6535,20821,57488,133008,0,0,2084,3968,11141,12469,4737,35826,-75520,0,-91687,-1884,-1328,-14246,-31212,-14286,-31089,1
2022-07-28 09:00:00,176485,250635,6302,19792,15954,45764,6572,20908,58680,136912,0,0,2206,3918,11253,12396,5050,33625,-78232,0,-74150,-1712,-1143,-13490,-29810,-14336,-28575,1
2022-07-28 10:00:00,188721,251754,6859,19982,16049,46019,6583,20987,59528,140648,0,0,2248,3924,11275,12245,5527,32298,-81120,0,-63033,-1676,-970,-13123,-29970,-14404,-26771,1
2022-07-28 11:00:00,181435,246938,6797,19991,16736,47243,6250,20718,60536,142680,0,0,2022,3877,11229,12175,5484,31925,-82144,0,-65503,-1855,-946,-13194,-30507,-14468,-26441,1
2022-07-28 12:00:00,169237,243925,6282,20490,16713,48061,5771,20678,62480,142484,0,0,2236,3850,11241,12247,5666,33246,-80004,0,-74688,-1614,-1006,-14208,-31348,-14907,-27580,1
2022-07-28 13:00:00,150066,238027,5233,21003,15940,48199,4936,20673,64628,140760,0,0,2144,3841,11035,12170,6043,36019,-76132,0,-87961,-1697,-1135,-15770,-32259,-15737,-29976,1
2022-07-28 14:00:00,129017,231711,4208,21438,15012,47430,3759,20531,64908,139648,0,0,1890,3943,10872,12295,6109,39446,-74740,0,-102694,-2053,-1423,-17230,-32418,-16772,-33337,1
2022-07-28 15:00:00,104452,229830,2803,21718,13892,46200,2616,20514,65460,137976,0,0,1552,3889,10851,12220,6429,44256,-72516,0,-125378,-2337,-1369,-18915,-32308,-17898,-37827,1
2022-07-28 16:00:00,85887,227489,1480,22070,14026,45043,1770,20610,64096,135844,0,0,1193,3682,10663,12021,6599,46255,-71748,0,-141602,-2489,-1358,-20590,-31017,-18840,-39656,1
2022-07-28 17:00:00,79416,224158,786,22105,11139,43844,1713,20697,60880,134108,0,0,929,3471,10663,11830,6175,47906,-73228,0,-144742,-2542,-1167,-21319,-32705,-18984,-41731,1
2022-07-28 18:00:00,72983,216215,620,22232,8896,42703,1887,20453,51892,132096,0,0,826,3334,10576,11617,6246,48952,-80204,0,-143232,-2508,-1041,-21612,-33807,-18566,-42706,1
2022-07-28 19:00:00,73852,212445,625,21471,6995,39857,1863,19025,45412,131156,0,0,812,3252,10579,11311,7076,49085,-85744,0,-138593,-2440,-732,-20846,-32862,-17162,-42009,1
2022-07-28 20:00:00,81781,202211,621,20191,6410,37008,2131,17551,43368,126464,0,0,797,3045,10452,11088,7414,47593,-83096,0,-120430,-2248,-636,-19570,-30598,-15420,-40179,1
2022-07-28 21:00:00,82320,189018,626,19090,4923,34340,2230,16295,40296,119032,0,0,785,2875,10364,11137,7185,45599,-78736,0,-106698,-2090,-773,-18464,-29417,-14065,-38414,1
2022-07-28 22:00:00,81309,180132,645,17820,4886,32245,2292,15794,38912,114920,0,0,782,2759,10146,10921,6804,43462,-76008,0,-98823,-1977,-775,-17175,-27359,-13502,-36658,1
2022-07-28 23:00:00,80907,174291,638,16835,4883,31019,2353,15375,35024,109004,0,0,767,2684,9874,10759,6293,41973,-73980,0,-93384,-1917,-885,-16197,-26136,-13022,-35680,1
2022-07-29 00:00:00,80090,171189,640,16341,4845,30351,2383,15293,32148,104048,0,0,750,2637,9737,10757,5696,41103,-71900,0,-91099,-1887,-1020,-15701,-25506,-12910,-35407,1
2022-07-29 01:00:00,77637,171347,698,16198,5369,30153,2410,15270,30920,101468,0,0,770,2649,9661,10667,5204,40662,-70548,0,-93710,-1879,-1006,-15500,-24784,-12860,-35458,1
2022-07-29 02:00:00,68973,174040,859,16469,4485,31011,2529,15335,29340,100372,0,0,800,2711,9853,10692,4255,40720,-71032,0,-105067,-1911,-839,-15610,-26526,-12806,-36465,1
2022-07-29 03:00:00,63728,185903,977,17114,4636,33637,2726,17267,27756,102992,0,0,880,2982,10057,11012,3751,41607,-75236,0,-122175,-2102,-955,-16137,-29001,-14541,-37856,1
2022-07-29 04:00:00,71103,208781,1516,18732,6755,38144,3083,19331,27220,110408,0,0,1047,3382,10457,11699,3703,43035,-83188,0,-137678,-2335,-1242,-17216,-31389,-16248,-39332,1
2022-07-29 05:00:00,85827,224682,2748,19586,11238,42897,4020,20480,27056,117064,0,0,1322,3733,10731,12133,3218,44623,-90008,0,-138855,-2411,-1402,-16838,-31659,-16460,-41405,1
2022-07-29 06:00:00,99677,235096,4278,19853,13685,45252,4981,20877,34228,123324,0,0,1646,3942,10958,12378,2842,44599,-89096,0,-135419,-2296,-1420,-15575,-31567,-15896,-41757,1
2022-07-29 07:00:00,113902,241282,5612,19948,14601,45954,5475,20678,50264,129808,0,0,1944,4075,11079,12451,2793,42380,-79544,0,-127380,-2131,-1372,-14336,-31353,-15203,-39587,1
2022-07-29 08:00:00,133800,247300,6555,20124,15565,46291,6163,21238,58320,133884,0,0,2134,4073,11178,12499,2792,39350,-75564,0,-113500,-1939,-1321,-13569,-30726,-15075,-36558,1
2022-07-29 09:00:00,149250,251720,7042,20397,16412,45836,6386,21347,61328,136900,0,0,2351,4017,11215,12523,2870,37015,-75572,0,-102470,-1666,-1308,-13355,-29424,-14961,-34145,1
2022-07-29 10:00:00,164421,251082,6857,20885,15879,46017,6178,21208,62584,140464,0,0,2442,3967,11305,12354,3023,34353,-77880,0,-86661,-1525,-1049,-14028,-30138,-15030,-31330,1
2022-07-29 11:00:00,166743,243214,6499,20819,16393,47251,5833,20744,65656,141860,0,0,2502,3902,11285,12284,3240,32377,-76204,0,-76471,-1400,-999,-14320,-30858,-14911,-29137,1
2022-07-29 12:00:00,147718,236006,6045,20998,14942,47078,5546,21007,69972,140548,0,0,2581,3834,11249,12347,3285,31966,-70576,0,-88288,-1253,-1098,-14953,-32136,-15461,-28681,1
2022-07-29 13:00:00,130356,229703,5171,21416,14707,47241,4756,20837,72376,137916,0,0,2584,3819,11330,12253,3830,33365,-65540,0,-99347,-1235,-923,-16245,-32534,-16081,-29535,1
2022-07-29 14:00:00,114854,227148,4135,21939,14162,46361,3614,20437,73564,136308,0,0,2431,3911,11169,12353,3988,36369,-62744,0,-112294,-1480,-1184,-17804,-32199,-16823,-32381,1
2022-07-29 15:00:00,101601,226861,3007,22102,12195,44699,3114,20371,78012,135244,0,0,2071,3846,11019,12208,3884,40417,-57232,0,-125260,-1775,-1189,-19095,-32504,-17257,-36533,1
2022-07-29 16:00:00,94719,223307,1628,22385,10690,42958,3253,20493,79572,131892,0,0,1739,3573,10840,12074,3754,43282,-52320,0,-128588,-1834,-1234,-20757,-32268,-17240,-39528,1
2022-07-29 17:00:00,88388,215280,1015,22236,9192,41389,3262,20359,74320,130084,0,0,1496,3376,10643,11764,3311,46108,-55764,0,-126892,-1880,-1121,-21221,-32197,-17097,-42797,1
2022-07-29 18:00:00,82930,205463,870,22138,7789,39950,3697,20115,63516,127228,0,0,1478,3261,10700,11503,3111,47953,-63712,0,-122533,-1783,-803,-21268,-32161,-16418,-44842,1
2022-07-29 19:00:00,79620,201157,748,21487,5991,37067,3478,18800,54524,125636,0,0,1461,3197,10645,11339,2780,48167,-71112,0,-121537,-1736,-694,-20739,-31076,-15322,-45387,1
2022-07-29 20:00:00,74992,189347,701,20319,5653,34706,3357,17511,52856,120116,0,0,1416,3021,10453,10915,2205,47271,-67260,0,-114355,-1605,-462,-19618,-29053,-14154,-45066,1
2022-07-29 21:00:00,64218,176694,732,19174,5695,32355,3216,16394,54588,112840,0,0,1337,2846,9989,10452,1576,45697,-58252,0,-112476,-1509,-463,-18442,-26660,-13178,-44121,1
2022-07-29 22:00:00,63625,165949,706,17832,5384,30523,3043,15560,49868,109900,0,0,1237,2729,9712,10178,1162,43183,-60032,0,-102324,-1492,-466,-17126,-25139,-12517,-42021,1
2022-07-29 23:00:00,55688,159012,666,16772,5643,29320,2889,15041,50536,104288,0,0,1166,2634,9509,10108,923,41403,-53752,0,-103324,-1468,-599,-16106,-23677,-12152,-40480,1
2022-07-30 00:00:00,48773,154205,745,16189,5942,28661,2768,14918,49856,99280,0,0,1131,2562,9349,9924,1080,40520,-49424,0,-105432,-1431,-575,-15444,-22719,-12150,-39440,1
2022-07-30 01:00:00,45670,151631,831,15947,6055,28329,2573,14812,47680,96384,0,0,1090,2566,9305,9826,1190,40068,-48704,0,-105961,-1476,-521,-15116,-22274,-12239,-38878,1
2022-07-30 02:00:00,44460,152129,894,15883,6252,28293,2463,14376,45584,94316,0,0,1090,2529,9340,9641,1157,39912,-48732,0,-107669,-1439,-301,-14989,-22041,-11913,-38755,1
2022-07-30 03:00:00,42163,153270,1037,15622,6486,28648,2511,15282,43632,93252,0,0,1305,2621,9424,9738,1230,39587,-49620,0,-111107,-1316,-314,-14585,-22162,-12771,-38357,1
2022-07-30 04:00:00,45822,159504,1600,16150,8086,30999,2298,16361,41944,94364,0,0,1516,2874,9762,10166,1292,38547,-52420,0,-113682,-1358,-404,-14550,-22913,-14063,-37255,1
2022-07-30 05:00:00,58432,171293,2474,16769,11198,33666,2581,17636,41860,94488,0,0,1645,3146,10280,10898,1410,36864,-52628,0,-112861,-1501,-618,-14295,-22468,-15055,-35454,1
2022-07-30 06:00:00,81456,184523,3374,17486,13352,35044,3476,18591,48048,100152,0,0,1949,3393,10601,11379,1837,35527,-52104,0,-103067,-1444,-778,-14112,-21692,-15115,-33690,1
2022-07-30 07:00:00,106286,193754,4101,18046,15043,35285,4136,18994,62252,107432,0,0,2119,3527,10731,11484,1957,33458,-45180,0,-87468,-1408,-753,-13945,-20242,-14858,-31501,1
2022-07-30 08:00:00,136351,200621,4189,18540,17349,35029,4468,19266,67932,113028,0,0,2210,3565,10931,11495,2113,30081,-45096,0,-64270,-1355,-564,-14351,-17680,-14798,-27968,1
2022-07-30 09:00:00,161137,205326,4030,19095,18963,35357,4152,19051,70460,116272,0,0,2307,3602,11080,11436,2382,27624,-45812,0,-44189,-1295,-356,-15065,-16394,-14899,-25242,1
2022-07-30 10:00:00,171349,202842,4027,18955,20017,35306,4027,19008,71856,119580,0,0,2367,3556,11064,11324,2235,27523,-47724,0,-31493,-1189,-260,-14928,-15289,-14981,-25288,1
2022-07-30 11:00:00,169063,195859,3938,17725,19642,35305,3806,18718,74120,122312,0,0,2338,3486,11046,11332,2261,28152,-48192,0,-26796,-1148,-286,-13787,-15663,-14912,-25891,1
2022-07-30 12:00:00,165466,190788,3990,17418,18626,35175,3495,18433,75176,122604,0,0,2264,3439,11032,11361,2300,29279,-47428,0,-25322,-1175,-329,-13428,-16549,-14938,-26979,1
2022-07-30 13:00:00,156864,189696,3639,17636,15721,34978,3216,18360,74080,121452,0,0,2202,3458,11064,11411,2276,31109,-47372,0,-32832,-1256,-347,-13997,-19257,-15144,-28833,1
2022-07-30 14:00:00,131281,186970,3165,17588,13762,35895,2851,18248,74608,119628,0,0,2076,3646,11000,11498,1991,35255,-45020,0,-55689,-1570,-498,-14423,-22133,-15397,-33264,1
2022-07-30 15:00:00,103811,188458,2439,17575,11846,36661,2648,18044,73628,118728,0,0,1785,3661,10877,11624,2160,39907,-45100,0,-84647,-1876,-747,-15136,-24815,-15396,-37747,1
2022-07-30 16:00:00,85986,189025,1536,17820,11315,36712,2947,18017,72592,117616,0,0,1529,3517,10773,11524,1770,42853,-45024,0,-103039,-1988,-751,-16284,-25397,-15070,-41083,1
2022-07-30 17:00:00,75707,185182,1016,18117,9654,36094,3144,18109,66892,117004,0,0,1282,3303,10707,11298,1629,44968,-50112,0,-109475,-2021,-591,-17101,-26440,-14965,-43339,1
2022-07-30 18:00:00,65234,178151,831,18669,9364,35549,3037,17850,63616,116328,0,0,1096,3167,10743,11054,1739,46110,-52712,0,-112917,-2071,-311,-17838,-26185,-14813,-44371,1
2022-07-30 19:00:00,63578,174416,1033,18236,7703,33600,2505,16930,60480,117660,0,0,1123,3059,10623,11089,2520,46542,-57180,0,-110838,-1936,-466,-17203,-25897,-14425,-44022,1
2022-07-30 20:00:00,58493,166094,1115,17055,6287,31509,2486,15713,58404,113572,0,0,1130,2926,10518,10713,2851,45659,-55168,0,-107601,-1796,-195,-15940,-25222,-13227,-42808,1
2022-07-30 21:00:00,50389,156392,1066,16011,6404,29379,2505,14669,54732,108080,0,0,1109,2770,10238,10173,2600,43885,-53348,0,-106003,-1661,65,-14945,-22975,-12164,-41285,4
2022-07-30 22:00:00,39045,149275,1183,15030,5682,27738,2435,14148,48316,102624,0,0,1067,2665,10067,9932,2522,41886,-54308,0,-110230,-1598,135,-13847,-22056,-11713,-39364,4
2022-07-30 23:00:00,35724,144311,1307,14356,5573,26473,2334,13771,45116,97368,0,0,1010,2589,10014,9818,2690,40746,-52252,0,-108587,-1579,196,-13049,-20900,-11437,-38056,4
2022-07-31 00:00:00,35044,140715,1241,13924,5560,25775,2292,13548,40908,92888,0,0,934,2528,9843,9842,3161,39950,-51980,0,-105671,-1594,1,-12683,-20215,-11256,-36789,4
2022-07-31 01:00:00,37816,140031,1303,13749,5457,25324,2300,13438,40000,89216,0,0,897,2514,9765,9840,3388,39628,-49216,0,-102215,-1617,-75,-12446,-19867,-11138,-36240,1
2022-07-31 02:00:00,44729,140842,1414,13760,5579,25194,2311,13052,40948,87660,0,0,896,2486,9623,9539,3573,39314,-46712,0,-96113,-1590,84,-12346,-19615,-10741,-35741,4
2022-07-31 03:00:00,49168,142144,1615,13548,6097,24575,2430,13364,38900,87324,0,0,937,2577,9623,9641,3514,38824,-48424,0,-92976,-1640,-18,-11933,-18478,-10934,-35310,1
2022-07-31 04:00:00,61585,145928,2085,14050,8264,25576,2778,13957,35504,87384,0,0,1036,2791,9877,10014,3970,38215,-51880,0,-84343,-1755,-137,-11965,-17312,-11179,-34245,1
2022-07-31 05:00:00,81297,155304,3290,14545,12544,27598,3100,14740,36392,85828,0,0,1232,3053,10148,10790,4694,38312,-49436,0,-74007,-1821,-642,-11255,-15054,-11640,-33618,1
2022-07-31 06:00:00,101391,167728,4225,15335,15828,28938,3721,15733,45812,89232,0,0,1475,3288,10499,11391,5119,38647,-43420,0,-66337,-1813,-892,-11110,-13110,-12012,-33528,1
2022-07-31 07:00:00,126946,178202,4921,15905,17495,29667,4440,16379,61128,95340,0,0,1625,3440,10726,11249,7021,39032,-34212,0,-51256,-1815,-523,-10984,-12172,-11939,-32011,1
2022-07-31 08:00:00,161628,187258,5246,16330,18784,30106,4992,16691,72540,100724,0,0,1824,3508,10905,11251,8276,39565,-28184,0,-25630,-1684,-346,-11084,-11322,-11699,-31289,1
2022-07-31 09:00:00,181311,192999,5267,16266,19693,30417,5359,16741,76456,105088,0,0,1863,3531,10800,11327,8336,40438,-28632,0,-11688,-1668,-527,-10999,-10724,-11382,-32102,1
2022-07-31 10:00:00,187979,191838,5858,15700,20774,30233,5275,16542,77268,108552,0,0,1909,3511,10671,11205,10113,40831,-31284,0,-3859,-1602,-534,-9842,-9459,-11267,-30718,1
2022-07-31 11:00:00,184672,185935,5881,15523,20729,30309,5124,16296,75632,113240,0,0,1509,3504,10776,10860,11212,40956,-37608,0,-1263,-1995,-84,-9642,-9580,-11172,-29744,1
2022-07-31 12:00:00,174189,183275,5242,15593,19719,30531,4842,16153,71216,115244,0,0,1415,3443,10922,10929,12050,40606,-44028,0,-9086,-2028,-7,-10351,-10812,-11311,-28556,1
2022-07-31 13:00:00,155357,180818,4439,15774,18172,31101,4296,16123,69916,113808,0,0,1418,3500,11011,11341,11761,40736,-43892,0,-25461,-2082,-330,-11335,-12929,-11827,-28975,1
2022-07-31 14:00:00,130809,179346,3669,16117,15580,32313,3557,16256,69424,112620,0,0,1382,3733,10967,11665,12238,41460,-43196,0,-48537,-2351,-698,-12448,-16733,-12699,-29222,1
2022-07-31 15:00:00,101993,181136,2589,16409,12350,33400,2762,16552,68868,112448,0,0,1234,3769,10890,11841,12187,44343,-43580,0,-79143,-2535,-951,-13820,-21050,-13790,-32156,1
2022-07-31 16:00:00,76794,182575,1575,16838,9982,34067,1975,16722,64672,113212,0,0,1242,3602,10846,11742,12073,45431,-48540,0,-105781,-2360,-896,-15263,-24085,-14747,-33358,1
2022-07-31 17:00:00,63403,181177,938,17280,9849,34472,1942,17016,57676,114296,0,0,1157,3422,10744,11480,9970,45441,-56620,0,-117774,-2265,-736,-16342,-24623,-15074,-35471,1
2022-07-31 18:00:00,58933,178470,760,18037,10341,34774,2042,17147,44972,115120,0,0,1115,3287,10908,11614,7981,45781,-70148,0,-119537,-2172,-706,-17277,-24433,-15105,-37800,1
2022-07-31 19:00:00,61956,179805,739,17642,8878,33135,1860,16475,43292,119596,0,0,1243,3153,10680,11325,5504,45932,-76304,0,-117849,-1910,-645,-16903,-24257,-14615,-40428,1
2022-07-31 20:00:00,63797,173179,695,16465,6916,30808,1362,15335,46768,118472,0,0,1553,3001,10234,10734,5176,45243,-71704,0,-109382,-1448,-500,-15770,-23892,-13973,-40067,1
2022-07-31 21:00:00,66311,162749,687,15383,5883,28758,1145,14429,45748,111152,0,0,1697,2829,9268,10212,4463,43517,-65404,0,-96438,-1132,-944,-14696,-22875,-13284,-39054,1
2022-07-31 22:00:00,70184,155890,676,14484,6080,27069,1035,13920,42116,103792,0,0,1794,2724,8676,9882,4017,42124,-61676,0,-85706,-930,-1206,-13808,-20989,-12885,-38107,1
2022-07-31 23:00:00,76360,152800,660,13909,6208,26102,947,13630,43016,97640,0,0,1941,2684,8560,9841,3683,41103,-54624,0,-76440,-743,-1281,-13249,-19894,-12683,-37420,1
2022-08-01 00:00:00,79857,152384,645,13619,6733,25518,970,13771,40200,93768,0,0,1982,2620,8495,9917,3220,40758,-53568,0,-72527,-638,-1422,-12974,-18785,-12801,-37538,1
2022-08-01 01:00:00,77192,153402,653,13625,6903,25621,956,13888,37056,91332,0,0,2149,2631,8342,9786,3205,40448,-54276,0,-76210,-482,-1444,-12972,-18718,-12932,-37243,1
2022-08-01 02:00:00,71650,160670,659,14194,6724,26977,1028,14261,34944,90972,0,0,2319,2808,8646,9797,3152,40430,-56028,0,-89020,-489,-1151,-13535,-20253,-13233,-37278,1
2022-08-01 03:00:00,67399,176881,737,15149,6234,30297,1361,16704,31996,94152,0,0,2373,3169,9437,10403,3311,41362,-62156,0,-109482,-796,-966,-14412,-24063,-15343,-38051,1
2022-08-01 04:00:00,68761,200861,1242,17071,7649,35014,2176,18814,29076,102940,0,0,2800,3661,10127,11330,2951,43269,-73864,0,-132100,-861,-1203,-15829,-27365,-16638,-40318,1
2022-08-01 05:00:00,85428,219641,2510,17872,12393,39961,2904,19950,30108,109392,0,0,2541,4124,10307,12168,2753,45279,-79284,0,-134213,-1583,-1861,-15362,-27568,-17046,-42526,1
2022-08-01 06:00:00,110500,231307,3916,18149,14742,41838,3586,20476,38284,117508,0,0,3493,4291,10589,12847,2979,45792,-79224,0,-120807,-798,-2258,-14233,-27096,-16890,-42813,1
2022-08-01 07:00:00,127310,238820,4995,18294,16275,42514,4295,20514,53288,124396,0,0,3906,4432,10764,13117,2655,43557,-71108,0,-111510,-526,-2353,-13299,-26239,-16219,-40902,1
2022-08-01 08:00:00,138591,243502,5654,18638,17661,43040,4691,20519,61532,130768,0,0,4252,4483,10951,13057,2608,40268,-69236,0,-104911,-231,-2106,-12984,-25379,-15828,-37660,1
2022-08-01 09:00:00,148414,247216,6145,18679,18227,42547,4999,20631,65208,135180,0,0,4424,4420,11208,13182,2521,37986,-69972,0,-98802,4,-1974,-12534,-24320,-15632,-35465,3
2022-08-01 10:00:00,153492,245546,6764,18590,18526,42789,5210,20691,69544,139112,0,0,4512,4451,11449,12881,2186,36609,-69568,0,-92054,61,-1432,-11826,-24263,-15481,-34423,3
2022-08-01 11:00:00,161435,242482,6958,18203,18673,43833,5009,20304,72624,142420,0,0,4506,4378,11535,12721,2008,35433,-69796,0,-81047,128,-1186,-11245,-25160,-15295,-33425,3
2022-08-01 12:00:00,160690,239746,6620,18523,18019,44158,4744,20503,73680,142712,0,0,4359,4249,11764,12553,1946,34706,-69032,0,-79056,110,-789,-11903,-26139,-15759,-32760,3
2022-08-01 13:00:00,148747,235275,5703,19031,16885,44720,4515,20569,73036,140524,0,0,3941,4187,11792,12442,2031,34302,-67488,0,-86528,-246,-650,-13328,-27835,-16054,-32271,1
2022-08-01 14:00:00,128656,230386,4429,19531,15635,44223,3555,20377,71740,139224,0,0,3731,4294,11758,12591,1825,35810,-67484,0,-101730,-563,-833,-15102,-28588,-16822,-33985,1
2022-08-01 15:00:00,104693,229165,2968,19878,14350,43156,2610,20132,69008,137800,0,0,3383,4180,11404,12382,1756,39624,-68792,0,-124472,-797,-978,-16910,-28806,-17522,-37868,1
2022-08-01 16:00:00,86947,226066,1544,20359,12132,42023,2284,20294,66188,135260,0,0,3098,3897,11210,12145,1411,42356,-69072,0,-139119,-799,-935,-18815,-29891,-18010,-40945,1
2022-08-01 17:00:00,73201,220927,882,20530,9743,40994,1879,20531,57764,132852,0,0,2533,3593,11118,12264,1031,45870,-75088,0,-147726,-1060,-1146,-19648,-31251,-18652,-44839,1
2022-08-01 18:00:00,64226,212089,704,20798,8161,40002,1649,20216,48936,131680,0,0,2171,3338,10971,12249,789,48700,-82744,0,-147863,-1167,-1278,-20094,-31841,-18567,-47911,1
2022-08-01 19:00:00,57214,205421,694,20131,7001,37350,1407,18798,44864,132328,0,0,1951,3288,10732,11773,979,49365,-87464,0,-148207,-1337,-1041,-19437,-30349,-17391,-48386,1
2022-08-01 20:00:00,47405,193026,707,19035,6468,35297,989,17366,45368,126876,0,0,1804,3109,10293,10638,1303,47818,-81508,0,-145621,-1305,-345,-18328,-28829,-16377,-46515,1
2022-08-01 21:00:00,40526,180769,698,17994,5397,32271,981,16219,45312,118596,0,0,1700,2967,9733,10367,1823,45613,-73284,0,-140243,-1267,-634,-17296,-26874,-15238,-43790,1
2022-08-01 22:00:00,36290,171780,721,16874,5358,30354,975,15584,40200,112260,0,0,1604,2841,9427,9897,2630,43144,-72060,0,-135490,-1237,-470,-16153,-24996,-14609,-40514,1
2022-08-01 23:00:00,33650,165965,799,16007,5427,28991,1031,15258,36264,105492,0,0,1496,2773,9394,9702,3559,41233,-69228,0,-132315,-1277,-308,-15208,-23564,-14227,-37674,1
2022-08-02 00:00:00,33221,163414,753,15456,5064,28380,1081,15266,34160,101180,0,0,1400,2740,9304,9355,3692,40110,-67020,0,-130193,-1340,-51,-14703,-23316,-14185,-36418,1
2022-08-02 01:00:00,36481,163589,697,15384,4925,28237,857,15223,31676,98664,0,0,1281,2768,9305,9013,3881,39772,-66988,0,-127108,-1487,292,-14687,-23312,-14366,-35891,4
2022-08-02 02:00:00,41788,169131,760,15732,4833,29631,896,15404,28036,98372,0,0,1291,2840,9551,9777,5174,39743,-70336,0,-127343,-1549,-226,-14972,-24798,-14508,-34569,1
2022-08-02 03:00:00,42806,182326,892,16360,5751,32454,1167,17579,25648,100372,0,0,1561,3188,9760,11175,6862,40568,-74724,0,-139520,-1627,-1415,-15468,-26703,-16412,-33706,1
2022-08-02 04:00:00,55702,204830,1460,17870,8624,37024,1812,19537,23848,107664,0,0,1965,3688,10482,12186,8002,41881,-83816,0,-149128,-1723,-1704,-16410,-28400,-17725,-33879,1
2022-08-02 05:00:00,81965,222561,2924,18443,12761,41609,3016,20751,26904,113032,0,0,2400,3997,10894,12825,7994,42161,-86128,0,-140596,-1597,-1931,-15519,-28848,-17735,-34167,1
2022-08-02 06:00:00,110296,236121,4670,18414,14576,43856,3959,20953,36584,119676,0,0,2796,4200,10892,12841,8057,41103,-83092,0,-125825,-1404,-1949,-13744,-29280,-16994,-33046,1
2022-08-02 07:00:00,147400,243907,6171,18464,14855,43806,5060,21079,48964,126836,0,0,2593,4349,10937,12742,8970,38638,-77872,0,-96507,-1756,-1805,-12293,-28951,-16019,-29668,1
2022-08-02 08:00:00,182328,248939,7233,18378,14914,43305,5727,21431,58776,132684,0,0,2666,4408,11159,12508,9973,36053,-73908,0,-66611,-1742,-1349,-11145,-28391,-15704,-26080,1
2022-08-02 09:00:00,208452,251468,7287,18719,14672,41758,5608,21205,64080,136576,0,0,2859,4347,11204,12441,11689,34937,-72496,0,-43016,-1488,-1237,-11432,-27086,-15597,-23248,1
2022-08-02 10:00:00,220085,249826,6694,19325,15519,42428,5730,21221,67752,141204,0,0,3335,4360,11249,12340,11902,34261,-73452,0,-29741,-1025,-1091,-12631,-26909,-15491,-22359,1
2022-08-02 11:00:00,224832,246218,6110,19504,16163,44046,5582,20976,70000,144156,0,0,3406,4310,11312,12318,11523,34865,-74156,0,-21386,-904,-1006,-13394,-27883,-15394,-23342,1
2022-08-02 12:00:00,217650,242819,5898,19827,15892,44559,5230,21037,70484,144128,0,0,3076,4336,11458,12362,11922,34923,-73644,0,-25169,-1260,-904,-13929,-28667,-15807,-23001,1
2022-08-02 13:00:00,196108,237715,5045,20034,15067,45142,4323,20857,70220,142340,0,0,2826,4296,11497,12358,13051,35892,-72120,0,-41607,-1470,-861,-14989,-30075,-16534,-22841,1
2022-08-02 14:00:00,162433,232017,4066,20346,13700,44398,3254,20809,69812,141468,0,0,3216,4388,11527,12683,12945,38099,-71656,0,-69584,-1172,-1156,-16280,-30698,-17555,-25154,1
2022-08-02 15:00:00,123846,228028,2757,20610,12795,43291,1837,20497,66856,140052,0,0,3858,4232,11600,12456,12938,42406,-73196,0,-104182,-374,-856,-17853,-30496,-18660,-29468,1
2022-08-02 16:00:00,95452,223983,1475,21051,12809,42615,1272,20540,62012,136568,0,0,3820,3898,11653,12337,13301,45319,-74556,0,-128531,-78,-684,-19576,-29806,-19268,-32018,1
2022-08-02 17:00:00,83034,218897,842,21080,10925,41497,1079,20868,54040,133872,0,0,3552,3780,11620,11771,11888,48292,-79832,0,-135863,-228,-151,-20238,-30572,-19789,-36404,1
2022-08-02 18:00:00,72724,211170,764,21215,9502,40393,1068,20595,42912,132260,0,0,3201,3617,11651,11368,11284,50487,-89348,0,-138446,-416,283,-20451,-30891,-19527,-39203,4
2022-08-02 19:00:00,67165,205700,818,20428,7253,37560,752,19087,38584,132360,0,0,2993,3469,11563,11137,10098,51071,-93776,0,-138535,-476,426,-19610,-30307,-18335,-40973,4
2022-08-02 20:00:00,58584,192653,906,19249,6077,34844,823,17554,38760,127040,0,0,2680,3237,11200,10399,9388,49454,-88280,0,-134069,-557,801,-18343,-28767,-16731,-40066,4
2022-08-02 21:00:00,50122,179051,863,18170,5164,31998,953,16324,36948,118488,0,0,2812,3049,10117,10364,8383,47006,-81540,0,-128929,-237,-247,-17307,-26834,-15371,-38623,1
2022-08-02 22:00:00,47482,170984,829,16982,5502,30497,1043,15622,34464,113608,0,0,2728,2930,9767,10217,8182,44921,-79144,0,-123502,-202,-450,-16153,-24995,-14579,-36739,1
2022-08-02 23:00:00,49211,164954,772,16007,6001,29283,1002,15297,33236,106584,0,0,2763,2835,9548,9939,7804,43285,-73348,0,-115743,-72,-391,-15235,-23282,-14295,-35481,1
2022-08-03 00:00:00,54815,162079,728,15520,6256,28654,870,15226,32276,102176,0,0,2833,2821,9288,9630,7342,42515,-69900,0,-107264,12,-342,-14792,-22398,-14356,-35173,3
2022-08-03 01:00:00,58940,163565,695,15376,6322,28564,832,15342,31604,99060,0,0,2962,2898,9225,9847,6764,41993,-67456,0,-104625,64,-622,-14681,-22242,-14510,-35229,3
2022-08-03 02:00:00,62816,170114,658,15713,6277,29627,934,15484,31168,98296,0,0,3274,2994,9833,9917,6981,41914,-67128,0,-107298,280,-84,-15055,-23350,-14550,-34933,3
2022-08-03 03:00:00,65210,184465,772,16495,5949,32019,1327,17697,30604,100024,0,0,3004,3370,10494,10704,7223,42544,-69420,0,-119255,-366,-210,-15723,-26070,-16370,-35321,1
2022-08-03 04:00:00,75181,207844,1412,18123,7996,36284,2101,19548,31760,107412,0,0,3590,3780,11467,11688,6865,43653,-75652,0,-132663,-190,-221,-16711,-28288,-17447,-36788,1
2022-08-03 05:00:00,96108,226503,2935,18735,12459,40894,3510,20783,32188,112512,0,0,3750,4069,11647,12234,7058,44522,-80324,0,-130395,-319,-587,-15800,-28435,-17273,-37464,1
2022-08-03 06:00:00,121471,236870,4774,18820,13797,43065,4698,21292,38028,118432,0,0,4088,4201,11964,12696,7493,43804,-80404,0,-115399,-113,-732,-14046,-29268,-16594,-36311,1
2022-08-03 07:00:00,153071,245676,6114,18932,14466,43563,5724,21211,51232,125388,0,0,4479,4394,12296,13128,7663,41679,-74156,0,-92605,85,-832,-12818,-29097,-15487,-34016,3
2022-08-03 08:00:00,190390,253723,7181,18845,14893,43532,6408,21634,62704,131108,0,0,4498,4449,12419,12899,7924,38603,-68404,0,-63333,49,-480,-11664,-28639,-15226,-30679,3
2022-08-03 09:00:00,218201,257247,7619,19038,15181,42362,6534,21726,68060,134688,0,0,4560,4535,12454,12834,7952,35535,-66628,0,-39046,25,-380,-11419,-27181,-15192,-27583,3
2022-08-03 10:00:00,226594,256602,7387,19501,15699,43039,6457,21692,68932,139708,0,0,4314,4608,12287,12814,7766,33567,-70776,0,-30008,-294,-527,-12114,-27340,-15235,-25801,1
2022-08-03 11:00:00,223599,252599,7209,19468,15518,44143,6060,21268,72852,142912,0,0,4535,4522,12237,12746,7155,33147,-70060,0,-29000,13,-509,-12259,-28625,-15208,-25992,3
2022-08-03 12:00:00,209019,246628,6732,19890,15043,45024,5473,21213,75060,142852,0,0,4177,4342,12327,12800,6827,34179,-67792,0,-37609,-165,-473,-13158,-29981,-15740,-27352,1
2022-08-03 13:00:00,185694,240602,5880,20393,13807,45199,4594,21382,73828,141204,0,0,4032,4200,12357,12907,6576,35994,-67376,0,-54908,-168,-550,-14513,-31392,-16788,-29418,1
2022-08-03 14:00:00,150551,233920,4603,20887,13317,44761,3333,21323,73500,139928,0,0,3349,4277,12156,13137,5782,39042,-66428,0,-83369,-928,-981,-16284,-31444,-17990,-33260,1
2022-08-03 15:00:00,116357,230590,2908,21182,12602,43965,2181,21194,72124,138068,0,0,2945,4165,11923,13016,4685,43221,-65944,0,-114233,-1220,-1093,-18274,-31363,-19013,-38536,1
2022-08-03 16:00:00,89451,227899,1490,21573,12545,43281,1741,21089,70452,134848,0,0,2359,3935,11815,12689,3155,46233,-64396,0,-138448,-1576,-874,-20083,-30736,-19348,-43078,1
2022-08-03 17:00:00,74359,222608,789,21619,11519,42519,1878,21276,66616,132288,0,0,1964,3688,11216,12328,2183,49649,-65672,0,-148249,-1724,-1112,-20830,-31000,-19398,-47466,1
2022-08-03 18:00:00,60815,214765,646,21814,9727,41585,2591,20826,54468,130152,0,0,1601,3525,10894,11960,1488,51743,-75684,0,-153950,-1924,-1066,-21168,-31858,-18235,-50255,1
2022-08-03 19:00:00,54810,208238,649,20947,8218,38692,2033,19313,46280,129348,0,0,1429,3474,10343,11138,1023,52268,-83068,0,-153428,-2045,-795,-20298,-30474,-17280,-51245,1
2022-08-03 20:00:00,44444,195470,649,19763,7013,35789,2430,17726,46604,124560,0,0,1226,3249,9598,10803,990,51067,-77956,0,-151026,-2023,-1205,-19114,-28776,-15296,-50077,1
2022-08-03 21:00:00,36388,181803,643,18589,4723,32896,2859,16539,45224,116412,0,0,1104,3024,9218,10270,1284,48708,-71188,0,-145415,-1920,-1052,-17946,-28173,-13680,-47424,1
2022-08-03 22:00:00,37041,173340,633,17295,4741,30984,2782,15803,44724,110688,0,0,992,2920,8656,9971,1866,46101,-65964,0,-136299,-1928,-1315,-16662,-26243,-13021,-44235,1
2022-08-03 23:00:00,43931,167386,636,16265,6415,29889,2540,15491,41620,104180,0,0,927,2845,8287,10147,2136,44512,-62560,0,-123455,-1918,-1860,-15629,-23474,-12951,-42376,1
2022-08-04 00:00:00,53064,164349,636,15737,7504,29178,2358,15391,38664,100356,0,0,911,2800,8126,9989,2271,43554,-61692,0,-111285,-1889,-1863,-15101,-21674,-13033,-41283,1
2022-08-04 01:00:00,61865,164821,641,15589,7353,28928,2094,15442,35032,97772,0,0,1041,2813,8207,9845,2249,43226,-62740,0,-102956,-1772,-1638,-14948,-21575,-13348,-40977,1
2022-08-04 02:00:00,64689,169659,650,15959,6176,29801,1978,15514,31764,96664,0,0,1311,2895,9012,9679,2357,43159,-64900,0,-104970,-1584,-667,-15309,-23625,-13536,-40802,1
2022-08-04 03:00:00,62959,183468,762,16617,4656,32137,2162,17632,31284,98612,0,0,1540,3254,9379,10672,2764,43883,-67328,0,-120509,-1714,-1293,-15855,-27481,-15470,-41119,1
2022-08-04 04:00:00,67495,206845,1412,18164,6623,36399,2856,19903,30620,105616,0,0,1740,3733,10278,11949,2608,45068,-74996,0,-139350,-1993,-1671,-16752,-29776,-17047,-42460,1
2022-08-04 05:00:00,87583,224787,2999,18829,10857,40773,3954,21167,31088,110716,0,0,2096,4085,10364,12717,2078,46328,-79628,0,-137204,-1989,-2353,-15830,-29916,-17213,-44250,1
2022-08-04 06:00:00,110378,237132,4832,18947,13046,43202,5368,21531,39864,116504,0,0,2617,4294,10493,13168,1627,45935,-76640,0,-126754,-1677,-2675,-14115,-30156,-16163,-44308,1
2022-08-04 07:00:00,132566,243149,6317,18947,14092,44100,6236,21463,54108,123652,0,0,2980,4424,10378,13256,1674,43764,-69544,0,-110583,-1444,-2878,-12630,-30008,-15227,-42090,1
2022-08-04 08:00:00,153339,248984,7312,19047,14984,44726,7080,21621,65436,129296,0,0,2928,4512,10327,13123,1971,40964,-63860,0,-95645,-1584,-2796,-11735,-29742,-14541,-38993,1
2022-08-04 09:00:00,175384,254133,7726,19264,15381,44196,7439,21715,72480,132944,0,0,2837,4486,10408,13039,2310,43472,-60464,0,-78749,-1649,-2631,-11538,-28815,-14276,-41162,1
2022-08-04 10:00:00,196515,253833,7692,19594,15735,44662,7373,21706,75792,136988,0,0,2555,4444,10502,12766,2089,44274,-61196,0,-57318,-1889,-2264,-11902,-28927,-14333,-42185,1
2022-08-04 11:00:00,198721,251153,7514,19684,15716,45427,6979,21356,78780,140328,0,0,2486,4371,10714,12607,2304,40842,-61548,0,-52432,-1885,-1893,-12170,-29711,-14377,-38538,1
2022-08-04 12:00:00,186184,247320,7025,20098,15612,45700,6194,21522,81420,140016,0,0,2302,4140,10813,12407,2076,38556,-58596,0,-61136,-1838,-1594,-13073,-30088,-15328,-36480,1
2022-08-04 13:00:00,165638,243394,6064,20670,14802,45869,5136,21525,86052,137648,0,0,2096,4159,11565,12929,2580,38742,-51596,0,-77756,-2063,-1364,-14606,-31067,-16389,-36162,1
2022-08-04 14:00:00,141067,237767,4784,21270,14521,45596,3981,21572,88200,137476,0,0,2180,4336,11672,12789,2543,41293,-49276,0,-96700,-2156,-1117,-16486,-31075,-17591,-38750,1
2022-08-04 15:00:00,113223,237087,3125,21680,13395,44640,3050,21347,91068,136348,0,0,2214,4238,11611,12544,2395,44952,-45280,0,-123864,-2024,-933,-18555,-31245,-18297,-42557,1
2022-08-04 16:00:00,91729,234095,1485,22181,12474,43921,2803,21304,92348,133016,0,0,2119,3948,11585,12355,2157,47446,-40668,0,-142366,-1829,-770,-20696,-31447,-18501,-45289,1
2022-08-04 17:00:00,83687,230171,815,22120,11574,43101,3245,21200,84384,130184,0,0,2064,3777,11197,12175,2019,50049,-45800,0,-146484,-1713,-978,-21305,-31527,-17955,-48030,1
2022-08-04 18:00:00,75905,221688,727,22126,10509,41971,3857,20877,67612,128720,0,0,1694,3622,11103,11845,2108,51737,-61108,0,-145783,-1928,-742,-21399,-31462,-17020,-49629,1
2022-08-04 19:00:00,69267,215856,738,21191,7949,38987,4355,19351,58324,129224,0,0,1363,3445,10889,11146,2107,51569,-70900,0,-146589,-2082,-257,-20453,-31038,-14996,-49462,1
2022-08-04 20:00:00,62991,202180,714,19946,5709,36050,4412,17852,55792,123328,0,0,1405,3196,10190,10497,2271,49835,-67536,0,-139189,-1791,-307,-19232,-30341,-13440,-47564,1
2022-08-04 21:00:00,57033,184788,704,18778,4140,33044,4241,16600,56352,114852,0,0,1399,3006,9249,10323,1835,47625,-58500,0,-127755,-1607,-1074,-18074,-28904,-12359,-45790,1
2022-08-04 22:00:00,54394,175151,745,17433,4216,31217,4012,15939,51884,109372,0,0,1502,2877,9005,10872,1589,45093,-57488,0,-120757,-1375,-1867,-16688,-27001,-11927,-43504,1
2022-08-04 23:00:00,54759,169911,753,16429,4201,29833,3602,15684,48080,103736,0,0,1621,2767,8546,11090,1670,43621,-55656,0,-115152,-1146,-2544,-15676,-25632,-12082,-41951,1
2022-08-05 00:00:00,51802,170364,838,15919,5718,29278,3269,15502,46080,99088,0,0,1681,2757,8219,10894,1811,42858,-53008,0,-118562,-1076,-2675,-15081,-23560,-12233,-41047,1
2022-08-05 01:00:00,55533,167908,791,15788,5515,28915,3098,15581,43964,96504,0,0,1678,2760,7975,10368,2226,42349,-52540,0,-112375,-1082,-2393,-14997,-23400,-12483,-40123,1
2022-08-05 02:00:00,61357,171337,772,16069,5303,29613,2874,15655,42820,95128,0,0,1809,2847,8457,10141,2251,42249,-52308,0,-109980,-1038,-1684,-15297,-24310,-12781,-39998,1
2022-08-05 03:00:00,59810,185460,831,16760,3814,31796,2828,17639,42732,96944,0,0,1673,3184,9373,10943,2094,43081,-54212,0,-125650,-1511,-1570,-15929,-27982,-14811,-40987,1
2022-08-05 04:00:00,58820,208630,1425,18393,6078,35414,3306,19922,39380,103720,0,0,1620,3664,10127,11991,2064,44523,-64340,0,-149810,-2044,-1864,-16968,-29336,-16616,-42459,1
2022-08-05 05:00:00,72282,227272,3039,19047,10240,39983,4243,21192,42444,109124,0,0,1905,3990,10559,12869,2753,45457,-66680,0,-154990,-2085,-2310,-16008,-29743,-16949,-42704,1
2022-08-05 06:00:00,92283,236985,4856,19261,12605,42913,5637,21583,50440,114492,0,0,1945,4158,10651,13439,3225,44753,-64052,0,-144702,-2213,-2788,-14405,-30308,-15946,-41528,1
2022-08-05 07:00:00,106506,242955,6269,19373,13731,43600,7149,21547,67624,121148,0,0,2038,4303,10773,13784,2827,42998,-53524,0,-136449,-2265,-3011,-13104,-29869,-14398,-40171,1
2022-08-05 08:00:00,120474,249956,7278,19569,14680,43768,7951,21857,82488,126640,0,0,2208,4318,10806,13757,3179,41812,-44152,0,-129482,-2110,-2951,-12291,-29088,-13906,-38633,1
2022-08-05 09:00:00,132577,250371,7817,19758,15570,43655,7976,21904,86872,130436,0,0,2142,4253,10843,13617,3834,41264,-43564,0,-117794,-2111,-2774,-11941,-28085,-13928,-37430,1
2022-08-05 10:00:00,141068,245089,7920,19926,15750,43311,7853,21885,86724,134216,0,0,2244,4217,10930,13791,4425,38489,-47492,0,-104021,-1973,-2861,-12006,-27561,-14032,-34064,1
2022-08-05 11:00:00,163795,241497,7743,19896,14863,43702,7280,21499,84680,137080,0,0,2422,4126,10941,13670,5436,36408,-52400,0,-77702,-1704,-2729,-12153,-28839,-14219,-30972,1
2022-08-05 12:00:00,177940,238529,7216,20363,14819,44124,6350,21695,84992,136776,0,0,2582,3986,10826,13276,6808,35009,-51784,0,-60589,-1404,-2450,-13147,-29305,-15345,-28201,1
2022-08-05 13:00:00,185996,236392,6226,20984,14071,44366,5209,21779,86248,134724,0,0,2862,4003,10797,12944,7549,35028,-48476,0,-50396,-1141,-2147,-14758,-30295,-16570,-27479,1
2022-08-05 14:00:00,179209,236461,4826,21716,14235,44386,4000,21744,88320,133020,0,0,3136,4072,10911,13151,7586,37110,-44700,0,-57252,-936,-2240,-16890,-30151,-17744,-29524,1
2022-08-05 15:00:00,152214,236752,3049,22107,13118,43747,3332,21518,87128,130336,0,0,3102,4007,10859,12932,7465,40514,-43208,0,-84538,-905,-2073,-19058,-30629,-18186,-33049,1
2022-08-05 16:00:00,126553,230972,1397,22453,11977,42698,3166,21372,87096,127720,0,0,2687,3845,10650,12524,6445,42665,-40624,0,-104419,-1158,-1874,-21056,-30721,-18206,-36220,1
2022-08-05 17:00:00,108445,220154,763,22381,10705,41780,3408,21235,84268,125836,0,0,3003,3467,10468,12202,4792,44907,-41568,0,-111709,-464,-1734,-21618,-31075,-17827,-40115,1
2022-08-05 18:00:00,96046,206947,673,22304,9331,40597,3152,20878,73712,122824,0,0,3135,3361,10339,11868,3685,47072,-49112,0,-110901,-226,-1529,-21631,-31266,-17726,-43387,1
2022-08-05 19:00:00,87693,199749,666,21356,6585,37900,2673,19443,67760,121884,0,0,3321,3251,10140,11303,3235,47699,-54124,0,-112056,70,-1163,-20690,-31315,-16770,-44464,3
2022-08-05 20:00:00,83326,189794,660,20081,5696,35141,2541,18114,65724,116116,0,0,3612,3082,10057,10685,3061,46714,-50392,0,-106468,530,-628,-19421,-29445,-15573,-43653,3
2022-08-05 21:00:00,80871,179343,666,18869,5988,32903,2415,16819,57748,108504,0,0,3478,2896,10433,10502,2537,45054,-50756,0,-98472,582,-69,-18203,-26915,-14404,-42517,3
2022-08-05 22:00:00,77553,170415,684,17518,5318,30688,2328,16098,56824,104564,0,0,3549,2770,10393,10231,2140,43193,-47740,0,-92862,779,162,-16834,-25370,-13770,-41053,3
2022-08-05 23:00:00,73174,163841,710,16440,5061,29317,2444,15595,55608,98676,0,0,3514,2669,10158,10081,1874,41854,-43068,0,-90667,845,77,-15730,-24256,-13151,-39980,3
2022-08-06 00:00:00,70958,160593,718,15872,4697,28474,2711,15482,55024,93872,0,0,3509,2636,10147,9654,1804,40868,-38848,0,-89635,873,493,-15154,-23777,-12771,-39064,3
2022-08-06 01:00:00,70041,158819,814,15603,4545,28049,2902,15289,49624,91124,0,0,3391,2608,10100,9346,1876,40213,-41500,0,-88778,783,754,-14789,-23504,-12387,-38337,3
2022-08-06 02:00:00,71708,160013,1047,15593,4624,28078,2769,14916,43200,90036,0,0,3284,2638,10128,9224,2028,40036,-46836,0,-88305,646,904,-14546,-23454,-12147,-38008,4
2022-08-06 03:00:00,68584,160589,1331,15369,4857,28230,3079,15526,38508,89576,0,0,3312,2739,10328,9731,1812,39903,-51068,0,-92005,573,597,-14038,-23373,-12447,-38091,4
2022-08-06 04:00:00,70303,166270,2040,15951,6454,30045,3551,16565,36376,91076,0,0,3672,3001,10759,10268,1779,39098,-54700,0,-95967,671,491,-13911,-23591,-13014,-37319,3
2022-08-06 05:00:00,81183,176872,3522,16412,9832,32663,4062,17714,34484,91164,0,0,4404,3300,11123,10423,1431,36936,-56680,0,-95689,1104,700,-12890,-22831,-13652,-35505,3
2022-08-06 06:00:00,105402,189650,5428,16923,12278,34743,4641,18552,39680,96672,0,0,5017,3550,11475,10763,1615,34755,-56992,0,-84248,1467,712,-11495,-22465,-13911,-33140,3
2022-08-06 07:00:00,139127,201659,6959,17193,14120,35635,5398,18955,55084,103732,0,0,5210,3719,11361,10859,2038,32968,-48648,0,-62532,1491,502,-10234,-21515,-13557,-30930,3
2022-08-06 08:00:00,166919,209354,7935,17444,16424,35966,5726,18900,70264,109856,0,0,5251,3802,11444,11230,2177,30883,-39592,0,-42435,1449,214,-9509,-19542,-13174,-28706,3
2022-08-06 09:00:00,182675,211403,8305,17720,17353,36428,6176,18769,74036,112660,0,0,5052,3873,11495,11597,2027,28433,-38624,0,-28728,1179,-102,-9415,-19075,-12593,-26406,3
2022-08-06 10:00:00,193473,207435,8417,17859,18222,36664,6402,18461,75372,115272,0,0,5073,3764,11341,11874,2093,27235,-39900,0,-13962,1309,-533,-9442,-18442,-12059,-25142,3
2022-08-06 11:00:00,197011,201761,8016,17890,17898,36958,6442,17964,75580,118496,0,0,5023,3707,11077,11522,2063,26593,-42916,0,-4750,1316,-445,-9874,-19060,-11522,-24530,3
2022-08-06 12:00:00,190804,198626,7283,18224,17066,37237,6267,17770,76180,119044,0,0,5098,3700,10870,11196,2168,26907,-42864,0,-7822,1398,-326,-10941,-20171,-11503,-24739,3
2022-08-06 13:00:00,177866,195975,6197,18689,14589,37502,5627,17578,76576,118324,0,0,4579,3720,11028,10828,2178,28469,-41748,0,-18109,859,200,-12492,-22913,-11951,-26291,3
2022-08-06 14:00:00,150596,193202,4921,19226,12316,37711,4589,17548,76368,117772,0,0,3980,3868,11208,10683,2284,31267,-41404,0,-42606,112,525,-14305,-25395,-12959,-28983,4
2022-08-06 15:00:00,118293,192764,3580,19436,11307,37741,3488,17585,75052,117508,0,0,3738,3686,11628,11410,2164,35285,-42456,0,-74471,52,218,-15856,-26434,-14097,-33121,4
2022-08-06 16:00:00,88968,188892,2260,19749,10879,37259,3006,17594,69852,117392,0,0,3336,3473,11693,11881,1981,38529,-47540,0,-99924,-137,-188,-17489,-26380,-14588,-36548,1
2022-08-06 17:00:00,74628,184467,1600,19747,10469,36505,3064,17759,61168,116256,0,0,2653,3276,11368,11835,1467,42152,-55088,0,-109839,-623,-467,-18147,-26036,-14695,-40685,1
2022-08-06 18:00:00,66745,178121,1545,19998,9776,35533,3142,17777,51100,115316,0,0,2162,3176,11144,11584,1236,44586,-64216,0,-111376,-1014,-440,-18453,-25757,-14635,-43350,1
2022-08-06 19:00:00,67504,175790,1477,19143,7569,33539,2662,16558,50156,117348,0,0,1984,3083,10661,10782,1123,45604,-67192,0,-108286,-1099,-121,-17666,-25970,-13896,-44481,1
2022-08-06 20:00:00,63321,168847,1374,17752,6395,31233,2228,15510,48700,112320,0,0,1879,2907,10329,10247,956,44887,-63620,0,-105526,-1028,82,-16378,-24838,-13282,-43931,4
2022-08-06 21:00:00,56573,158986,1314,16508,6965,29157,1877,14431,46196,106056,0,0,1807,2744,9767,10256,832,43380,-59860,0,-102413,-937,-489,-15194,-22192,-12554,-42548,1
2022-08-06 22:00:00,54025,150519,1224,15481,6473,27545,1628,13938,44172,100744,0,0,1661,2627,9589,10300,743,41785,-56572,0,-96494,-966,-711,-14257,-21072,-12310,-41042,1
2022-08-06 23:00:00,53453,145238,1157,14863,6106,26360,1439,13646,39888,94896,0,0,1475,2538,9460,10268,717,40522,-55008,0,-91785,-1063,-808,-13706,-20254,-12207,-39805,1
2022-08-07 00:00:00,51422,141999,1141,14423,6285,25509,1281,13468,37124,89928,0,0,1374,2497,9184,10142,675,39597,-52804,0,-90577,-1123,-958,-13282,-19224,-12187,-38922,1
2022-08-07 01:00:00,50231,140389,1101,14209,6245,25147,1014,13195,34292,86996,0,0,1219,2487,8961,9792,652,39023,-52704,0,-90158,-1268,-831,-13108,-18902,-12181,-38371,1
2022-08-07 02:00:00,48068,140503,1047,14231,6179,25027,1001,12760,31016,84576,0,0,1226,2454,8772,9699,678,38676,-53560,0,-92435,-1228,-927,-13184,-18848,-11759,-37998,1
2022-08-07 03:00:00,47556,139861,1035,13982,6360,24651,1345,13014,29112,83980,0,0,1286,2548,8645,10116,784,38394,-54868,0,-92305,-1262,-1471,-12947,-18291,-11669,-37610,1
2022-08-07 04:00:00,55089,142584,1475,14460,7639,25651,2584,13784,29204,84564,0,0,1318,2760,8524,10583,855,36798,-55360,0,-87495,-1442,-2059,-12985,-18012,-11200,-35943,1
2022-08-07 05:00:00,73492,151523,2420,14977,11382,27693,3933,14884,27840,83308,0,0,1521,3074,8667,11000,989,34177,-55468,0,-78031,-1553,-2333,-12557,-16311,-10951,-33188,1
2022-08-07 06:00:00,103190,164903,3628,15595,14038,29471,4864,15331,36412,86916,0,0,1750,3355,9033,10884,1347,31583,-50504,0,-61713,-1605,-1851,-11967,-15433,-10467,-30236,1
2022-08-07 07:00:00,144427,175400,4897,15978,15947,30450,5400,15384,50848,93024,0,0,1635,3663,9632,11314,1739,28960,-42176,0,-30973,-2028,-1682,-11081,-14503,-9984,-27221,1
2022-08-07 08:00:00,174834,181684,6065,15963,16186,30194,5591,15504,61712,97896,0,0,1728,3681,9894,11705,2088,26095,-36184,0,-6850,-1953,-1811,-9898,-14008,-9913,-24007,1
2022-08-07 09:00:00,189659,187799,6561,15777,17438,31005,5857,15840,66352,100756,0,0,1839,3673,9795,11602,2222,23830,-34404,0,1860,-1834,-1807,-9216,-13567,-9983,-21608,2
2022-08-07 10:00:00,199431,186349,6869,15334,18271,31049,5894,15786,73768,103688,0,0,2012,3663,9617,11431,2371,22677,-29920,0,13082,-1651,-1814,-8465,-12778,-9892,-20306,2
2022-08-07 11:00:00,199988,180256,7084,15083,18818,31248,5764,15507,79092,107976,0,0,1968,3651,9724,11609,2588,21991,-28884,0,19732,-1683,-1885,-7999,-12430,-9743,-19403,2
2022-08-07 12:00:00,194589,177256,6706,15445,18529,31677,5193,15421,81812,109320,0,0,1930,3618,9937,11768,3102,22496,-27508,0,17333,-1688,-1831,-8739,-13148,-10228,-19394,2
2022-08-07 13:00:00,175290,175729,5812,16233,16040,31449,4153,15217,81780,108212,0,0,1669,3647,9751,11552,2807,24574,-26432,0,-439,-1978,-1801,-10421,-15409,-11064,-21767,1
2022-08-07 14:00:00,144369,175256,4523,17211,12486,31803,3130,15690,80436,107628,0,0,1577,3880,10142,12028,2898,28853,-27192,0,-30887,-2303,-1886,-12688,-19317,-12560,-25955,1
2022-08-07 15:00:00,106059,176624,2924,17905,10860,32323,1900,16245,78472,108280,0,0,1443,3876,10194,12167,2428,33947,-29808,0,-70565,-2433,-1973,-14981,-21463,-14345,-31519,1
2022-08-07 16:00:00,73129,178613,1551,18518,10418,32728,1586,16441,73936,108696,0,0,1198,3652,10137,12330,1996,38224,-34760,0,-105484,-2454,-2193,-16967,-22310,-14855,-36228,1
2022-08-07 17:00:00,55323,178830,964,18890,10164,33209,1647,16878,66172,108780,0,0,889,3451,10139,12396,1569,41579,-42608,0,-123507,-2562,-2257,-17926,-23045,-15231,-40010,1
2022-08-07 18:00:00,49953,178218,960,19603,9814,32965,1874,17107,51636,108828,0,0,774,3363,10110,12244,1003,44795,-57192,0,-128265,-2589,-2134,-18643,-23151,-15233,-43792,1
2022-08-07 19:00:00,52673,179105,908,18813,8023,31277,1394,16481,48508,113144,0,0,721,3190,10031,11550,778,46121,-64636,0,-126432,-2469,-1519,-17905,-23254,-15087,-45343,1
2022-08-07 20:00:00,55177,172556,985,17362,6530,29073,1099,15351,48768,110476,0,0,729,2982,9561,10851,741,45109,-61708,0,-117379,-2253,-1290,-16377,-22543,-14252,-44368,1
2022-08-07 21:00:00,54050,162236,908,16209,5533,26975,1050,14449,43956,103776,0,0,750,2833,9206,10482,729,43519,-59820,0,-108186,-2083,-1276,-15301,-21442,-13399,-42790,1
2022-08-07 22:00:00,52033,156761,825,15083,5779,25464,1005,13937,37928,97552,0,0,736,2755,9132,10284,734,42056,-59624,0,-104728,-2019,-1152,-14258,-19685,-12932,-41322,1
2022-08-07 23:00:00,53421,153121,731,14350,6197,24464,925,13693,35084,92040,0,0,743,2692,9073,10360,761,40714,-56956,0,-99700,-1949,-1287,-13619,-18267,-12768,-39953,1
2022-08-08 00:00:00,53145,150077,751,14060,6549,23850,805,13723,31664,88208,0,0,706,2667,8959,10315,822,40128,-56544,0,-96932,-1961,-1356,-13309,-17301,-12918,-39306,1
2022-08-08 01:00:00,50634,150654,738,14099,5779,23834,705,13992,30816,86416,0,0,683,2726,8859,10413,875,39611,-55600,0,-100020,-2043,-1554,-13361,-18055,-13287,-38736,1
2022-08-08 02:00:00,42505,155650,781,14723,5938,24815,637,14382,28564,86156,0,0,650,2874,9145,10570,850,39683,-57592,0,-113145,-2224,-1425,-13942,-18877,-13745,-38833,1
2022-08-08 03:00:00,36581,170500,865,15681,5925,26622,934,16855,25648,88852,0,0,712,3324,9456,11518,847,40884,-63204,0,-133919,-2612,-2062,-14816,-20697,-15921,-40037,1
2022-08-08 04:00:00,47924,195973,1409,17679,7548,29827,1860,18957,23920,96820,0,0,786,3882,9828,12631,989,42049,-72900,0,-148049,-3096,-2803,-16270,-22279,-17097,-41060,1
2022-08-08 05:00:00,70962,215279,2469,18501,10707,33360,3285,20249,26324,102284,0,0,912,4185,10189,13257,957,42431,-75960,0,-144317,-3273,-3068,-16032,-22653,-16964,-41474,1
2022-08-08 06:00:00,99750,227557,3718,18798,12951,35240,4524,20892,33572,108616,0,0,1274,4338,10343,13343,1144,41150,-75044,0,-127807,-3064,-3000,-15080,-22289,-16368,-40006,1
2022-08-08 07:00:00,127008,233053,4849,18851,14506,35830,5325,20890,47656,114936,0,0,1519,4498,10506,13484,1482,38689,-67280,0,-106045,-2979,-2978,-14002,-21324,-15565,-37207,1
2022-08-08 08:00:00,155262,237400,5675,19044,15185,36260,5308,21167,56820,118764,0,0,1536,4513,10371,13552,1570,36863,-61944,0,-82138,-2977,-3181,-13369,-21075,-15859,-35293,1
2022-08-08 09:00:00,170168,242017,6128,19370,16033,37162,5186,21333,62572,122076,0,0,1756,4515,10300,13518,1559,36382,-59504,0,-71849,-2759,-3218,-13242,-21129,-16147,-34823,1
2022-08-08 10:00:00,175480,242045,6280,19607,16168,37881,4919,21130,67964,125344,0,0,1903,4491,10302,13513,1624,35960,-57380,0,-66565,-2588,-3211,-13327,-21713,-16211,-34336,1
2022-08-08 11:00:00,172003,235766,6163,19200,15480,38281,4756,20967,69752,129372,0,0,2038,4443,10210,13332,1918,35731,-59620,0,-63763,-2405,-3122,-13037,-22801,-16211,-33813,1
2022-08-08 12:00:00,168749,230954,5920,19257,14740,38788,4062,20812,73060,129676,0,0,2068,4327,10261,13289,2073,35211,-56616,0,-62205,-2259,-3028,-13337,-24048,-16750,-33138,1
2022-08-08 13:00:00,157869,226598,4974,19472,13965,38768,3467,20811,75148,127884,0,0,2020,4300,10190,13174,2366,35802,-52736,0,-68729,-2280,-2984,-14498,-24803,-17344,-33436,1
2022-08-08 14:00:00,135350,223713,3576,20010,12961,38342,2656,20727,74652,126968,0,0,1745,4565,10354,13248,2778,38016,-52316,0,-88363,-2820,-2894,-16434,-25381,-18071,-35238,1
2022-08-08 15:00:00,106463,222860,2054,20128,11465,37564,1970,20446,73104,127064,0,0,1404,4357,10255,13231,3106,41538,-53960,0,-116397,-2953,-2976,-18074,-26099,-18476,-38432,1
2022-08-08 16:00:00,89622,221707,1128,20327,11782,37221,1670,20672,67572,125392,0,0,1076,4086,10044,12832,3626,43744,-57820,0,-132085,-3010,-2788,-19199,-25439,-19002,-40118,1
2022-08-08 17:00:00,78607,218818,632,20497,11134,36979,1589,21028,57924,122884,0,0,793,3862,10114,12548,3655,46439,-64960,0,-140211,-3069,-2434,-19865,-25845,-19439,-42784,1
2022-08-08 18:00:00,72492,212469,619,20746,9996,36037,1712,20548,50676,121616,0,0,688,3729,10005,12605,3770,48551,-70940,0,-139977,-3041,-2600,-20127,-26041,-18836,-44781,1
2022-08-08 19:00:00,69872,205739,700,19729,8450,33626,1151,18880,46316,123216,0,0,682,3532,9791,12035,3782,48888,-76900,0,-135867,-2850,-2244,-19029,-25176,-17729,-45106,1
2022-08-08 20:00:00,67159,191886,787,18709,6836,30994,1111,17495,45700,117464,0,0,639,3264,9867,11438,3729,47083,-71764,0,-124727,-2625,-1571,-17922,-24158,-16384,-43354,1
2022-08-08 21:00:00,63527,179665,800,17712,6016,28434,992,16351,43688,109368,0,0,581,3064,9047,10717,3460,45130,-65680,0,-116138,-2483,-1670,-16912,-22418,-15359,-41670,1
2022-08-08 22:00:00,62930,171406,734,16388,5689,26842,884,15722,39820,104160,0,0,599,2943,8981,10255,3152,43255,-64340,0,-108476,-2344,-1274,-15654,-21153,-14838,-40103,1
2022-08-08 23:00:00,58711,165607,746,15589,5357,25744,736,15372,40184,97952,0,0,478,2872,8966,10121,3056,41723,-57768,0,-106896,-2394,-1155,-14843,-20387,-14636,-38667,1
2022-08-09 00:00:00,56276,162261,723,15170,5325,25155,592,15367,40860,93392,0,0,426,2842,9079,10374,2662,40911,-52532,0,-105985,-2416,-1295,-14447,-19830,-14775,-38249,1
2022-08-09 01:00:00,52592,163013,644,15131,6036,25033,488,15461,43140,90716,0,0,571,2887,9261,10691,2501,40441,-47576,0,-110421,-2316,-1430,-14487,-18997,-14973,-37940,1
2022-08-09 02:00:00,48670,167640,683,15666,5887,25771,475,15612,42220,89812,0,0,633,3022,9269,10767,2204,40566,-47592,0,-118970,-2389,-1498,-14983,-19884,-15137,-38362,1
2022-08-09 03:00:00,47268,180557,758,16361,5758,27220,738,17711,38268,91972,0,0,658,3497,10153,12130,1886,41563,-53704,0,-133289,-2839,-1977,-15603,-21462,-16973,-39677,1
2022-08-09 04:00:00,58747,204260,1154,18060,7234,30006,1579,19678,32716,98924,0,0,749,4005,10079,13028,2008,42368,-66208,0,-145513,-3256,-2949,-16906,-22772,-18099,-40360,1
2022-08-09 05:00:00,81150,221633,2018,18729,10253,33096,2674,20676,32640,104064,0,0,914,4309,10261,13570,2214,42587,-71424,0,-140483,-3395,-3309,-16711,-22843,-18002,-40373,1
2022-08-09 06:00:00,105383,232171,3357,18790,12445,34771,3708,21132,37916,109244,0,0,1168,4450,10410,13704,2491,40747,-71328,0,-126788,-3282,-3294,-15433,-22326,-17424,-38256,1
2022-08-09 07:00:00,131054,236274,4620,18711,13847,35446,5021,21281,49868,115828,0,0,1398,4590,10590,13771,2648,37783,-65960,0,-105220,-3192,-3181,-14091,-21599,-16260,-35135,1
2022-08-09 08:00:00,158867,241569,5503,18644,15140,35924,5468,21490,62944,120532,0,0,1516,4584,10836,13739,3003,34529,-57588,0,-82702,-3068,-2903,-13141,-20784,-16022,-31526,1
2022-08-09 09:00:00,184514,245804,5865,18781,16202,36555,5204,21449,67884,124244,0,0,1572,4573,10835,13607,3396,31719,-56360,0,-61290,-3001,-2772,-12916,-20353,-16245,-28323,1
2022-08-09 10:00:00,201183,244430,5953,19134,17130,37347,4725,21236,69616,127672,0,0,1624,4570,10924,13560,3772,29720,-58056,0,-43247,-2946,-2636,-13181,-20217,-16511,-25948,1
2022-08-09 11:00:00,196323,241518,5707,19335,16300,37573,4832,21058,74568,130824,0,0,1657,4476,10979,13468,4441,29297,-56256,0,-45195,-2819,-2489,-13628,-21273,-16226,-24856,1
2022-08-09 12:00:00,185301,236754,5246,19772,15104,37260,4676,21203,78656,131120,0,0,1553,4310,11059,13589,5245,29608,-52464,0,-51453,-2757,-2530,-14526,-22156,-16527,-24363,1
2022-08-09 13:00:00,169646,231035,4362,20106,13947,36981,4000,20991,79840,129176,0,0,1583,4320,10940,13393,6217,31636,-49336,0,-61389,-2737,-2453,-15744,-23034,-16991,-25419,1
2022-08-09 14:00:00,146625,225791,3507,20224,13042,36186,3095,20877,77656,128580,0,0,1373,4472,10870,13372,6815,35452,-50924,0,-79166,-3099,-2502,-16717,-23144,-17782,-28637,1
2022-08-09 15:00:00,112881,224195,2477,20360,11326,36039,2291,20666,72648,127588,0,0,1118,4383,10754,13203,7374,40481,-54940,0,-111314,-3265,-2449,-17883,-24713,-18375,-33107,1
2022-08-09 16:00:00,88218,223605,1452,20674,11206,35949,1889,20702,68604,125880,0,0,835,4150,10633,13221,7706,43643,-57276,0,-135387,-3315,-2588,-19222,-24743,-18813,-35937,1
2022-08-09 17:00:00,78719,220307,887,20785,10152,35674,1844,21081,59912,123432,0,0,640,3933,10611,12659,7745,47178,-63520,0,-141588,-3293,-2048,-19898,-25522,-19237,-39433,1
2022-08-09 18:00:00,76102,213187,994,21053,8109,34647,1772,20596,52600,121452,0,0,588,3810,10423,12202,6541,49350,-68852,0,-137085,-3222,-1779,-20059,-26538,-18824,-42809,1
2022-08-09 19:00:00,74558,207471,993,19999,6376,32212,1187,19018,53312,124308,0,0,592,3593,10090,11672,6475,49738,-70996,0,-132913,-3001,-1582,-19006,-25836,-17831,-43263,1
2022-08-09 20:00:00,73695,192388,939,18878,6046,29879,1080,17470,53580,117996,0,0,550,3313,9756,11468,6964,47876,-64416,0,-118693,-2763,-1712,-17939,-23833,-16390,-40912,1
2022-08-09 21:00:00,71981,179799,894,17839,5894,27594,965,16375,47848,110080,0,0,539,3143,8718,11238,6613,46043,-62232,0,-107818,-2604,-2520,-16945,-21700,-15410,-39430,1
2022-08-09 22:00:00,67882,171818,757,16742,5985,25927,879,15769,41884,105772,0,0,535,3024,8001,10856,5989,43716,-63888,0,-103936,-2489,-2855,-15985,-19942,-14890,-37727,1
2022-08-09 23:00:00,64804,166410,713,15834,5921,24916,715,15433,38600,99380,0,0,524,2941,7529,10479,5727,42103,-60780,0,-101606,-2417,-2950,-15121,-18995,-14718,-36376,1
2022-08-10 00:00:00,62599,163093,694,15334,5808,24362,586,15378,35232,95808,0,0,526,2915,7485,10597,5035,41011,-60576,0,-100494,-2389,-3112,-14640,-18554,-14792,-35976,1
2022-08-10 01:00:00,59713,164803,655,15267,6051,24423,547,15606,30260,93732,0,0,541,2942,7422,10566,4668,40420,-63472,0,-105090,-2401,-3144,-14612,-18372,-15059,-35752,1
2022-08-10 02:00:00,49741,169518,641,15663,6258,25310,616,15687,28812,93016,0,0,580,3084,8206,10482,4353,40561,-64204,0,-119777,-2504,-2276,-15022,-19052,-15071,-36208,1
2022-08-10 03:00:00,47570,181846,688,16292,6327,26746,977,17701,26324,94748,0,0,645,3544,9155,11411,3672,41717,-68424,0,-134276,-2899,-2256,-15604,-20419,-16724,-38045,1
2022-08-10 04:00:00,58584,204514,1219,17912,8475,29512,2319,19687,24020,101272,0,0,771,4065,10353,12767,3289,42931,-77252,0,-145930,-3294,-2414,-16693,-21037,-17368,-39642,1
2022-08-10 05:00:00,79488,221564,2678,18308,12369,33052,4074,20873,25752,105988,0,0,1078,4365,10896,13358,3312,42717,-80236,0,-142076,-3287,-2462,-15630,-20683,-16799,-39405,1
2022-08-10 06:00:00,105622,231794,4510,18105,14987,34927,5068,21137,32412,111012,0,0,1400,4507,11113,13613,2880,41284,-78600,0,-126172,-3107,-2500,-13595,-19940,-16069,-38404,1
2022-08-10 07:00:00,131975,237429,6065,17761,16491,35353,5850,21248,42448,117224,0,0,1704,4612,11179,14126,2841,38558,-74776,0,-105454,-2908,-2947,-11696,-18862,-15398,-35717,1
2022-08-10 08:00:00,163590,243049,7195,17687,17629,35571,5908,21355,53044,122360,0,0,1901,4618,11047,13850,3250,35046,-69316,0,-79459,-2717,-2803,-10492,-17942,-15447,-31796,1
2022-08-10 09:00:00,187175,246921,7788,17659,18317,35755,5905,21439,59500,126792,0,0,1959,4600,11047,13653,3521,32368,-67292,0,-59746,-2641,-2606,-9871,-17438,-15534,-28847,1
2022-08-10 10:00:00,203021,245508,7677,18000,18231,35854,5902,21243,64092,131140,0,0,2046,4659,11390,13797,3726,30682,-67048,0,-42487,-2613,-2407,-10323,-17623,-15341,-26956,1
2022-08-10 11:00:00,203624,242142,7303,18113,17666,36166,5707,20813,67212,134520,0,0,2097,4585,11499,13873,3870,30310,-67308,0,-38518,-2488,-2374,-10810,-18500,-15106,-26440,1
2022-08-10 12:00:00,194631,236802,6739,18528,16918,36341,5373,20963,69252,134804,0,0,2030,4462,11253,13594,4086,30777,-65552,0,-42171,-2432,-2341,-11789,-19423,-15590,-26691,1
2022-08-10 13:00:00,177229,232095,5913,18941,15513,36887,4625,20903,71100,132968,0,0,1845,4417,11509,13518,4599,32833,-61868,0,-54866,-2572,-2009,-13028,-21374,-16278,-28234,1
2022-08-10 14:00:00,144256,227973,4646,19483,14032,37142,3437,20689,71608,132280,0,0,1447,4431,11357,13677,4988,36603,-60672,0,-83717,-2984,-2320,-14837,-23110,-17252,-31615,1
2022-08-10 15:00:00,114273,226721,2866,19924,12189,36281,2057,20541,68440,130748,0,0,1088,4283,11472,13613,5289,41744,-62308,0,-112448,-3195,-2141,-17058,-24092,-18484,-36455,1
2022-08-10 16:00:00,94454,225087,1317,20491,11388,35812,1621,20729,64776,128196,0,0,797,4041,11247,13421,6020,44946,-63420,0,-130633,-3244,-2174,-19174,-24424,-19108,-38926,1
2022-08-10 17:00:00,79955,219844,713,20651,10896,35632,1985,21207,58804,126616,0,0,650,3861,10896,12860,6228,48585,-67812,0,-139889,-3211,-1964,-19938,-24736,-19222,-42357,1
2022-08-10 18:00:00,73346,212786,917,20910,9320,34262,2027,20717,50968,125800,0,0,657,3841,10951,12881,6374,50747,-74832,0,-139440,-3184,-1930,-19993,-24942,-18690,-44373,1
2022-08-10 19:00:00,75879,207516,930,20017,7938,31980,1760,19027,50100,127232,0,0,644,3680,10603,12164,7095,50984,-77132,0,-131637,-3036,-1561,-19087,-24042,-17267,-43889,1
2022-08-10 20:00:00,76796,194020,894,18871,7067,29583,1824,17524,49580,121040,0,0,644,3404,9739,11290,7213,49184,-71460,0,-117224,-2760,-1551,-17977,-22516,-15700,-41971,1
2022-08-10 21:00:00,69727,181401,947,17907,6314,27221,1661,16468,49300,113232,0,0,631,3213,9157,10825,6804,46817,-63932,0,-111674,-2582,-1668,-16960,-20907,-14807,-40013,1
2022-08-10 22:00:00,65312,172893,958,16658,6158,25772,1546,15773,43052,108468,0,0,556,3076,9083,10862,6472,44154,-65416,0,-107581,-2520,-1779,-15700,-19614,-14227,-37682,1
2022-08-10 23:00:00,61366,166856,872,15729,6168,24702,1343,15531,41924,101908,0,0,493,2990,8694,10686,5749,42486,-59984,0,-105490,-2497,-1992,-14857,-18534,-14188,-36737,1
2022-08-11 00:00:00,61640,164403,793,15236,6085,24169,1056,15457,36400,97420,0,0,484,2944,8397,10780,5018,41640,-61020,0,-102763,-2460,-2383,-14443,-18084,-14401,-36622,1
2022-08-11 01:00:00,59362,164923,697,15132,5825,24091,830,15583,30296,95144,0,0,478,2961,8122,10496,4477,41035,-64848,0,-105561,-2483,-2374,-14435,-18266,-14753,-36558,1
2022-08-11 02:00:00,49007,168542,706,15551,6003,24866,784,15635,26812,93888,0,0,478,3094,8253,10586,3785,41044,-67076,0,-119535,-2616,-2333,-14845,-18863,-14851,-37259,1
2022-08-11 03:00:00,44608,181238,797,16250,6838,26231,1069,17637,24952,95340,0,0,538,3497,8793,11622,3160,42110,-70388,0,-136630,-2959,-2829,-15453,-19393,-16568,-38950,1
2022-08-11 04:00:00,58363,204442,1403,17858,8586,29036,2128,19608,22948,102052,0,0,674,4071,9996,13359,2709,43515,-79104,0,-146079,-3397,-3363,-16455,-20450,-17480,-40806,1
2022-08-11 05:00:00,85771,221841,2961,18405,12075,32143,3475,20769,23820,105780,0,0,975,4355,10261,13684,2223,43621,-81960,0,-136070,-3380,-3423,-15444,-20068,-17294,-41398,1
2022-08-11 06:00:00,111867,232914,4805,18231,14350,33953,4764,21033,31036,110952,0,0,1361,4505,10740,14012,1887,42319,-79916,0,-121047,-3144,-3272,-13426,-19603,-16269,-40432,1
2022-08-11 07:00:00,133810,239455,6406,17853,15093,34189,5723,20938,44560,117836,0,0,1667,4639,10762,13986,1854,39840,-73276,0,-105645,-2972,-3224,-11447,-19096,-15215,-37986,1
2022-08-11 08:00:00,162581,243812,7335,17797,16065,34435,6077,21301,55608,122272,0,0,1849,4666,10825,13881,1959,36662,-66664,0,-81231,-2817,-3056,-10462,-18370,-15224,-34703,1
2022-08-11 09:00:00,190034,246300,7326,18108,16094,34241,5913,21338,61980,125956,0,0,2005,4680,10876,13772,2185,34228,-63976,0,-56266,-2675,-2896,-10782,-18147,-15425,-32043,1
2022-08-11 10:00:00,209036,247269,6847,18675,16617,34413,5676,21178,64224,129524,0,0,1997,4640,10974,13689,2601,32499,-65300,0,-38233,-2643,-2715,-11828,-17796,-15502,-29898,1
2022-08-11 11:00:00,213060,244140,6001,18798,16646,34912,5841,21302,66904,132876,0,0,2030,4586,10870,13784,3077,32161,-65972,0,-31080,-2556,-2914,-12797,-18266,-15461,-29084,1
2022-08-11 12:00:00,198426,239000,5664,19037,16250,35456,5388,21374,69528,133232,0,0,1932,4386,10944,13809,3485,32578,-63704,0,-40574,-2454,-2865,-13373,-19206,-15986,-29093,1
2022-08-11 13:00:00,176775,234493,4903,19403,14688,35720,4139,20725,70908,132092,0,0,1792,4303,10859,13745,3997,34647,-61184,0,-57718,-2511,-2886,-14500,-21032,-16586,-30650,1
2022-08-11 14:00:00,142845,227987,3643,19821,12251,35245,3118,20595,71112,131180,0,0,1496,4405,10835,13926,5116,38113,-60068,0,-85142,-2909,-3091,-16178,-22994,-17477,-32997,1
2022-08-11 15:00:00,119622,225243,2277,19893,10715,35082,2043,20511,70360,130564,0,0,1145,4314,10770,14024,5992,42838,-60204,0,-105621,-3169,-3254,-17616,-24367,-18468,-36846,1
2022-08-11 16:00:00,96917,222252,1273,20236,10419,35152,1933,20752,66664,129220,0,0,774,4106,10479,13844,6388,46344,-62556,0,-125335,-3332,-3365,-18963,-24733,-18819,-39956,1
2022-08-11 17:00:00,84774,217917,784,20292,10107,34973,2327,21142,58848,127444,0,0,590,3921,10250,13671,6606,49847,-68596,0,-133143,-3331,-3421,-19508,-24866,-18815,-43241,1
2022-08-11 18:00:00,80312,212374,802,20596,8892,33716,2273,20615,46404,126112,0,0,536,3812,10131,13121,7309,51894,-79708,0,-132062,-3276,-2990,-19794,-24824,-18342,-44585,1
2022-08-11 19:00:00,77720,206392,900,19558,6937,31440,1819,19010,43528,127848,0,0,541,3639,9912,12318,8282,52097,-84320,0,-128672,-3098,-2406,-18658,-24503,-17191,-43815,1
2022-08-11 20:00:00,74120,192187,802,18573,5809,29023,1845,17658,41296,121632,0,0,525,3375,9346,11657,8837,49951,-80336,0,-118067,-2850,-2311,-17771,-23214,-15813,-41114,1
2022-08-11 21:00:00,74289,179286,734,17695,5159,26807,1843,16540,37392,114124,0,0,461,3179,8982,10908,8246,47329,-76732,0,-104997,-2718,-1926,-16961,-21648,-14697,-39083,1
2022-08-11 22:00:00,74557,171001,658,16616,4553,25188,1756,15879,33448,108384,0,0,436,3058,8783,10611,7227,44877,-74936,0,-96444,-2622,-1828,-15958,-20635,-14123,-37650,1
2022-08-11 23:00:00,74492,165075,683,15676,4678,24032,1644,15579,29500,101880,0,0,452,2989,8822,10504,6821,43033,-72380,0,-90583,-2537,-1682,-14993,-19354,-13935,-36212,1
2022-08-12 00:00:00,67549,162367,726,15183,4623,23615,1551,15593,27148,97892,0,0,460,2926,8860,10598,6209,42019,-70744,0,-94818,-2466,-1738,-14457,-18992,-14042,-35810,1
2022-08-12 01:00:00,60651,161802,743,15121,4463,23565,1327,15598,23452,94616,0,0,498,2937,9045,10736,4951,41354,-71164,0,-101151,-2439,-1691,-14378,-19102,-14271,-36403,1
2022-08-12 02:00:00,51222,165917,685,15531,4771,24373,1245,15707,20484,94004,0,0,483,3100,9547,10820,4404,41300,-73520,0,-114695,-2617,-1273,-14846,-19602,-14462,-36896,1
2022-08-12 03:00:00,48910,178208,718,16198,5723,25756,1507,17769,18948,95772,0,0,520,3516,9967,12069,3748,42259,-76824,0,-129298,-2996,-2102,-15480,-20033,-16262,-38511,1
2022-08-12 04:00:00,58846,199947,1282,17706,6973,28095,2126,19652,20736,102092,0,0,708,4019,10140,13244,3296,43869,-81356,0,-141101,-3311,-3104,-16424,-21122,-17526,-40573,1
2022-08-12 05:00:00,81788,217449,2638,18177,10087,30898,3239,20862,22680,105828,0,0,1035,4318,10255,13808,2839,44191,-83148,0,-135661,-3283,-3553,-15539,-20811,-17623,-41352,1
2022-08-12 06:00:00,109482,228884,4394,18050,11406,32651,4446,21291,29120,109848,0,0,1393,4439,9939,14078,2473,43028,-80728,0,-119402,-3046,-4139,-13656,-21245,-16845,-40555,1
2022-08-12 07:00:00,135551,235007,5777,17973,12193,32903,5504,21203,39608,116152,0,0,1678,4533,9883,13995,2336,40615,-76544,0,-99456,-2855,-4112,-12196,-20710,-15699,-38279,1
2022-08-12 08:00:00,167329,239857,6824,17812,12774,32847,6230,21491,50040,121120,0,0,1894,4523,10020,13969,2440,37392,-71080,0,-72528,-2629,-3949,-10988,-20073,-15261,-34952,1
2022-08-12 09:00:00,197681,245615,7308,17702,12788,32016,6295,21384,54832,125140,0,0,1955,4434,10285,14063,2518,34988,-70308,0,-47934,-2479,-3778,-10394,-19228,-15089,-32470,1
2022-08-12 10:00:00,213755,242623,6999,18017,13575,32382,6096,21305,58280,129704,0,0,2014,4361,10186,13893,2971,33389,-71424,0,-28868,-2347,-3707,-11018,-18807,-15209,-30418,1
2022-08-12 11:00:00,213863,236619,6222,18185,14383,32532,5709,20973,61628,133424,0,0,2014,4233,10183,13433,3440,32991,-71796,0,-22756,-2219,-3250,-11963,-18149,-15264,-29551,1
2022-08-12 12:00:00,203478,230876,5815,18530,13833,32311,5179,21077,66756,133888,0,0,1932,4107,10271,13574,3661,33326,-67132,0,-27398,-2175,-3303,-12715,-18478,-15898,-29665,1
2022-08-12 13:00:00,180124,226720,4992,19084,13123,32388,4458,21041,68584,132368,0,0,1786,4043,10233,13542,4341,34906,-63784,0,-46596,-2257,-3309,-14092,-19265,-16583,-30565,1
2022-08-12 14:00:00,148612,222619,3939,19324,11484,32624,3618,20985,69336,132128,0,0,1533,4136,10199,13551,4793,38392,-62792,0,-74007,-2603,-3352,-15385,-21140,-17367,-33599,1
2022-08-12 15:00:00,123108,221503,2510,19831,9666,32768,2634,20800,67876,130984,0,0,1231,4107,10528,13240,5417,43122,-63108,0,-98395,-2876,-2712,-17321,-23102,-18166,-37705,1
2022-08-12 16:00:00,105013,216067,1240,20049,8576,32273,2244,20673,59988,128928,0,0,924,3885,10187,12889,6342,46691,-68940,0,-111054,-2961,-2702,-18809,-23697,-18429,-40349,1
2022-08-12 17:00:00,91150,211777,670,20105,8317,32079,2662,20985,51424,127136,0,0,789,3684,9956,12618,7003,50261,-75712,0,-120627,-2895,-2662,-19435,-23762,-18323,-43258,1
2022-08-12 18:00:00,83416,205658,585,20402,7407,30792,2635,20319,42560,125932,0,0,811,3600,9858,12558,7809,52082,-83372,0,-122242,-2789,-2700,-19817,-23385,-17684,-44273,1
2022-08-12 19:00:00,81005,199426,642,19438,5850,28559,2140,18847,39620,127284,0,0,801,3481,9820,11909,8492,51902,-87664,0,-118421,-2680,-2089,-18796,-22709,-16707,-43410,1
2022-08-12 20:00:00,72657,186824,783,18473,5497,26512,2131,17576,39372,121384,0,0,889,3244,9652,11339,9127,49927,-82012,0,-114167,-2355,-1687,-17690,-21015,-15445,-40800,1
2022-08-12 21:00:00,69636,174736,805,17570,5205,24557,1876,16429,34728,113788,0,0,910,3048,9670,11208,8549,47797,-79060,0,-105100,-2138,-1538,-16765,-19352,-14553,-39248,1
2022-08-12 22:00:00,67189,165823,815,16447,4672,23020,1552,15688,34224,109392,0,0,838,2911,9454,10650,6547,44893,-75168,0,-98634,-2073,-1196,-15632,-18348,-14136,-38346,1
2022-08-12 23:00:00,63359,158822,801,15485,4692,22004,1454,15297,30188,103488,0,0,745,2816,9444,10423,5239,42756,-73300,0,-95463,-2071,-979,-14684,-17312,-13843,-37517,1
2022-08-13 00:00:00,55738,154508,662,15048,4657,21509,1141,15186,27712,99168,0,0,687,2770,9423,10381,4437,41958,-71456,0,-98770,-2083,-958,-14386,-16852,-14045,-37521,1
2022-08-13 01:00:00,49970,152571,596,14868,4728,21443,1170,15036,22928,95244,0,0,642,2727,9522,10338,4429,41257,-72316,0,-102601,-2085,-816,-14272,-16715,-13866,-36828,1
2022-08-13 02:00:00,45106,151684,617,14964,4580,21922,1316,14654,21292,93244,0,0,608,2729,9416,10082,3320,40848,-71952,0,-106578,-2121,-666,-14347,-17342,-13338,-37528,1
2022-08-13 03:00:00,42340,153431,720,14724,5210,22207,1556,15364,20100,92620,0,0,660,2830,9457,10240,2397,40653,-72520,0,-111091,-2170,-783,-14004,-16997,-13808,-38256,1
2022-08-13 04:00:00,47301,160053,1190,15271,6762,23432,1781,16655,22536,93396,0,0,771,3109,9507,10636,2041,40129,-70860,0,-112752,-2338,-1129,-14081,-16670,-14874,-38088,1
2022-08-13 05:00:00,66365,171424,2157,15678,9041,25255,2187,18049,27148,94128,0,0,1101,3427,9782,11377,2131,38520,-66980,0,-105059,-2326,-1595,-13521,-16214,-15862,-36389,1
2022-08-13 06:00:00,95122,185395,3225,16116,11853,26936,3205,19099,35128,98308,0,0,1498,3645,10120,12057,2188,36685,-63180,0,-90273,-2147,-1937,-12891,-15083,-15894,-34497,1
2022-08-13 07:00:00,121109,196105,4108,16366,13382,26783,4122,19303,39512,105628,0,0,1803,3765,10316,12008,2096,34696,-66116,0,-74996,-1962,-1692,-12258,-13401,-15181,-32600,1
2022-08-13 08:00:00,150134,202639,4985,16291,15560,26941,4570,19262,48360,111720,0,0,1988,3787,10624,12289,2273,31761,-63360,0,-52505,-1799,-1665,-11306,-11381,-14692,-29488,1
2022-08-13 09:00:00,174392,206040,5352,16481,16727,26934,4671,19236,54744,114764,0,0,2093,3782,10565,12224,2338,29332,-60020,0,-31648,-1689,-1659,-11129,-10207,-14565,-26994,1
2022-08-13 10:00:00,182100,202956,5401,16734,16944,26525,4581,19017,65944,117956,0,0,2118,3769,10563,12282,2767,27543,-52012,0,-20856,-1651,-1719,-11333,-9581,-14436,-24776,1
2022-08-13 11:00:00,184446,198624,5240,16402,17225,26628,4639,18573,75700,120816,0,0,2087,3667,10401,11920,2880,26869,-45116,0,-14178,-1580,-1519,-11162,-9403,-13934,-23989,1
2022-08-13 12:00:00,178440,194538,4791,16454,16560,25649,4398,18315,82372,121304,0,0,1970,3616,10349,11777,2581,27345,-38932,0,-16098,-1646,-1428,-11663,-9089,-13917,-24764,1
2022-08-13 13:00:00,164185,192133,4295,16867,16174,26879,4070,18242,89448,118704,0,0,1827,3632,10279,11897,2257,29258,-29256,0,-27948,-1805,-1618,-12572,-10705,-14172,-27001,1
2022-08-13 14:00:00,132250,189209,3054,17436,13407,28063,3546,18476,92820,116132,0,0,1535,3723,10363,12189,2483,33033,-23312,0,-56959,-2188,-1826,-14382,-14656,-14930,-30550,1
2022-08-13 15:00:00,106799,190519,2075,17677,10252,29060,2849,18378,94524,115828,0,0,1198,3734,10249,12271,2848,37979,-21304,0,-83720,-2536,-2022,-15602,-18808,-15529,-35131,1
2022-08-13 16:00:00,91214,190587,1282,18012,9177,29438,2610,18333,90268,114568,0,0,884,3615,10124,12194,3282,42634,-24300,0,-99373,-2731,-2070,-16730,-20261,-15723,-39352,1
2022-08-13 17:00:00,83944,187201,868,18289,8645,29963,2839,18623,80052,113944,0,0,736,3487,10015,11992,3398,46675,-33892,0,-103257,-2751,-1977,-17421,-21318,-15784,-43277,1
2022-08-13 18:00:00,78434,181717,892,18902,7372,28947,2773,18274,60720,114600,0,0,732,3409,9817,12024,3714,49142,-53880,0,-103283,-2677,-2207,-18010,-21575,-15501,-45428,1
2022-08-13 19:00:00,76088,178990,920,17982,5843,26920,2077,17036,47972,117180,0,0,783,3326,9687,11692,4605,49626,-69208,0,-102902,-2543,-2005,-17062,-21077,-14959,-45021,1
2022-08-13 20:00:00,69083,168652,934,16765,5203,25009,1815,15839,48152,111556,0,0,799,3117,9544,11269,5430,48189,-63404,0,-99569,-2318,-1725,-15831,-19806,-14024,-42759,1
2022-08-13 21:00:00,65675,160722,896,15778,4827,23512,1801,14732,43684,104560,0,0,830,2943,9158,10931,5886,46288,-60876,0,-95047,-2113,-1773,-14882,-18685,-12931,-40402,1
2022-08-13 22:00:00,62072,152748,848,14918,4463,22239,1815,14113,42640,99136,0,0,794,2811,9018,10697,5922,44119,-56496,0,-90676,-2017,-1679,-14070,-17776,-12298,-38197,1
2022-08-13 23:00:00,62111,147178,847,14217,4374,21311,1785,13726,45348,93232,0,0,771,2716,8925,10651,6730,42348,-47884,0,-85067,-1945,-1726,-13370,-16937,-11941,-35618,1
2022-08-14 00:00:00,57125,143267,841,13843,4504,20736,1616,13486,45256,89428,0,0,868,2663,8674,10294,7008,41301,-44172,0,-86142,-1795,-1620,-13002,-16232,-11870,-34293,1
2022-08-14 01:00:00,52422,141650,825,13629,4609,20419,1454,13324,45352,86720,0,0,922,2629,8707,10297,6332,40640,-41368,0,-89228,-1707,-1590,-12804,-15810,-11870,-34308,1
2022-08-14 02:00:00,49949,141768,785,13650,5651,20529,1460,12977,44428,84496,0,0,1022,2629,8580,9830,5148,40218,-40068,0,-91819,-1607,-1250,-12865,-14878,-11517,-35070,1
2022-08-14 03:00:00,51813,143208,829,13516,6190,20195,1599,13163,41820,83808,0,0,1188,2676,8968,9995,4130,39877,-41988,0,-91395,-1488,-1027,-12687,-14005,-11564,-35747,1
2022-08-14 04:00:00,58751,146835,1298,13927,7579,21076,1890,14079,38788,84284,0,0,1365,2926,9293,10539,3340,38844,-45496,0,-88084,-1561,-1246,-12629,-13497,-12189,-35504,1
2022-08-14 05:00:00,77123,156659,2340,14341,10997,23226,2318,15154,36244,82852,0,0,1585,3258,9402,11024,2937,36813,-46608,0,-79536,-1673,-1622,-12001,-12229,-12836,-33876,1
2022-08-14 06:00:00,102417,169802,4039,14791,13692,24528,3313,16028,37788,85460,0,0,1868,3490,9543,11547,2428,34542,-47672,0,-67385,-1622,-2004,-10752,-10836,-12715,-32114,1
2022-08-14 07:00:00,138272,180371,5683,15049,15517,25019,4727,16624,51396,90656,0,0,2176,3620,9705,11801,2197,32289,-39260,0,-42099,-1444,-2096,-9366,-9502,-11897,-30092,1
2022-08-14 08:00:00,171027,188257,6669,15045,16923,25133,5724,16791,65312,95820,0,0,2356,3688,9908,11961,2458,29773,-30508,0,-17230,-1332,-2053,-8376,-8210,-11067,-27315,1
2022-08-14 09:00:00,196870,194832,7122,15184,18049,25843,5972,16526,74728,99156,0,0,2450,3747,9929,11853,2718,27965,-24428,0,2038,-1297,-1924,-8062,-7794,-10554,-25247,2
2022-08-14 10:00:00,208531,192613,6971,15366,17903,24974,6179,16537,83276,101812,0,0,2341,3761,9928,11839,2809,27185,-18536,0,15918,-1420,-1911,-8395,-7071,-10358,-24376,2
2022-08-14 11:00:00,205524,187670,7048,15050,17642,24652,5779,15954,88948,104936,0,0,2339,3739,10021,11808,2553,27025,-15988,0,17854,-1400,-1787,-8002,-7010,-10175,-24472,2
2022-08-14 12:00:00,196827,184848,6598,15381,16655,24725,5413,15924,91168,106280,0,0,2438,3669,10021,11820,2366,28110,-15112,0,11979,-1231,-1799,-8783,-8070,-10511,-25744,2
2022-08-14 13:00:00,176789,183149,5625,16162,14959,25279,4692,15989,90372,104680,0,0,2478,3658,10016,12294,2284,30987,-14308,0,-6360,-1180,-2278,-10537,-10320,-11297,-28703,1
2022-08-14 14:00:00,146067,183812,4197,16913,13319,26392,3761,16163,88224,103908,0,0,2158,3882,10068,12531,2288,35655,-15684,0,-37745,-1724,-2463,-12716,-13073,-12402,-33367,1
2022-08-14 15:00:00,117350,186528,2547,17695,10536,27469,2644,16359,86840,104096,0,0,2025,3906,10075,12743,2591,41785,-17256,0,-69178,-1881,-2668,-15148,-16933,-13715,-39194,1
2022-08-14 16:00:00,96664,189640,1258,18304,10564,28073,2231,16496,81352,105004,0,0,1903,3770,10114,12679,2746,45617,-23652,0,-92976,-1867,-2565,-17046,-17509,-14265,-42871,1
2022-08-14 17:00:00,87366,189647,759,18713,11559,29245,2426,17070,68412,105404,0,0,1944,3641,10198,12150,3091,48767,-36992,0,-102281,-1697,-1952,-17954,-17686,-14644,-45676,1
2022-08-14 18:00:00,86469,189796,665,19379,10155,28530,2031,16965,49124,105584,0,0,2260,3581,10432,11939,3551,50522,-56460,0,-103327,-1321,-1507,-18714,-18375,-14934,-46971,1
2022-08-14 19:00:00,90339,189522,661,18463,7773,26718,1682,16194,44048,110408,0,0,2666,3443,10398,11453,3744,50815,-66360,0,-99183,-777,-1055,-17802,-18945,-14512,-47071,1
2022-08-14 20:00:00,87478,183211,651,17189,6025,24894,1780,15162,44788,107184,0,0,2495,3299,10374,10863,2839,49138,-62396,0,-95733,-804,-489,-16538,-18869,-13382,-46299,1
2022-08-14 21:00:00,83547,173252,638,16064,5817,23240,2090,14180,44256,100308,0,0,2570,3090,10420,10738,2591,46870,-56052,0,-89705,-520,-318,-15426,-17423,-12090,-44279,1
2022-08-14 22:00:00,79544,165873,651,15079,4996,21943,2144,13549,42552,94668,0,0,2149,2976,10129,10375,3085,45160,-52116,0,-86329,-827,-246,-14428,-16947,-11405,-42075,1
2022-08-14 23:00:00,80086,161723,656,14401,5065,21185,2235,13325,42388,89624,0,0,2052,2840,10114,10437,2584,43797,-47236,0,-81637,-788,-323,-13745,-16120,-11090,-41213,1
2022-08-15 00:00:00,75987,155349,651,14055,5061,20613,2237,13141,39824,85928,0,0,1779,2843,10057,10453,1927,42930,-46104,0,-79362,-1064,-396,-13404,-15552,-10904,-41003,1
2022-08-15 01:00:00,75239,155084,651,14034,5326,20404,2146,13130,38008,83376,0,0,1732,2880,10005,10658,2356,42328,-45368,0,-79845,-1148,-653,-13383,-15078,-10984,-39972,1
2022-08-15 02:00:00,68728,160747,675,14636,5584,20637,1996,12749,36436,81856,0,0,1586,3092,9976,10679,2433,42659,-45420,0,-92019,-1506,-703,-13961,-15053,-10753,-40226,1
2022-08-15 03:00:00,62699,175580,730,15517,5623,20481,1931,13105,35556,81892,0,0,1499,3550,10235,11638,3281,44227,-46336,0,-112881,-2051,-1403,-14787,-14858,-11174,-40946,1
2022-08-15 04:00:00,63732,197303,1275,17520,6862,21261,2446,13956,33020,83208,0,0,1430,4043,10668,12804,2729,46354,-50188,0,-133571,-2613,-2136,-16245,-14399,-11510,-43625,1
2022-08-15 05:00:00,76315,212636,2752,18388,9935,23108,3286,15158,32652,82492,0,0,1561,4411,10926,14022,2745,47919,-49840,0,-136321,-2850,-3096,-15636,-13173,-11872,-45174,1
2022-08-15 06:00:00,90041,221710,4515,18726,11731,23992,4419,15991,39980,84812,0,0,1890,4522,11126,14437,2512,48462,-44832,0,-131669,-2632,-3311,-14211,-12261,-11572,-45950,1
2022-08-15 07:00:00,109118,229228,5832,18667,13309,24528,5608,16180,58656,89832,0,0,2214,4661,11322,14633,3493,47130,-31176,0,-120110,-2447,-3311,-12835,-11219,-10572,-43637,1
2022-08-15 08:00:00,129676,236911,6628,18752,14631,25210,6643,16128,72360,94304,0,0,2623,4715,11313,14695,4509,46365,-21944,0,-107235,-2092,-3382,-12124,-10579,-9485,-41856,1
2022-08-15 09:00:00,144433,242133,6999,19116,15761,25840,7009,16013,75368,96816,0,0,2858,4632,11529,14620,5165,45414,-21448,0,-97700,-1774,-3091,-12117,-10079,-9004,-40249,1
2022-08-15 10:00:00,148750,241002,6592,19778,17087,24819,6868,16036,73976,99432,0,0,2861,4612,11652,14626,3731,45178,-25456,0,-92252,-1751,-2974,-13186,-7732,-9168,-41447,1
2022-08-15 11:00:00,154630,236142,6095,20058,17785,24691,6729,16040,74860,102548,0,0,3045,4543,11736,14378,2750,45447,-27688,0,-81512,-1498,-2642,-13963,-6906,-9311,-42697,1
2022-08-15 12:00:00,157698,234246,5870,20307,17494,24775,6158,16004,76632,103524,0,0,3004,4451,11623,14050,2551,44455,-26892,0,-76548,-1447,-2427,-14437,-7281,-9846,-41904,1
2022-08-15 13:00:00,152299,229631,5144,20401,13596,25367,5610,16320,77756,102140,0,0,2627,4388,11506,13486,3330,44109,-24384,0,-77332,-1761,-1980,-15257,-11771,-10710,-40779,1
2022-08-15 14:00:00,127273,226860,3881,20873,11828,26392,4439,16781,75252,101768,0,0,2189,4540,11445,13885,2956,45905,-26516,0,-99587,-2351,-2440,-16992,-14564,-12342,-42949,1
2022-08-15 15:00:00,105169,228168,2515,21148,10206,26961,3058,16935,71060,102600,0,0,1778,4421,11257,13747,2736,48447,-31540,0,-122999,-2643,-2490,-18633,-16755,-13877,-45711,1
2022-08-15 16:00:00,80432,225251,1196,21472,10051,27932,2765,17046,67228,103676,0,0,1542,4193,11004,13861,2814,50653,-36448,0,-144819,-2651,-2857,-20276,-17881,-14281,-47839,1
2022-08-15 17:00:00,70440,221538,711,21613,10379,29277,3012,17704,58904,104092,0,0,1426,4000,11023,13395,2542,52506,-45188,0,-151098,-2574,-2372,-20902,-18898,-14692,-49964,1
2022-08-15 18:00:00,63764,215571,667,21773,9500,28739,2940,17475,45584,105480,0,0,1223,3943,10966,12771,2534,53445,-59896,0,-151807,-2720,-1805,-21106,-19239,-14535,-50911,1
2022-08-15 19:00:00,57460,205890,679,20539,8504,26998,2589,16524,42812,110776,0,0,1282,3711,10830,11867,2565,53273,-67964,0,-148430,-2429,-1037,-19860,-18494,-13935,-50708,1
2022-08-15 20:00:00,50072,191220,666,19406,6512,25092,2437,15361,42532,106744,0,0,1448,3439,10610,11233,3264,50970,-64212,0,-141148,-1991,-623,-18740,-18580,-12924,-47706,1
2022-08-15 21:00:00,44690,177045,663,18439,6213,23300,2202,14498,42640,99812,0,0,1346,3244,10141,10823,3025,48310,-57172,0,-132355,-1898,-682,-17776,-17087,-12296,-45285,1
2022-08-15 22:00:00,42910,168118,666,17269,7722,22037,2097,14154,40044,95396,0,0,1201,3141,9821,10655,2823,45093,-55352,0,-125208,-1940,-834,-16603,-14315,-12057,-42270,1
2022-08-15 23:00:00,45079,161867,672,16378,8902,21295,1791,13953,35116,89928,0,0,1149,3062,9610,10442,3328,43551,-54812,0,-116788,-1913,-832,-15706,-12393,-12162,-40223,1
2022-08-16 00:00:00,51286,160916,758,15805,9313,20764,1711,13892,34568,86628,0,0,1242,2995,9585,10295,3059,42774,-52060,0,-109630,-1753,-710,-15047,-11451,-12181,-39715,1
2022-08-16 01:00:00,56661,162396,829,15657,9886,20872,1622,14228,34676,84232,0,0,1175,3067,9622,10476,2755,42256,-49556,0,-105735,-1892,-854,-14828,-10986,-12606,-39501,1
2022-08-16 02:00:00,54840,168427,896,16092,7984,21774,1469,14655,37004,83508,0,0,911,3215,10148,10816,3113,42172,-46504,0,-113587,-2304,-668,-15196,-13790,-13186,-39059,1
2022-08-16 03:00:00,45754,181449,922,16896,6311,22828,1491,17158,37544,85980,0,0,1020,3690,10487,11675,3259,43168,-48436,0,-135695,-2670,-1188,-15974,-16517,-15667,-39909,1
2022-08-16 04:00:00,49260,204971,1447,18556,8125,24725,1999,19598,35440,92876,0,0,1186,4215,10936,12976,3265,45180,-57436,0,-155711,-3029,-2040,-17109,-16600,-17599,-41915,1
2022-08-16 05:00:00,69095,221664,2628,19239,12092,27478,3016,21300,36396,96512,0,0,1232,4516,11552,13908,2941,46146,-60116,0,-152569,-3284,-2356,-16611,-15386,-18284,-43205,1
2022-08-16 06:00:00,93377,232163,4320,19450,13842,29120,4184,22079,41972,101488,0,0,1297,4581,11908,14431,2588,45213,-59516,0,-138786,-3284,-2523,-15130,-15278,-17895,-42625,1
2022-08-16 07:00:00,122150,237584,5945,19305,15417,29959,4959,22233,56592,107356,0,0,1553,4726,12195,14952,2430,42524,-50764,0,-115434,-3173,-2757,-13360,-14542,-17274,-40094,1
2022-08-16 08:00:00,152525,243207,7088,19023,16196,29990,5561,22633,70032,111896,0,0,1895,4718,12313,14956,2827,39438,-41864,0,-90682,-2823,-2643,-11935,-13794,-17072,-36611,1
2022-08-16 09:00:00,172953,247474,7651,19321,15929,30039,5588,22711,78116,114952,0,0,2161,4670,12522,14721,3124,37864,-36836,0,-74521,-2509,-2199,-11670,-14110,-17123,-34740,1
2022-08-16 10:00:00,182015,245985,7528,19873,16013,30280,5336,22711,83736,117532,0,0,2462,4704,12483,14353,3234,37592,-33796,0,-63970,-2242,-1870,-12345,-14267,-17375,-34358,1
2022-08-16 11:00:00,176739,241593,6997,20229,15743,30717,4945,22305,90144,119840,0,0,2668,4589,12392,14056,3008,38528,-29696,0,-64854,-1921,-1664,-13232,-14974,-17360,-35520,1
2022-08-16 12:00:00,164954,237670,6146,20780,14812,30960,4525,22359,92568,119100,0,0,2898,4517,12107,13772,2849,39237,-26532,0,-72716,-1619,-1665,-14634,-16148,-17834,-36388,1
2022-08-16 13:00:00,146746,233144,4892,21454,14058,31591,3350,21879,93992,116776,0,0,2911,4523,12131,13860,2489,41529,-22784,0,-86398,-1612,-1729,-16562,-17533,-18529,-39040,1
2022-08-16 14:00:00,122572,229738,3547,21788,12688,32158,2707,22066,94448,116348,0,0,2470,4704,12272,14372,2107,45785,-21900,0,-107166,-2234,-2100,-18241,-19470,-19359,-43678,1
2022-08-16 15:00:00,97121,229107,2334,21598,11804,32746,2157,21967,91592,116180,0,0,1766,4496,12259,14529,1607,49613,-24588,0,-131986,-2730,-2270,-19264,-20942,-19810,-48006,1
2022-08-16 16:00:00,79096,226785,1323,21649,12030,32894,1995,21932,87204,115340,0,0,1148,4250,11629,14231,1153,50954,-28136,0,-147689,-3102,-2602,-20326,-20864,-19937,-49801,1
2022-08-16 17:00:00,63805,221396,824,21771,12346,33515,1974,22442,76592,113880,0,0,884,3985,11498,13559,937,52597,-37288,0,-157591,-3101,-2061,-20947,-21169,-20468,-51660,1
2022-08-16 18:00:00,54984,215694,830,22035,9200,32557,1818,21622,61084,114164,0,0,857,3934,11441,13060,685,53275,-53080,0,-160710,-3077,-1619,-21205,-23357,-19804,-52590,1
2022-08-16 19:00:00,50588,206980,781,20775,7887,30400,930,19868,52892,117288,0,0,835,3693,11296,12565,594,52881,-64396,0,-156392,-2858,-1269,-19994,-22513,-18938,-52287,1
2022-08-16 20:00:00,40742,192385,714,19608,6178,28025,485,18425,52496,110436,0,0,850,3418,10516,11935,633,50886,-57940,0,-151643,-2568,-1419,-18894,-21847,-17940,-50253,1
2022-08-16 21:00:00,32347,179161,694,18529,5074,25857,460,17255,50804,103232,0,0,914,3229,9060,11230,930,48379,-52428,0,-146814,-2315,-2170,-17835,-20783,-16795,-47449,1
2022-08-16 22:00:00,31563,170270,675,17244,4939,24292,392,16716,48512,99100,0,0,920,3102,8771,10920,1218,45820,-50588,0,-138707,-2182,-2149,-16569,-19353,-16324,-44602,1
2022-08-16 23:00:00,37355,165855,648,16256,5022,23405,310,16313,45856,93596,0,0,877,3039,8623,10885,2123,43635,-47740,0,-128500,-2162,-2262,-15608,-18383,-16003,-41512,1
2022-08-17 00:00:00,44783,164954,644,15756,5651,22785,286,16320,41964,89928,0,0,841,3025,8513,10933,1876,42701,-47964,0,-120171,-2184,-2420,-15112,-17134,-16034,-40825,1
2022-08-17 01:00:00,44936,165229,645,15627,6011,22611,256,16471,41660,87892,0,0,808,3075,8625,11266,2183,42336,-46232,0,-120293,-2267,-2641,-14982,-16600,-16215,-40153,1
2022-08-17 02:00:00,41296,170713,640,16117,5640,23306,269,16727,42116,87232,0,0,753,3235,9429,11559,2166,42636,-45116,0,-129417,-2482,-2130,-15477,-17666,-16458,-40470,1
2022-08-17 03:00:00,36321,184673,687,16887,5570,24456,578,18732,39400,89080,0,0,671,3681,9961,12485,1855,43990,-49680,0,-148352,-3010,-2524,-16200,-18886,-18154,-42135,1
2022-08-17 04:00:00,39043,207228,1196,18537,7260,26533,1566,20818,34272,95256,0,0,779,4169,10271,13649,2058,46379,-60984,0,-168185,-3390,-3378,-17341,-19273,-19252,-44321,1
2022-08-17 05:00:00,56463,224357,2748,19173,10209,29286,2990,22123,32964,98648,0,0,968,4451,10685,14597,2939,49662,-65684,0,-167894,-3483,-3912,-16425,-19077,-19133,-46723,1
2022-08-17 06:00:00,82624,235072,4640,19344,12507,31318,4410,22679,39656,102360,0,0,1278,4578,10787,14940,3413,51404,-62704,0,-152448,-3300,-4153,-14704,-18811,-18269,-47991,1
2022-08-17 07:00:00,105739,241371,6180,19277,13765,31773,5334,22678,55232,106848,0,0,1564,4624,10783,15008,2944,52332,-51616,0,-135632,-3060,-4225,-13097,-18008,-17344,-49388,1
2022-08-17 08:00:00,122874,247984,7221,19420,14099,32115,5831,23141,72320,110600,0,0,1727,4637,10848,15111,3237,50781,-38280,0,-125110,-2910,-4263,-12199,-18016,-17310,-47544,1
2022-08-17 09:00:00,135259,252942,7658,19778,14898,32970,5875,23375,82336,112964,0,0,1736,4638,10715,14758,3687,51144,-30628,0,-117683,-2902,-4043,-12120,-18072,-17500,-47457,1
2022-08-17 10:00:00,138997,250892,7696,20101,14863,33141,5664,23255,88068,114928,0,0,1788,4690,10860,14602,3719,52025,-26860,0,-111895,-2902,-3742,-12405,-18278,-17591,-48306,1
2022-08-17 11:00:00,136002,243829,7443,20215,14007,33370,5305,22889,89916,116968,0,0,1822,4618,10882,14573,3383,52344,-27052,0,-107827,-2796,-3691,-12772,-19363,-17584,-48961,1
2022-08-17 12:00:00,136941,238153,6729,20797,12401,33362,4685,22839,88124,116244,0,0,1774,4491,10845,14492,3530,52308,-28120,0,-101212,-2717,-3647,-14068,-20961,-18154,-48778,1
2022-08-17 13:00:00,130117,234409,5795,21284,11272,33451,4002,22806,88008,113736,0,0,1702,4438,10928,14328,3506,51358,-25728,0,-104292,-2736,-3400,-15489,-22179,-18804,-47852,1
2022-08-17 14:00:00,114398,230243,4469,21913,10587,33908,3004,22793,86772,112968,0,0,1478,4564,10909,14504,3551,50878,-26196,0,-115845,-3086,-3595,-17444,-23321,-19789,-47327,1
2022-08-17 15:00:00,94017,230297,2769,22345,10174,33929,2274,22395,85416,113228,0,0,1301,4456,10732,14552,3879,52738,-27812,0,-136280,-3155,-3820,-19576,-23755,-20121,-48859,1
2022-08-17 16:00:00,83398,228986,1314,22767,11083,34125,1846,22424,83312,111540,0,0,1237,4193,10382,14155,3859,51989,-28228,0,-145588,-2956,-3773,-21453,-23042,-20578,-48130,1
2022-08-17 17:00:00,75613,224222,822,22773,10580,34473,1820,22837,72188,110220,0,0,1220,4004,10224,13775,2587,52048,-38032,0,-148609,-2784,-3551,-21951,-23893,-21017,-49461,1
2022-08-17 18:00:00,72855,218158,778,22719,7917,32910,1941,21992,65544,111908,0,0,1204,3902,10069,13405,2261,51979,-46364,0,-145303,-2698,-3336,-21941,-24993,-20051,-49718,1
2022-08-17 19:00:00,67405,210144,767,21262,5984,30510,1527,20240,64100,114564,0,0,1202,3682,9887,12882,2773,51535,-50464,0,-142739,-2480,-2995,-20495,-24526,-18713,-48762,1
2022-08-17 20:00:00,63720,195861,852,19951,4946,28257,1426,18790,59484,107712,0,0,1198,3416,9483,11942,2888,49452,-48228,0,-132141,-2218,-2459,-19099,-23311,-17364,-46564,1
2022-08-17 21:00:00,59837,181850,922,18796,4817,26168,1304,17488,53692,100372,0,0,1037,3190,8730,11290,2316,46759,-46680,0,-122013,-2153,-2560,-17874,-21351,-16184,-44443,1
2022-08-17 22:00:00,62963,173935,858,17629,4694,24796,1074,16830,51644,96840,0,0,1060,3109,8725,11012,1990,44711,-45196,0,-110972,-2049,-2287,-16771,-20102,-15756,-42721,1
2022-08-17 23:00:00,69755,168977,777,16663,5921,23788,1041,16414,49104,91804,0,0,1128,3024,8687,10816,1702,43747,-42700,0,-99222,-1896,-2129,-15886,-17867,-15373,-42045,1
2022-08-18 00:00:00,70819,166154,774,16173,5953,23283,925,16376,47140,88632,0,0,1302,2987,8781,10997,1494,42929,-41492,0,-95335,-1685,-2216,-15399,-17330,-15451,-41435,1
2022-08-18 01:00:00,72872,166263,738,16043,6097,23269,856,16512,46224,86740,0,0,1704,3044,8780,11077,1766,42706,-40516,0,-93391,-1340,-2297,-15305,-17172,-15656,-40940,1
2022-08-18 02:00:00,70719,171189,735,16405,4846,23947,861,16608,45088,86808,0,0,1644,3203,8896,11080,2099,43021,-41720,0,-100470,-1559,-2184,-15670,-19101,-15747,-40922,1
2022-08-18 03:00:00,62584,185958,887,17188,5250,25127,1295,18670,44376,88368,0,0,1553,3646,9374,12241,1934,44183,-43992,0,-123374,-2093,-2867,-16301,-19877,-17375,-42249,1
2022-08-18 04:00:00,55261,209190,1550,18795,7181,27132,2082,20798,45304,94688,0,0,1700,4178,9875,13876,1691,46037,-49384,0,-153929,-2478,-4001,-17245,-19951,-18716,-44346,1
2022-08-18 05:00:00,62861,226659,3004,19543,10200,29847,3317,22121,46124,97876,0,0,1740,4439,10437,14481,1855,47656,-51752,0,-163798,-2699,-4044,-16539,-19647,-18804,-45801,1
2022-08-18 06:00:00,76324,238123,4756,19867,11344,31495,4479,22664,51908,100996,0,0,1728,4537,10534,14732,2013,47622,-49088,0,-161799,-2809,-4198,-15111,-20151,-18185,-45609,1
2022-08-18 07:00:00,89048,244308,6207,19833,12218,32032,5543,22650,67200,104304,0,0,1739,4632,10593,14837,2171,45871,-37104,0,-155260,-2893,-4244,-13626,-19814,-17107,-43700,1
2022-08-18 08:00:00,102373,248721,7220,19994,12658,32554,6196,23083,80264,108216,0,0,1933,4676,10609,14720,2116,43850,-27952,0,-146348,-2743,-4111,-12774,-19896,-16887,-41734,1
2022-08-18 09:00:00,117733,253186,7741,20215,12407,32483,6329,23132,83892,109872,0,0,1904,4611,10690,14604,1965,42744,-25980,0,-135453,-2707,-3914,-12474,-20076,-16803,-40779,1
2022-08-18 10:00:00,131290,252545,7882,20590,12966,32663,6236,23186,87492,111964,0,0,1755,4607,10564,14442,1639,41596,-24472,0,-121255,-2852,-3878,-12708,-19697,-16950,-39957,1
2022-08-18 11:00:00,131358,245544,7641,20675,13795,32291,5733,22929,87996,113956,0,0,1706,4545,10556,14244,1486,41045,-25960,0,-114186,-2839,-3688,-13034,-18496,-17196,-39559,1
2022-08-18 12:00:00,122224,240200,6966,21246,13834,31874,5004,23048,89836,113196,0,0,1715,4435,10623,14383,1867,40930,-23360,0,-117976,-2720,-3760,-14280,-18040,-18044,-39063,1
2022-08-18 13:00:00,111176,234614,5797,21959,12424,31574,4223,22912,88040,110600,0,0,1631,4392,10455,14300,1809,42731,-22560,0,-123438,-2761,-3845,-16162,-19150,-18689,-40922,1
2022-08-18 14:00:00,95962,232013,4234,22766,10737,31865,3739,22800,86504,109864,0,0,1480,4458,10781,14508,1512,43269,-23360,0,-136051,-2978,-3727,-18532,-21128,-19061,-41757,1
2022-08-18 15:00:00,81244,233445,2608,23117,10275,32475,2954,22540,84976,109308,0,0,1203,4376,10634,14132,1488,45901,-24332,0,-152201,-3173,-3498,-20509,-22200,-19586,-44413,1
2022-08-18 16:00:00,70604,233330,1287,23379,10487,33161,2615,22581,81584,109316,0,0,942,4156,10701,13420,1183,48294,-27732,0,-162726,-3214,-2719,-22092,-22674,-19966,-47111,1
2022-08-18 17:00:00,64890,228085,789,23319,9480,33688,2915,22899,71796,109004,0,0,804,3984,10803,13346,783,51035,-37208,0,-163195,-3180,-2543,-22530,-24208,-19984,-50252,1
2022-08-18 18:00:00,61936,221584,792,23217,8287,32015,2987,21948,60920,110136,0,0,817,3913,10589,13307,611,52765,-49216,0,-159648,-3096,-2718,-22425,-23728,-18961,-52154,1
2022-08-18 19:00:00,56414,212087,911,21811,6535,29826,2761,20295,57904,113312,0,0,906,3666,10501,12766,787,52715,-55408,0,-155673,-2760,-2265,-20900,-23291,-17534,-51928,1
2022-08-18 20:00:00,52694,197138,1037,20562,5672,27675,2630,18732,57492,107036,0,0,1032,3394,10208,12256,1501,50769,-49544,0,-144444,-2362,-2048,-19525,-22003,-16102,-49268,1
2022-08-18 21:00:00,47973,182864,978,19395,5882,25718,2461,17479,51524,99864,0,0,780,3220,9865,11820,2419,48442,-48340,0,-134891,-2440,-1955,-18417,-19836,-15018,-46023,1
2022-08-18 22:00:00,44542,173127,957,18052,6544,24191,2218,16843,49000,96564,0,0,705,3070,9752,11503,2650,45892,-47564,0,-128585,-2365,-1751,-17095,-17647,-14625,-43242,1
2022-08-18 23:00:00,49459,168023,939,17013,7276,23213,2260,16468,47660,91740,0,0,703,3004,9616,11366,2280,44195,-44080,0,-118564,-2301,-1750,-16074,-15937,-14208,-41915,1
2022-08-19 00:00:00,55427,167337,917,16473,7955,22712,2082,16406,45216,88440,0,0,693,2980,9513,11121,1847,43244,-43224,0,-111910,-2287,-1608,-15556,-14757,-14324,-41397,1
2022-08-19 01:00:00,56333,167000,1005,16279,7687,22671,2221,16436,45064,86364,0,0,678,3015,9537,11059,1851,42922,-41300,0,-110667,-2337,-1522,-15274,-14984,-14215,-41071,1
2022-08-19 02:00:00,53632,172838,935,16653,6396,23312,2416,16672,43944,85928,0,0,621,3170,9994,11236,2129,42573,-41984,0,-119206,-2549,-1242,-15718,-16916,-14256,-40444,1
2022-08-19 03:00:00,48890,185853,955,17348,6676,24414,2820,18689,41208,87524,0,0,615,3651,10603,12330,2434,43759,-46316,0,-136963,-3036,-1727,-16393,-17738,-15869,-41325,1
2022-08-19 04:00:00,49696,208057,1647,18862,9215,26294,3379,20788,41316,93312,0,0,691,4117,11036,13265,2387,45533,-51996,0,-158361,-3426,-2229,-17215,-17079,-17409,-43146,1
2022-08-19 05:00:00,58639,225144,2743,19617,12070,28577,4353,22268,40796,96300,0,0,802,4477,11349,13859,2745,46078,-55504,0,-166505,-3675,-2510,-16874,-16507,-17915,-43333,1
2022-08-19 06:00:00,71758,235146,4183,20080,14118,30298,5382,22938,46824,100248,0,0,991,4547,11172,14544,2749,45960,-53424,0,-163388,-3556,-3372,-15897,-16180,-17556,-43211,1
2022-08-19 07:00:00,80246,238726,5558,20225,14953,30826,6281,22867,67432,105628,0,0,1161,4544,11189,14861,3122,44801,-38196,0,-158480,-3383,-3672,-14667,-15873,-16586,-41679,1
2022-08-19 08:00:00,87614,242561,6660,20422,15908,30961,6903,22964,81156,108716,0,0,1245,4498,11279,14862,2780,42314,-27560,0,-154947,-3253,-3583,-13762,-15053,-16061,-39534,1
2022-08-19 09:00:00,95377,245873,6805,20894,16608,31497,7379,23113,84708,110672,0,0,1277,4416,11231,14751,2596,41109,-25964,0,-150496,-3139,-3520,-14089,-14889,-15734,-38513,1
2022-08-19 10:00:00,104717,242410,6490,21325,16285,30811,7536,23116,84116,112608,0,0,1421,4370,11055,14614,2563,40265,-28492,0,-137693,-2949,-3559,-14835,-14526,-15580,-37702,1
2022-08-19 11:00:00,109069,234953,6114,21340,16903,31057,7073,22838,81396,115068,0,0,1496,4275,10961,14345,2573,39980,-33672,0,-125884,-2779,-3384,-15226,-14154,-15765,-37407,1
2022-08-19 12:00:00,104909,228275,5583,21705,16962,31459,6275,22968,79488,114076,0,0,1495,4214,10899,14202,2688,40524,-34588,0,-123366,-2719,-3303,-16122,-14497,-16693,-37836,1
2022-08-19 13:00:00,97919,224839,4779,22069,15695,31446,5529,23086,79436,111308,0,0,1432,4219,10681,14077,2757,42807,-31872,0,-126920,-2787,-3396,-17290,-15751,-17557,-40050,1
2022-08-19 14:00:00,87129,223424,3513,22284,15406,31842,4546,22835,79428,111076,0,0,1298,4317,10644,14071,2821,45435,-31648,0,-136295,-3019,-3427,-18771,-16436,-18289,-42614,1
2022-08-19 15:00:00,72634,225073,2170,21935,14542,31435,3539,22351,77224,111620,0,0,1085,4209,10491,13573,3278,49730,-34396,0,-152439,-3124,-3082,-19765,-16893,-18812,-46452,1
2022-08-19 16:00:00,63926,223347,1110,21531,13645,31703,3027,22344,72624,112024,0,0,866,3965,10368,13043,2826,50843,-39400,0,-159421,-3099,-2675,-20421,-18058,-19317,-48017,1
2022-08-19 17:00:00,57477,215963,649,21347,13080,32222,3136,22646,65964,112176,0,0,783,3763,10274,12703,2769,51478,-46212,0,-158486,-2980,-2429,-20698,-19142,-19510,-48709,1
2022-08-19 18:00:00,49763,207662,637,21041,11956,30729,2883,21611,54164,112320,0,0,766,3675,10459,12690,2400,51786,-58156,0,-157899,-2909,-2231,-20404,-18773,-18728,-49386,1
2022-08-19 19:00:00,43628,197195,673,19708,9447,28358,2445,19995,51604,114112,0,0,857,3468,10115,12074,2921,51113,-62508,0,-153567,-2611,-1959,-19035,-18911,-17550,-48192,1
2022-08-19 20:00:00,42003,183850,912,18787,8190,26264,2371,18648,49768,106588,0,0,891,3267,9690,11405,3162,49262,-56820,0,-141847,-2376,-1715,-17875,-18074,-16277,-46100,1
2022-08-19 21:00:00,40587,170164,908,17973,7821,24230,2135,17468,49340,100104,0,0,930,3063,9330,11362,2070,47095,-50764,0,-129577,-2133,-2032,-17065,-16409,-15333,-45025,1
2022-08-19 22:00:00,41299,161862,586,16992,7238,22865,2152,16783,43252,97400,0,0,887,2902,9032,11528,1851,44689,-54148,0,-120563,-2015,-2496,-16406,-15627,-14631,-42838,1
2022-08-19 23:00:00,44321,157648,626,15932,6349,21940,1478,16434,39216,92296,0,0,937,2817,8844,11398,1985,43009,-53080,0,-113327,-1880,-2554,-15306,-15591,-14956,-41024,1
2022-08-20 00:00:00,43889,153660,662,15411,5878,21518,1108,16313,36080,88252,0,0,1048,2736,8788,10951,1467,42214,-52172,0,-109771,-1688,-2163,-14749,-15640,-15205,-40747,1
2022-08-20 01:00:00,42308,152478,766,15061,5497,21500,917,16176,33448,85980,0,0,1052,2721,8486,10746,1178,41836,-52532,0,-110170,-1669,-2260,-14295,-16003,-15259,-40658,1
2022-08-20 02:00:00,43498,152057,591,14888,5539,21982,974,15806,30220,84912,0,0,1027,2734,8784,10763,1202,41491,-54692,0,-108559,-1707,-1979,-14297,-16443,-14832,-40289,1
2022-08-20 03:00:00,46256,156888,654,14216,5976,22359,1157,16535,26956,84728,0,0,1010,2788,9016,10823,959,41605,-57772,0,-110632,-1778,-1807,-13562,-16383,-15378,-40646,1
2022-08-20 04:00:00,48871,163179,1080,14261,7296,23641,1562,17747,25300,85896,0,0,1110,3038,9524,11276,789,41520,-60596,0,-114308,-1928,-1752,-13181,-16345,-16185,-40731,1
2022-08-20 05:00:00,54552,172484,1564,14880,10758,25921,2279,18977,27300,86456,0,0,1214,3367,10185,12125,744,40005,-59156,0,-117932,-2153,-1940,-13316,-15163,-16698,-39261,1
2022-08-20 06:00:00,69713,183546,2070,15794,13517,27556,3222,19702,34540,90600,0,0,1717,3610,10531,12346,1062,38051,-56060,0,-113833,-1893,-1815,-13724,-14039,-16480,-36989,1
2022-08-20 07:00:00,80633,194867,2511,16679,14957,27251,3776,20106,51028,97332,0,0,1945,3718,10855,12913,1673,35995,-46304,0,-114234,-1773,-2058,-14168,-12294,-16330,-34322,1
2022-08-20 08:00:00,94776,201702,3018,17231,16221,27307,4056,20220,63724,101416,0,0,2098,3705,11166,13210,2413,32480,-37692,0,-106926,-1607,-2044,-14213,-11086,-16164,-30067,1
2022-08-20 09:00:00,112236,204263,3434,17170,17445,27481,4196,20178,66612,103308,0,0,2203,3650,11002,13069,2999,30381,-36696,0,-92027,-1447,-2067,-13736,-10036,-15982,-27382,1
2022-08-20 10:00:00,128770,201131,3575,16607,17760,27289,4173,20004,69056,106040,0,0,2241,3596,10791,12729,3428,29257,-36984,0,-72361,-1355,-1938,-13032,-9529,-15831,-25829,1
2022-08-20 11:00:00,139396,195040,3672,16138,16996,26906,3929,19724,67828,108556,0,0,2273,3565,10557,12665,3921,28994,-40728,0,-55644,-1292,-2108,-12466,-9910,-15795,-25073,1
2022-08-20 12:00:00,138585,189219,3617,16022,15976,27043,3773,19830,66688,108152,0,0,2270,3549,10419,12488,4433,28810,-41464,0,-50634,-1279,-2069,-12405,-11067,-16057,-24377,1
2022-08-20 13:00:00,132186,185354,3115,16107,14400,27719,3282,19549,69392,106140,0,0,2184,3573,10434,12801,4454,29858,-36748,0,-53168,-1389,-2367,-12992,-13319,-16267,-25404,1
2022-08-20 14:00:00,113355,185885,2568,16275,12704,29262,2612,19210,73104,105268,0,0,1914,3750,10505,12931,4758,32696,-32164,0,-72530,-1836,-2426,-13707,-16558,-16598,-27938,1
2022-08-20 15:00:00,85714,187763,1784,16465,11921,30217,2197,19088,73120,106260,0,0,1545,3756,10542,12812,5178,36985,-33140,0,-102049,-2211,-2270,-14681,-18296,-16891,-31807,1
2022-08-20 16:00:00,70860,187218,1125,16765,10958,30537,2095,19116,67588,107340,0,0,1156,3537,10271,12600,4975,40554,-39752,0,-116358,-2381,-2329,-15640,-19579,-17021,-35579,1
2022-08-20 17:00:00,65987,182407,806,17275,11498,31017,2009,19484,54652,107724,0,0,903,3364,10040,12424,3793,43968,-53072,0,-116420,-2461,-2384,-16469,-19519,-17475,-40175,1
2022-08-20 18:00:00,61715,177635,902,17766,10564,29620,2010,18721,42320,108964,0,0,964,3305,9839,12148,3656,46146,-66644,0,-115920,-2341,-2309,-16864,-19056,-16711,-42490,1
2022-08-20 19:00:00,56581,171322,970,16962,8422,27707,1695,17532,38896,111776,0,0,1199,3174,9604,11692,4346,46701,-72880,0,-114741,-1975,-2088,-15992,-19285,-15837,-42355,1
2022-08-20 20:00:00,49874,162037,1099,16104,6437,25744,1521,16246,39716,104760,0,0,1325,3040,9290,11138,5316,45229,-65044,0,-112163,-1715,-1848,-15005,-19307,-14725,-39913,1
2022-08-20 21:00:00,46678,154440,1136,15249,6157,23972,1486,15202,37692,98392,0,0,1224,2893,9325,10973,5368,43499,-60700,0,-107762,-1669,-1648,-14113,-17815,-13716,-38131,1
2022-08-20 22:00:00,49134,149218,1075,14489,5749,22452,1514,14671,36528,93728,0,0,1211,2798,9060,10674,5178,41604,-57200,0,-100084,-1587,-1614,-13414,-16703,-13157,-36426,1
2022-08-20 23:00:00,51403,145191,1045,13922,5253,21444,1279,14203,32492,88496,0,0,1250,2707,8868,10524,4736,39961,-56004,0,-93788,-1457,-1656,-12877,-16191,-12924,-35225,1
2022-08-21 00:00:00,52222,141732,1041,13564,5402,20885,1228,14016,28452,85032,0,0,1342,2652,8680,10753,4244,38825,-56580,0,-89510,-1310,-2073,-12523,-15483,-12788,-34581,1
2022-08-21 01:00:00,55547,139870,1082,13411,5550,20827,1294,13982,27076,82608,0,0,1492,2654,8604,10827,4295,38360,-55532,0,-84323,-1162,-2223,-12329,-15277,-12688,-34065,1
2022-08-21 02:00:00,56790,139844,1108,13511,5627,21151,1436,13665,26972,80940,0,0,1563,2668,8521,10735,4581,38081,-53968,0,-83054,-1105,-2214,-12403,-15524,-12229,-33500,1
2022-08-21 03:00:00,60466,141383,1163,13579,5842,20912,1764,13883,28676,80384,0,0,1691,2691,8419,10323,4612,38009,-51708,0,-80917,-1000,-1904,-12416,-15070,-12119,-33397,1
2022-08-21 04:00:00,64663,142504,1320,14173,7313,21617,2039,14553,28076,81016,0,0,1918,2947,8941,10694,4429,37231,-52940,0,-77841,-1029,-1753,-12853,-14304,-12514,-32802,1
2022-08-21 05:00:00,76777,150400,1862,14940,10718,23423,2411,15322,26444,79592,0,0,2200,3286,9305,11298,4450,35207,-53148,0,-73623,-1086,-1993,-13078,-12705,-12911,-30757,1
2022-08-21 06:00:00,99351,162144,2591,15772,14315,24832,2986,16254,33040,82160,0,0,2482,3409,9436,12087,4208,32966,-49120,0,-62793,-927,-2651,-13181,-10517,-13268,-28758,1
2022-08-21 07:00:00,134550,173469,3023,16595,16450,25234,3316,16811,53172,87352,0,0,2854,3534,9639,12274,3787,30986,-34180,0,-38919,-680,-2635,-13572,-8784,-13495,-27199,1
2022-08-21 08:00:00,170164,182016,3224,17274,18054,25428,3530,17155,71524,92408,0,0,3075,3705,9986,12288,3964,29274,-20884,0,-11852,-630,-2302,-14050,-7374,-13625,-25310,1
2022-08-21 09:00:00,188626,188635,3269,17532,19292,26149,3762,17352,75324,95832,0,0,3415,3855,10079,12413,3877,28159,-20508,0,-9,-440,-2334,-14263,-6857,-13590,-24282,1
2022-08-21 10:00:00,198024,185483,3121,17446,19679,25595,3523,17107,78056,99012,0,0,3662,3887,10232,12188,4409,27546,-20956,0,12541,-225,-1956,-14325,-5916,-13584,-23137,2
2022-08-21 11:00:00,196471,179947,3250,16996,20169,25455,3532,16946,82564,103124,0,0,3482,3885,10571,12277,4295,27147,-20560,0,16524,-403,-1706,-13746,-5286,-13414,-22852,2
2022-08-21 12:00:00,189711,175832,3480,16904,20302,25753,3250,16702,85888,104100,0,0,3233,3761,10702,12377,3868,27797,-18212,0,13879,-528,-1675,-13424,-5451,-13452,-23929,2
2022-08-21 13:00:00,174509,174313,3065,17084,18061,26064,2898,16618,90928,102256,0,0,3282,3686,10843,12532,2972,30008,-11328,0,196,-404,-1689,-14019,-8003,-13720,-27036,2
2022-08-21 14:00:00,140274,173811,2619,17475,14304,26830,2402,16586,94764,101436,0,0,2889,3902,11367,12797,2601,34008,-6672,0,-33537,-1013,-1430,-14856,-12526,-14184,-31407,1
2022-08-21 15:00:00,101372,176321,2080,17516,11189,27894,2470,16931,96592,101736,0,0,2272,3868,11585,12924,1895,38883,-5144,0,-74949,-1596,-1339,-15436,-16705,-14461,-36988,1
2022-08-21 16:00:00,66020,176546,1636,17877,11153,28935,2323,17295,94164,102728,0,0,1542,3643,11516,12702,1475,42885,-8564,0,-110526,-2101,-1186,-16241,-17782,-14972,-41410,1
2022-08-21 17:00:00,48502,176243,1336,18464,11443,30417,2308,17806,79720,103500,0,0,1195,3518,11552,12643,1079,45541,-23780,0,-127741,-2323,-1091,-17128,-18974,-15498,-44462,1
2022-08-21 18:00:00,48963,177276,1309,18675,10252,29419,2235,17426,56072,105860,0,0,1187,3457,11925,12582,668,47441,-49788,0,-128313,-2270,-657,-17366,-19167,-15191,-46773,1
2022-08-21 19:00:00,47616,175188,1229,17698,8306,27532,2094,16634,54244,111144,0,0,1014,3213,11738,12166,558,47504,-56900,0,-127572,-2199,-428,-16469,-19226,-14540,-46946,1
2022-08-21 20:00:00,41495,168007,1257,16553,6593,25713,1524,15649,53808,107344,0,0,822,3030,10908,11383,542,45935,-53536,0,-126512,-2208,-475,-15296,-19120,-14125,-45393,1
2022-08-21 21:00:00,37679,158279,1261,15533,5535,23763,1363,14812,51888,101236,0,0,675,2924,10665,11215,549,43890,-49348,0,-120600,-2249,-550,-14272,-18228,-13449,-43341,1
2022-08-21 22:00:00,38005,152374,1167,14696,5901,22391,1289,14392,48344,96024,0,0,566,2824,10310,11187,603,42521,-47680,0,-114369,-2258,-877,-13529,-16490,-13103,-41918,1
2022-08-21 23:00:00,38326,148476,1204,14189,5933,21641,1229,14129,45980,90428,0,0,462,2790,9923,10922,641,41270,-44448,0,-110150,-2328,-999,-12985,-15708,-12900,-40629,1
2022-08-22 00:00:00,41604,146614,1160,13901,6559,21311,1322,14318,44428,87264,0,0,437,2792,9653,10750,618,40558,-42836,0,-105010,-2355,-1097,-12741,-14752,-12996,-39940,1
2022-08-22 01:00:00,44381,147598,1106,13938,6874,21400,1397,14530,43176,85544,0,0,415,2818,9536,10661,635,40371,-42368,0,-103217,-2403,-1125,-12832,-14526,-13133,-39736,1
2022-08-22 02:00:00,37654,155257,1125,14561,6241,22611,1338,15056,42948,85464,0,0,389,3027,9973,10992,832,40649,-42516,0,-117603,-2638,-1019,-13436,-16370,-13718,-39817,1
2022-08-22 03:00:00,32914,171264,1159,15902,6148,24984,1465,17619,42244,88388,0,0,409,3497,10116,12103,852,42073,-46144,0,-138350,-3088,-1987,-14743,-18836,-16154,-41221,1
2022-08-22 04:00:00,38026,197714,1348,18119,7898,27877,1849,19801,39228,96908,0,0,551,3971,10080,13625,919,44579,-57680,0,-159688,-3420,-3545,-16771,-19979,-17952,-43660,1
2022-08-22 05:00:00,58447,215811,1769,19396,11877,31838,2649,21183,36364,101540,0,0,813,4310,10050,13996,949,47520,-65176,0,-157364,-3497,-3946,-17627,-19961,-18534,-46571,1
2022-08-22 06:00:00,83171,228675,2179,19949,14980,34072,2874,21827,46016,107000,0,0,1083,4426,10253,13822,1073,47509,-60984,0,-145504,-3343,-3569,-17770,-19092,-18953,-46436,1
2022-08-22 07:00:00,108683,236010,2661,20195,16012,34463,3059,21920,66280,112892,0,0,1283,4539,10184,13654,1463,44387,-46612,0,-127327,-3256,-3470,-17534,-18451,-18861,-42924,1
2022-08-22 08:00:00,136602,240678,3360,20322,16777,34859,3310,22347,83940,116840,0,0,1316,4498,10310,13945,1935,40621,-32900,0,-104076,-3182,-3635,-16962,-18082,-19037,-38686,1
2022-08-22 09:00:00,151055,244260,3757,20461,16941,34567,3670,22707,85968,120040,0,0,1349,4470,10313,13946,1905,37984,-34072,0,-93205,-3121,-3633,-16704,-17626,-19037,-36079,1
2022-08-22 10:00:00,148727,242254,3827,20686,17167,34612,3696,22588,87312,123236,0,0,1319,4428,10380,13724,1744,36102,-35924,0,-93527,-3109,-3344,-16859,-17445,-18892,-34358,1
2022-08-22 11:00:00,146818,238258,3796,20332,17532,35145,3583,22021,86148,126072,0,0,1294,4371,10383,13712,1850,36104,-39924,0,-91440,-3077,-3329,-16536,-17613,-18438,-34254,1
2022-08-22 12:00:00,140209,235407,3361,20510,16100,35161,3368,21881,88336,125964,0,0,1314,4280,10466,13910,1878,37465,-37628,0,-95198,-2966,-3444,-17149,-19061,-18513,-35587,1
2022-08-22 13:00:00,123507,231660,2779,20601,14621,35444,3132,21559,91532,123644,0,0,1220,4240,10296,13828,2202,38813,-32112,0,-108153,-3020,-3532,-17822,-20823,-18427,-36611,1
2022-08-22 14:00:00,104737,227800,2255,20574,12678,35385,2857,21360,88228,123108,0,0,1103,4404,10536,14225,2743,41677,-34880,0,-123063,-3301,-3689,-18319,-22707,-18503,-38934,1
2022-08-22 15:00:00,84880,226891,1800,20339,10892,35310,2509,21238,86540,122960,0,0,881,4304,10649,13902,3042,46152,-36420,0,-142011,-3423,-3253,-18539,-24418,-18729,-43110,1
2022-08-22 16:00:00,72654,226716,1380,20431,10345,35293,2397,21539,84076,121908,0,0,673,4064,10732,13813,3129,48307,-37832,0,-154062,-3391,-3081,-19051,-24948,-19142,-45178,1
2022-08-22 17:00:00,67974,222460,1166,20699,8672,35565,2548,22050,70840,120920,0,0,602,3884,10699,13722,2644,51376,-50080,0,-154486,-3282,-3023,-19533,-26893,-19502,-48732,1
2022-08-22 18:00:00,65922,216744,1205,20614,7440,33833,2552,20840,59476,121600,0,0,706,3783,10780,13145,2817,52717,-62124,0,-150822,-3077,-2365,-19409,-26393,-18288,-49900,1
2022-08-22 19:00:00,64378,206407,1124,19360,5762,31180,2203,19107,61312,124212,0,0,812,3521,10630,12399,2781,52004,-62900,0,-142029,-2709,-1769,-18236,-25418,-16904,-49223,1
2022-08-22 20:00:00,63902,191498,1073,18439,4900,28952,1861,17847,61088,116228,0,0,816,3259,10469,11886,2827,49394,-55140,0,-127596,-2443,-1417,-17366,-24052,-15986,-46567,1
2022-08-22 21:00:00,63808,178934,1009,17692,4994,26714,1887,16880,57732,108336,0,0,879,3050,10220,11546,3072,46864,-50604,0,-115126,-2171,-1326,-16683,-21720,-14993,-43792,1
2022-08-22 22:00:00,62234,169263,931,16726,5119,25224,1782,16347,50892,103996,0,0,986,2962,10038,11125,2735,44472,-53104,0,-107029,-1976,-1087,-15795,-20105,-14565,-41737,1
2022-08-22 23:00:00,59864,163693,877,15967,4932,24368,1730,16085,45800,98520,0,0,1026,2903,9948,10834,2442,42945,-52720,0,-103829,-1877,-886,-15090,-19436,-14355,-40503,1
2022-08-23 00:00:00,59579,161473,865,15559,5569,23900,1581,16002,46584,95092,0,0,1054,2891,9911,10577,1846,42118,-48508,0,-101894,-1837,-666,-14694,-18331,-14421,-40272,1
2022-08-23 01:00:00,58341,163505,853,15560,5211,23979,1464,16267,46328,93080,0,0,1115,2940,9986,10634,1506,41587,-46752,0,-105164,-1825,-648,-14707,-18768,-14803,-40081,1
2022-08-23 02:00:00,53636,168130,865,16050,4113,25011,1520,16622,43680,92204,0,0,1268,3120,10186,11027,1306,41768,-48524,0,-114494,-1852,-841,-15185,-20898,-15102,-40462,1
2022-08-23 03:00:00,49901,183440,897,17014,4447,27171,1738,18713,40268,93988,0,0,1433,3611,10610,12405,990,43482,-53720,0,-133539,-2178,-1795,-16117,-22724,-16975,-42492,1
2022-08-23 04:00:00,55077,207450,1108,18904,7221,30006,2080,20689,35600,101016,0,0,1588,4100,10929,13576,853,46071,-65416,0,-152373,-2512,-2647,-17796,-22785,-18609,-45218,1
2022-08-23 05:00:00,74939,223631,1616,19895,11000,33761,2592,21849,36724,105900,0,0,1768,4336,10862,13755,1150,48458,-69176,0,-148692,-2568,-2893,-18279,-22761,-19257,-47308,1
2022-08-23 06:00:00,98167,234359,2348,20102,13452,35840,3254,22356,42180,110792,0,0,2145,4415,10851,13952,1377,47593,-68612,0,-136192,-2270,-3101,-17754,-22388,-19102,-46216,1
2022-08-23 07:00:00,122422,239540,3312,19972,13769,36039,3864,22489,58496,116824,0,0,2739,4571,10921,14072,1866,44364,-58328,0,-117118,-1832,-3151,-16660,-22270,-18625,-42498,1
2022-08-23 08:00:00,149713,243930,4226,19811,14669,35894,4187,22820,70756,121168,0,0,3185,4566,10888,14047,2343,41256,-50412,0,-94217,-1381,-3159,-15585,-21225,-18633,-38913,1
2022-08-23 09:00:00,170272,246736,5114,19526,15625,35955,4419,23070,72428,124348,0,0,3387,4519,10803,13974,2302,38814,-51920,0,-76464,-1132,-3171,-14412,-20330,-18651,-36512,1
2022-08-23 10:00:00,183999,246545,5279,19602,15886,35973,4270,22864,71236,128464,0,0,3325,4505,10672,13709,2525,37428,-57228,0,-62546,-1180,-3037,-14323,-20087,-18594,-34903,1
2022-08-23 11:00:00,184827,244744,5369,19286,15699,35785,4249,22648,68320,130884,0,0,3109,4400,10956,13893,2599,38586,-62564,0,-59917,-1291,-2937,-13917,-20086,-18399,-35987,1
2022-08-23 12:00:00,171394,240623,5206,19469,14844,35752,3913,22587,67748,130508,0,0,2862,4296,11082,13957,2325,39727,-62760,0,-69229,-1434,-2875,-14263,-20908,-18674,-37402,1
2022-08-23 13:00:00,149326,235087,4508,19769,13239,35594,3722,22469,67236,128148,0,0,2539,4250,11092,13938,1994,40419,-60912,0,-85761,-1711,-2846,-15261,-22355,-18747,-38425,1
2022-08-23 14:00:00,124640,230482,3522,20307,12330,35487,2783,22114,65932,127376,0,0,2201,4380,10866,13923,1802,43318,-61444,0,-105842,-2179,-3057,-16785,-23157,-19331,-41516,1
2022-08-23 15:00:00,97308,230702,2269,20542,12716,35636,2274,21883,65180,127144,0,0,1773,4294,10604,13758,2548,48287,-61964,0,-133394,-2521,-3154,-18273,-22920,-19609,-45739,1
2022-08-23 16:00:00,75831,229208,1271,20841,12141,35903,2345,22088,61776,126104,0,0,1324,4016,10401,13698,2590,51039,-64328,0,-153377,-2692,-3297,-19570,-23762,-19743,-48449,1
2022-08-23 17:00:00,68799,224862,857,21239,12327,36452,2399,22591,51568,124428,0,0,1507,3841,10371,13480,2130,53863,-72860,0,-156063,-2334,-3109,-20382,-24125,-20192,-51733,1
2022-08-23 18:00:00,64208,220110,820,21343,10247,34352,1947,21311,42888,123976,0,0,1886,3805,10240,13207,1789,55335,-81088,0,-155902,-1919,-2967,-20523,-24105,-19364,-53546,1
2022-08-23 19:00:00,67870,209487,852,20148,7297,31528,1460,19641,42760,126124,0,0,2047,3560,9816,12393,1798,55037,-83364,0,-141617,-1513,-2577,-19296,-24231,-18181,-53239,1
2022-08-23 20:00:00,67422,194868,908,19179,5654,29074,988,18324,40328,117852,0,0,2133,3304,9554,11789,1896,52811,-77524,0,-127446,-1171,-2235,-18271,-23420,-17336,-50915,1
2022-08-23 21:00:00,67330,181896,903,18340,5404,27049,836,17350,38108,109912,0,0,2040,3118,9777,11473,1527,50134,-71804,0,-114566,-1078,-1696,-17437,-21645,-16514,-48607,1
2022-08-23 22:00:00,64903,172101,816,17169,5898,25592,741,16813,34308,105604,0,0,2042,2978,9618,11161,1339,47511,-71296,0,-107198,-936,-1543,-16353,-19694,-16072,-46172,1
2022-08-23 23:00:00,66958,167740,826,16308,6690,24751,730,16379,31708,100144,0,0,1840,2938,9552,10969,1225,45435,-68436,0,-100782,-1098,-1417,-15482,-18061,-15649,-44210,1
2022-08-24 00:00:00,67642,164579,810,15875,6616,24319,647,16419,27112,96308,0,0,1725,2905,9446,10913,1060,44257,-69196,0,-96937,-1180,-1467,-15065,-17703,-15772,-43197,1
2022-08-24 01:00:00,65141,165038,811,15791,6842,24425,619,16640,25268,94016,0,0,1739,2958,9455,10996,1121,43784,-68748,0,-99897,-1219,-1541,-14980,-17583,-16021,-42663,1
2022-08-24 02:00:00,59678,170327,788,16269,6890,25481,668,16913,22800,93356,0,0,1758,3141,9582,11343,1382,43718,-70556,0,-110649,-1383,-1761,-15481,-18591,-16245,-42336,1
2022-08-24 03:00:00,51902,184660,826,17241,6301,27681,837,18927,22352,95428,0,0,1875,3604,9868,12560,1327,45173,-73076,0,-132758,-1729,-2692,-16415,-21380,-18090,-43846,1
2022-08-24 04:00:00,50196,206972,1150,19033,8104,30304,1451,20999,24244,102960,0,0,2006,4131,10386,13836,1407,47758,-78716,0,-156776,-2125,-3450,-17883,-22200,-19548,-46351,1
2022-08-24 05:00:00,67594,223092,1802,19861,12631,34180,2419,22202,28648,108096,0,0,2166,4379,10640,14057,1596,49271,-79448,0,-155498,-2213,-3417,-18059,-21549,-19783,-47675,1
2022-08-24 06:00:00,90917,233187,2877,20224,15641,36321,2999,22752,35664,112196,0,0,2562,4465,10875,14200,1673,48042,-76532,0,-142270,-1903,-3325,-17347,-20680,-19753,-46369,1
2022-08-24 07:00:00,119333,239124,3720,20312,16624,36759,3686,22634,47584,119408,0,0,2857,4582,10910,14096,1676,45111,-71824,0,-119791,-1725,-3186,-16592,-20135,-18948,-43435,1
2022-08-24 08:00:00,144862,244429,4411,20318,17579,37119,4226,22778,57512,124496,0,0,3227,4578,10923,13935,1771,41716,-66984,0,-99567,-1351,-3012,-15907,-19540,-18552,-39945,1
2022-08-24 09:00:00,158197,248367,5011,20331,17636,36732,4768,23134,64960,127964,0,0,3341,4541,11011,13950,1924,39522,-63004,0,-90170,-1200,-2939,-15320,-19096,-18366,-37598,1
2022-08-24 10:00:00,168056,245731,5152,20484,16877,36188,4656,22958,67212,131244,0,0,3143,4539,11013,14075,1936,38866,-64032,0,-77675,-1396,-3062,-15332,-19311,-18302,-36930,1
2022-08-24 11:00:00,170445,241785,5334,19973,15976,36480,4423,22669,69204,133288,0,0,2899,4446,10919,14056,1748,39818,-64084,0,-71340,-1547,-3137,-14639,-20504,-18246,-38070,1
2022-08-24 12:00:00,158106,237925,4927,20267,15102,36490,4130,22962,71108,133056,0,0,2741,4347,10839,13857,1704,41116,-61948,0,-79819,-1606,-3018,-15340,-21388,-18832,-39412,1
2022-08-24 13:00:00,138218,233126,4270,20713,14501,37205,3525,22763,73372,130836,0,0,2467,4305,10685,13748,1472,43116,-57464,0,-94908,-1838,-3063,-16443,-22704,-19238,-41644,1
2022-08-24 14:00:00,118409,230277,3023,20965,13737,36926,2620,22386,71828,130180,0,0,2038,4454,10577,13764,1454,46100,-58352,0,-111868,-2416,-3187,-17942,-23189,-19766,-44646,1
2022-08-24 15:00:00,96039,231330,1937,21093,12462,36648,2227,22019,69296,129200,0,0,1595,4310,10330,13580,1487,50845,-59904,0,-135291,-2715,-3250,-19156,-24186,-19792,-49358,1
2022-08-24 16:00:00,81814,230373,1051,21295,13496,36807,2122,22275,66212,127128,0,0,1159,4074,10428,13524,1557,52590,-60916,0,-148559,-2915,-3096,-20244,-23311,-20153,-51033,1
2022-08-24 17:00:00,73717,226374,778,21678,13334,37040,2450,22874,55376,125708,0,0,1034,3850,10476,13261,2095,55137,-70332,0,-152657,-2816,-2785,-20900,-23706,-20424,-53042,1
2022-08-24 18:00:00,75290,221393,721,21740,10160,34893,2040,21560,44696,126136,0,0,1131,3779,10013,12776,2947,56335,-81440,0,-146103,-2648,-2763,-21019,-24733,-19520,-53388,1
2022-08-24 19:00:00,75353,210246,598,20437,6991,32139,1670,19800,43524,126456,0,0,1281,3587,10017,12016,4216,55410,-82932,0,-134893,-2306,-1999,-19839,-25148,-18130,-51194,1
2022-08-24 20:00:00,70403,195054,562,19360,6037,29754,1358,18391,41524,117304,0,0,1540,3341,10020,11344,5549,52704,-75780,0,-124651,-1801,-1324,-18798,-23717,-17033,-47155,1
2022-08-24 21:00:00,72708,182117,544,18529,6185,27657,1263,17441,35836,109260,0,0,1564,3108,9701,11094,6119,50002,-73424,0,-109409,-1544,-1393,-17985,-21472,-16178,-43883,1
2022-08-24 22:00:00,73267,173223,527,17430,7025,26276,1111,16795,34264,105028,0,0,1341,3043,9649,10919,5873,46893,-70764,0,-99956,-1702,-1270,-16903,-19251,-15684,-41020,1
2022-08-24 23:00:00,76470,168178,517,16606,7072,25453,1078,16485,31492,99244,0,0,1364,2930,9673,10903,5097,45162,-67752,0,-91708,-1566,-1230,-16089,-18381,-15407,-40065,1
2022-08-25 00:00:00,74863,164524,522,16180,6912,25058,1064,16375,29400,95576,0,0,1392,2944,9612,10756,4700,44152,-66176,0,-89661,-1552,-1144,-15658,-18146,-15311,-39452,1
2022-08-25 01:00:00,69745,164369,510,16102,6869,25080,1065,16588,26812,93644,0,0,1346,2986,9623,10987,4672,43501,-66832,0,-94624,-1640,-1364,-15592,-18211,-15523,-38829,1
2022-08-25 02:00:00,64873,170292,511,16588,6578,25979,1007,16903,26668,93212,0,0,1421,3152,10373,11522,4464,43513,-66544,0,-105419,-1731,-1149,-16077,-19401,-15896,-39049,1
2022-08-25 03:00:00,58727,185634,522,17494,6284,28322,1179,18955,24792,95136,0,0,1552,3585,10783,12361,4108,44156,-70344,0,-126907,-2033,-1578,-16972,-22038,-17776,-40048,1
2022-08-25 04:00:00,65623,210095,938,19199,7986,30936,1885,20817,25356,102908,0,0,1709,4096,11113,13659,4189,46906,-77552,0,-144472,-2387,-2546,-18261,-22950,-18932,-42717,1
2022-08-25 05:00:00,83239,226054,2109,19846,11191,34695,3163,21945,26096,107800,0,0,2026,4310,11215,14131,4119,48903,-81704,0,-142815,-2284,-2916,-17737,-23504,-18782,-44784,1
2022-08-25 06:00:00,104520,235843,3728,19837,13956,36868,3486,22264,33660,112708,0,0,2501,4447,11369,14117,4453,47805,-79048,0,-131323,-1946,-2748,-16109,-22912,-18778,-43352,1
2022-08-25 07:00:00,129870,242690,5152,19538,15791,37748,4459,22252,45240,118216,0,0,2994,4556,11391,14063,3882,44663,-72976,0,-112820,-1562,-2672,-14386,-21957,-17793,-40781,1
2022-08-25 08:00:00,154793,246243,6420,19487,16374,37995,5208,22583,59836,122632,0,0,3360,4557,11404,13826,4123,41453,-62796,0,-91450,-1197,-2422,-13067,-21621,-17375,-37330,1
2022-08-25 09:00:00,176404,251075,7003,19547,16510,37420,5989,22919,71140,124936,0,0,3413,4503,11470,13622,4829,39407,-53796,0,-74671,-1090,-2152,-12544,-20910,-16930,-34578,1
2022-08-25 10:00:00,197255,253559,7075,19793,16587,37359,6233,22964,76384,128440,0,0,3582,4514,11534,13796,5607,38069,-52056,0,-56304,-932,-2262,-12718,-20772,-16731,-32462,1
2022-08-25 11:00:00,199854,248930,6881,19830,15990,37505,6087,22689,78188,131240,0,0,3785,4456,11504,13948,5375,37753,-53052,0,-49076,-671,-2444,-12949,-21515,-16602,-32378,1
2022-08-25 12:00:00,193059,246022,6227,20452,15859,38016,5467,22907,80124,130720,0,0,3869,4342,11287,14002,6105,38291,-50596,0,-52963,-473,-2715,-14225,-22157,-17440,-32186,1
2022-08-25 13:00:00,177339,242600,5320,21181,15042,38418,4473,22890,82868,129000,0,0,3708,4324,11146,13860,6639,40765,-46132,0,-65261,-616,-2714,-15861,-23376,-18417,-34126,1
2022-08-25 14:00:00,148117,238689,3857,21797,12794,38303,3163,22654,84224,128556,0,0,3364,4446,11029,13871,6521,45055,-44332,0,-90572,-1082,-2842,-17940,-25509,-19491,-38534,1
2022-08-25 15:00:00,115367,239269,2162,22137,11181,37929,2492,22222,82928,128640,0,0,2884,4300,10781,13663,5632,50237,-45712,0,-123902,-1416,-2882,-19975,-26748,-19730,-44605,1
2022-08-25 16:00:00,93589,235340,924,22367,11017,37963,2372,22467,78292,126944,0,0,2402,4075,10889,13574,5194,53369,-48652,0,-141751,-1673,-2685,-21443,-26946,-20095,-48175,1
2022-08-25 17:00:00,81362,231316,536,22611,10848,38221,2628,23058,67892,124840,0,0,2308,3885,10990,13224,5449,56064,-56948,0,-149954,-1577,-2234,-22075,-27373,-20430,-50615,1
2022-08-25 18:00:00,76871,226768,528,22577,9025,35934,2084,21799,59820,124512,0,0,2371,3806,11242,12616,6678,56603,-64692,0,-149897,-1435,-1374,-22049,-26909,-19715,-49925,1
2022-08-25 19:00:00,71069,215576,517,21158,6264,32965,1705,20037,60372,124968,0,0,2418,3591,11189,11891,7918,55434,-64596,0,-144507,-1173,-702,-20641,-26701,-18332,-47516,1
2022-08-25 20:00:00,70125,199768,512,20098,5225,30503,1424,18534,60816,116492,0,0,2395,3354,10859,11186,8815,52535,-55676,0,-129643,-959,-327,-19586,-25278,-17110,-43720,1
2022-08-25 21:00:00,68828,185521,508,19086,5116,28224,1270,17424,59884,108720,0,0,2265,3195,10340,10838,8812,49426,-48836,0,-116693,-930,-498,-18578,-23108,-16154,-40614,1
2022-08-25 22:00:00,65263,175308,506,17906,5462,26821,1122,16788,52612,104552,0,0,2024,3082,10136,10969,8214,46598,-51940,0,-110045,-1058,-833,-17400,-21359,-15666,-38384,1
2022-08-25 23:00:00,63476,168845,519,17015,5857,26019,925,16416,46064,99852,0,0,1935,3009,10013,10957,7858,44758,-53788,0,-105369,-1074,-944,-16496,-20162,-15491,-36900,1
2022-08-26 00:00:00,59191,164858,515,16469,6001,25479,798,16416,44228,95128,0,0,1696,2958,9979,10889,7046,43308,-50900,0,-105667,-1262,-910,-15954,-19478,-15618,-36262,1
2022-08-26 01:00:00,56905,164693,501,16336,6038,25600,795,16544,44412,92836,0,0,1498,2973,9981,11015,6841,42883,-48424,0,-107788,-1475,-1034,-15835,-19562,-15749,-36042,1
2022-08-26 02:00:00,53150,171803,511,16737,5394,26666,785,16864,42692,92020,0,0,1316,3189,10180,11383,6650,42901,-49328,0,-118653,-1873,-1203,-16226,-21272,-16079,-36251,1
2022-08-26 03:00:00,42572,188058,530,17564,5613,28853,1071,18688,44600,94292,0,0,1199,3590,10583,12094,6201,44283,-49692,0,-145486,-2391,-1511,-17034,-23240,-17617,-38082,1
2022-08-26 04:00:00,47874,211763,957,19191,8076,31754,2150,20648,43800,101812,0,0,1197,4116,11065,13398,5858,47004,-58012,0,-163889,-2919,-2333,-18234,-23678,-18498,-41146,1
2022-08-26 05:00:00,68848,227213,2368,19811,11897,35762,3511,21871,42480,106504,0,0,1352,4356,11228,13895,6238,50583,-64024,0,-158365,-3004,-2667,-17443,-23865,-18360,-44345,1
2022-08-26 06:00:00,91937,238269,4138,19781,15172,37890,4532,22537,48908,110624,0,0,1153,4230,11423,14317,6988,52736,-61716,0,-146332,-3077,-2894,-15643,-22718,-18005,-45748,1
2022-08-26 07:00:00,109329,246013,5708,19494,15864,38393,5628,22481,65188,115504,0,0,1210,4144,11451,14072,6931,52928,-50316,0,-136684,-2934,-2621,-13786,-22529,-16853,-45997,1
2022-08-26 08:00:00,128474,250000,6823,19477,15698,38691,6484,22872,84048,120080,0,0,1174,4133,11356,13810,6073,52039,-36032,0,-121526,-2959,-2454,-12654,-22993,-16388,-45966,1
2022-08-26 09:00:00,136259,250970,7410,19728,15274,38431,6870,23082,90080,123464,0,0,1178,4107,11176,13790,5440,51489,-33384,0,-114711,-2929,-2614,-12318,-23157,-16212,-46049,1
2022-08-26 10:00:00,140017,246368,7460,20032,15122,37914,6960,22923,83872,126336,0,0,1169,4064,11170,13692,4892,50200,-42464,0,-106351,-2895,-2522,-12572,-22792,-15963,-45308,1
2022-08-26 11:00:00,134355,238992,7257,19931,15656,38547,6710,22606,79880,128568,0,0,1511,3828,11027,13253,4626,49834,-48688,0,-104637,-2317,-2226,-12674,-22891,-15896,-45208,1
2022-08-26 12:00:00,130973,236342,6578,20372,14489,38435,5997,22608,79784,127768,0,0,1606,3799,11283,13345,4867,49303,-47984,0,-105369,-2193,-2062,-13794,-23946,-16611,-44436,1
2022-08-26 13:00:00,133095,232860,5533,21108,13025,38829,4910,22612,79524,125616,0,0,1546,3851,11335,13569,5097,48753,-46092,0,-99765,-2305,-2234,-15575,-25804,-17702,-43656,1
2022-08-26 14:00:00,117186,229889,3960,21916,11240,38448,3384,22366,76752,124464,0,0,1344,4098,11331,13687,5293,47873,-47712,0,-112703,-2754,-2356,-17956,-27208,-18982,-42580,1
2022-08-26 15:00:00,103978,229449,2148,22135,11368,38030,2546,21965,78104,122472,0,0,953,4012,11274,13408,5067,49353,-44368,0,-125471,-3059,-2134,-19987,-26662,-19419,-44286,1
2022-08-26 16:00:00,92391,226822,877,22247,13343,37956,2327,22142,76352,120812,0,0,837,3751,11254,13220,4613,49939,-44460,0,-134431,-2914,-1966,-21370,-24613,-19815,-45326,1
2022-08-26 17:00:00,80260,218817,504,22263,11924,38054,2679,22501,69176,118972,0,0,848,3609,11140,12969,4144,50918,-49796,0,-138557,-2761,-1829,-21759,-26130,-19822,-46774,1
2022-08-26 18:00:00,70997,212018,507,22063,8187,35683,2835,20960,59768,119292,0,0,872,3491,10844,12459,3528,51044,-59524,0,-141021,-2619,-1615,-21556,-27496,-18125,-47516,1
2022-08-26 19:00:00,61163,199561,485,20757,4830,32649,2840,19219,58116,120496,0,0,897,3287,10865,11817,3064,49872,-62380,0,-138398,-2390,-952,-20272,-27819,-16379,-46808,1
2022-08-26 20:00:00,53377,186692,493,19667,4250,30361,3335,17865,56792,112400,0,0,892,3073,10586,11371,2600,47846,-55608,0,-133315,-2181,-785,-19174,-26111,-14530,-45246,1
2022-08-26 21:00:00,52828,177274,514,18720,4278,28262,3129,16841,51784,105248,0,0,894,2884,9806,10970,1964,46009,-53464,0,-124446,-1990,-1164,-18206,-23984,-13712,-44045,1
2022-08-26 22:00:00,52093,167564,513,17630,4215,26526,2772,16156,48136,101868,0,0,878,2738,9500,10656,1633,43403,-53732,0,-115471,-1860,-1156,-17117,-22311,-13384,-41770,1
2022-08-26 23:00:00,48911,158844,526,16685,4249,25579,2473,15759,47476,96880,0,0,930,2671,9353,10577,1476,41496,-49404,0,-109933,-1741,-1224,-16159,-21330,-13286,-40020,1
2022-08-27 00:00:00,47955,153002,621,16119,4132,24896,2193,15523,44808,92856,0,0,1120,2608,9060,10456,1742,40787,-48048,0,-105047,-1488,-1396,-15498,-20764,-13330,-39045,1
2022-08-27 01:00:00,50279,152734,622,15843,4044,24759,1755,15501,41364,90516,0,0,1302,2591,8967,10471,1954,40114,-49152,0,-102455,-1289,-1504,-15221,-20715,-13746,-38160,1
2022-08-27 02:00:00,48673,153209,581,15910,4007,24956,1581,15361,38084,88900,0,0,1420,2604,8856,10421,2105,39762,-50816,0,-104536,-1184,-1565,-15329,-20949,-13780,-37657,1
2022-08-27 03:00:00,49423,157262,568,15762,4531,25769,1708,15860,32340,88124,0,0,1435,2681,8858,10418,2416,39851,-55784,0,-107839,-1246,-1560,-15194,-21238,-14152,-37435,1
2022-08-27 04:00:00,53876,163630,1005,16176,6142,27165,2438,17177,28740,89504,0,0,1373,2853,9201,11098,2840,40168,-60764,0,-109754,-1480,-1897,-15171,-21023,-14739,-37328,1
2022-08-27 05:00:00,61204,174149,2483,16580,9296,29839,3442,18496,27204,90040,0,0,1429,3132,10010,11887,3080,39779,-62836,0,-112945,-1703,-1877,-14097,-20543,-15054,-36699,1
2022-08-27 06:00:00,69124,187163,4297,16979,11594,31582,4441,19313,33984,93996,0,0,1539,3362,10176,12624,3296,38970,-60012,0,-118039,-1823,-2448,-12682,-19988,-14872,-35674,1
2022-08-27 07:00:00,78165,197332,5771,16990,13255,31889,5325,19443,49544,100280,0,0,1645,3420,10462,13019,3721,37703,-50736,0,-119167,-1775,-2557,-11219,-18634,-14118,-33982,1
2022-08-27 08:00:00,88565,204661,6730,17037,14521,31898,6054,19629,65020,105460,0,0,1755,3432,10547,13269,4281,36420,-40440,0,-116096,-1677,-2722,-10307,-17377,-13575,-32139,1
2022-08-27 09:00:00,101779,208063,7334,17161,13700,31097,6339,19403,71284,108328,0,0,1798,3384,10717,13099,4390,35939,-37044,0,-106284,-1586,-2382,-9827,-17397,-13064,-31549,1
2022-08-27 10:00:00,113568,206162,7300,17165,14644,31754,6121,19039,70120,111248,0,0,1887,3349,10517,13007,4745,35011,-41128,0,-92594,-1462,-2490,-9865,-17110,-12918,-30266,1
2022-08-27 11:00:00,124942,201359,7168,17070,14395,31100,5698,18885,69624,113748,0,0,1997,3260,10388,12692,5024,34291,-44124,0,-76417,-1263,-2304,-9902,-16705,-13187,-29267,1
2022-08-27 12:00:00,127144,197812,6467,17506,13115,30232,4960,18905,68968,113132,0,0,2060,3198,10470,12707,5678,33999,-44164,0,-70668,-1138,-2237,-11039,-17117,-13945,-28321,1
2022-08-27 13:00:00,124331,195115,5194,18210,13002,30789,3834,18853,72796,111044,0,0,1967,3215,10445,12728,6003,35666,-38248,0,-70784,-1248,-2283,-13016,-17787,-15019,-29663,1
2022-08-27 14:00:00,114464,193007,3655,19162,10733,31845,2995,18972,70352,109620,0,0,1758,3414,10789,12824,7170,38926,-39268,0,-78543,-1656,-2035,-15507,-21112,-15977,-31756,1
2022-08-27 15:00:00,99621,192969,1974,19746,8520,32058,1948,18925,67488,109640,0,0,1587,3456,10645,12525,8125,42376,-42152,0,-93348,-1869,-1880,-17772,-23538,-16977,-34251,1
2022-08-27 16:00:00,88896,190734,901,20019,9415,32839,1729,18953,63472,109788,0,0,1382,3338,10774,12295,8810,43985,-46316,0,-101838,-1956,-1521,-19118,-23424,-17224,-35175,1
2022-08-27 17:00:00,87340,186730,611,20328,9069,33395,1912,19444,47104,109464,0,0,1228,3291,11022,11968,8384,45360,-62360,0,-99390,-2063,-946,-19717,-24326,-17532,-36976,1
2022-08-27 18:00:00,81069,182889,755,20268,7180,31302,1856,18490,36352,110892,0,0,1207,3232,10851,11669,8430,46478,-74540,0,-101820,-2025,-818,-19513,-24122,-16634,-38048,1
2022-08-27 19:00:00,75831,176568,795,19035,5355,29261,2131,17301,39256,113228,0,0,1176,3038,10998,11238,8371,46143,-73972,0,-100737,-1862,-240,-18240,-23906,-15170,-37772,1
2022-08-27 20:00:00,70801,167168,717,17981,4676,27257,1598,16140,38196,106300,0,0,1303,2857,10666,10867,7639,44505,-68104,0,-96367,-1554,-201,-17264,-22581,-14542,-36866,1
2022-08-27 21:00:00,71279,159199,782,16938,4698,25580,1240,15078,32640,99324,0,0,1301,2697,10640,10662,7839,42557,-66684,0,-87920,-1396,-22,-16156,-20882,-13838,-34718,1
2022-08-27 22:00:00,73932,152322,991,15948,4864,24085,964,14542,33788,94496,0,0,1331,2565,10606,10683,7409,41045,-60708,0,-78390,-1234,-77,-14957,-19221,-13578,-33636,1
2022-08-27 23:00:00,74796,146604,995,15241,4622,22964,808,14120,32304,89548,0,0,1391,2497,10483,10220,7074,39705,-57244,0,-71808,-1106,263,-14246,-18342,-13312,-32631,4
2022-08-28 00:00:00,76537,143932,712,14903,4450,22504,725,13919,28832,85288,0,0,1451,2459,10621,10103,6855,38587,-56456,0,-67395,-1008,518,-14191,-18054,-13194,-31732,4
2022-08-28 01:00:00,78252,142912,586,14657,4441,22260,697,13968,25988,82596,0,0,1471,2444,10910,10188,6585,38065,-56608,0,-64660,-973,722,-14071,-17819,-13271,-31480,4
2022-08-28 02:00:00,79855,141649,525,14704,4402,22453,714,13717,21668,81032,0,0,1451,2468,10963,10059,6596,37744,-59364,0,-61794,-1017,904,-14179,-18051,-13003,-31148,4
2022-08-28 03:00:00,81070,144842,531,14621,4343,22492,900,13874,20892,80756,0,0,1436,2510,11109,9962,6711,37876,-59864,0,-63772,-1074,1147,-14090,-18149,-12974,-31165,4
2022-08-28 04:00:00,83437,148141,915,14926,5185,23149,1712,14741,19460,81980,0,0,1547,2700,11041,10731,7057,37792,-62520,0,-64704,-1153,310,-14011,-17964,-13029,-30735,4
2022-08-28 05:00:00,90666,155172,2152,15041,8475,25371,2800,15782,21556,81676,0,0,1617,2929,11300,11397,7416,36164,-60120,0,-64506,-1312,-97,-12889,-16896,-12982,-28748,1
2022-08-28 06:00:00,105498,165124,3757,15444,11685,27433,3745,16674,29676,84088,0,0,1717,3147,11595,12041,7315,33810,-54412,0,-59626,-1430,-446,-11687,-15748,-12929,-26495,1
2022-08-28 07:00:00,136107,177770,5160,15673,12921,27853,4475,17251,46400,89652,0,0,1813,3304,11884,12258,7221,31278,-43252,0,-41663,-1491,-374,-10513,-14932,-12776,-24057,1
2022-08-28 08:00:00,171388,187618,6236,15862,14277,28110,5151,17674,64720,95024,0,0,1926,3358,12028,12733,7364,29570,-30304,0,-16230,-1432,-705,-9626,-13833,-12523,-22206,1
2022-08-28 09:00:00,190028,194517,6919,16215,14921,27740,5152,17742,73932,98656,0,0,2047,3448,12060,13135,7095,28260,-24724,0,-4489,-1401,-1075,-9296,-12819,-12590,-21165,1
2022-08-28 10:00:00,200654,191591,7127,16221,14541,26798,4724,17612,77344,101632,0,0,2266,3545,12006,13109,6671,28080,-24288,0,9063,-1279,-1103,-9094,-12257,-12888,-21409,2
2022-08-28 11:00:00,204261,184721,6822,16184,14227,26683,4173,17502,79992,105796,0,0,2546,3566,12022,13006,5792,27773,-25804,0,19540,-1020,-984,-9362,-12456,-13329,-21981,2
2022-08-28 12:00:00,202885,180764,5742,16867,12480,26828,3861,17384,81708,106776,0,0,2545,3472,12036,12773,5399,28154,-25068,0,22121,-927,-737,-11125,-14348,-13523,-22755,2
2022-08-28 13:00:00,192231,179645,4599,17692,10826,28231,3466,17452,84204,104188,0,0,2404,3410,11947,12525,6083,29437,-19984,0,12586,-1006,-578,-13093,-17405,-13986,-23354,2
2022-08-28 14:00:00,169652,180700,3349,18422,9188,29201,2982,17626,85696,103592,0,0,2404,3579,12194,12874,7281,32519,-17896,0,-11048,-1175,-680,-15073,-20013,-14644,-25238,1
2022-08-28 15:00:00,134435,185018,1866,18840,8145,29476,2806,17855,85220,103812,0,0,2286,3506,12249,12825,7420,37782,-18592,0,-50583,-1220,-576,-16974,-21331,-15049,-30362,1
2022-08-28 16:00:00,102050,185927,926,19131,7992,30715,2938,18034,81412,104548,0,0,2106,3369,12342,12674,7367,41486,-23136,0,-83877,-1263,-332,-18205,-22723,-15096,-34119,1
2022-08-28 17:00:00,84841,183522,677,19780,9010,32234,3029,18362,64068,105756,0,0,1943,3299,12332,12131,6903,45204,-41688,0,-98681,-1356,201,-19103,-23224,-15333,-38301,4
2022-08-28 18:00:00,80023,184674,786,19946,8932,31098,2855,17522,46856,108880,0,0,2077,3167,12581,11408,6639,46849,-62024,0,-104651,-1090,1173,-19160,-22166,-14667,-40210,4
2022-08-28 19:00:00,74311,179372,870,18777,6848,29083,2306,16751,49284,113088,0,0,2228,2891,12876,11252,5847,46400,-63804,0,-105061,-663,1624,-17907,-22235,-14445,-40553,4
2022-08-28 20:00:00,77217,173853,867,17590,4734,26892,2023,15740,49148,108512,0,0,2357,2689,13001,11015,4899,44530,-59364,0,-96636,-332,1986,-16723,-22158,-13717,-39631,4
2022-08-28 21:00:00,75308,165039,745,16558,3967,24975,2176,15048,48204,101988,0,0,2105,2587,12329,10400,3999,42456,-53784,0,-89731,-482,1929,-15813,-21008,-12872,-38457,4
2022-08-28 22:00:00,77222,157594,771,15660,4005,23684,2317,14631,43136,96828,0,0,2110,2529,11990,10070,3829,41161,-53692,0,-80372,-419,1920,-14889,-19679,-12314,-37332,4
2022-08-28 23:00:00,73780,153532,741,15062,4059,23066,1992,14266,39792,91844,0,0,2146,2454,11921,9661,3521,40140,-52052,0,-79752,-308,2260,-14321,-19007,-12274,-36619,4
2022-08-29 00:00:00,69123,153028,729,14772,4157,22871,1884,14238,38412,88172,0,0,1870,2678,11989,9823,3262,39472,-49760,0,-83905,-808,2166,-14043,-18714,-12354,-36210,4
2022-08-29 01:00:00,64540,152739,673,14745,4267,23225,1940,14581,32372,86180,0,0,2096,2501,12264,10123,2973,39423,-53808,0,-88199,-405,2141,-14072,-18958,-12641,-36450,4
2022-08-29 02:00:00,63737,159267,733,15401,4597,24924,1966,15275,26724,85812,0,0,2021,2721,12730,10487,2274,39555,-59088,0,-95530,-700,2243,-14668,-20327,-13309,-37281,4
2022-08-29 03:00:00,60841,177958,825,16796,4462,28754,1976,17692,27188,89080,0,0,1922,3220,13450,12152,1760,41091,-61892,0,-117117,-1298,1298,-15971,-24292,-15716,-39331,4
2022-08-29 04:00:00,63834,204111,1122,18922,6336,32589,2553,19920,28200,98548,0,0,1813,3693,14041,14165,1848,44642,-70348,0,-140277,-1880,-124,-17800,-26253,-17367,-42794,1
2022-08-29 05:00:00,79652,221380,2175,19684,10259,37506,3786,21244,31408,106424,0,0,1877,3843,13996,14900,2471,47653,-75016,0,-141728,-1966,-904,-17509,-27247,-17458,-45182,1
2022-08-29 06:00:00,97065,231491,3758,19731,12420,39757,4655,21716,35832,112720,0,0,2220,3821,14045,15071,2598,47644,-76888,0,-134426,-1601,-1026,-15973,-27337,-17061,-45046,1
2022-08-29 07:00:00,121224,235693,5028,19829,12813,39987,5003,21563,46160,118900,0,0,2358,3802,13836,14689,2768,45428,-72740,0,-114469,-1444,-853,-14801,-27174,-16560,-42660,1
2022-08-29 08:00:00,138641,239314,6153,19591,13284,40047,5704,21618,56040,124056,0,0,2324,3667,13705,14625,2635,42815,-68016,0,-100673,-1343,-920,-13438,-26763,-15914,-40180,1
2022-08-29 09:00:00,152105,241448,6780,19743,13863,39329,6335,21830,62816,127456,0,0,2409,3611,13362,14341,2357,41624,-64640,0,-89343,-1202,-979,-12963,-25466,-15495,-39267,1
2022-08-29 10:00:00,159325,241015,6622,20008,13445,39088,6673,21648,69516,131224,0,0,2461,3689,13182,14257,2576,39692,-61708,0,-81690,-1228,-1075,-13386,-25643,-14975,-37116,1
2022-08-29 11:00:00,162937,237860,6336,20056,13657,39819,6683,21293,75124,133420,0,0,2461,3620,13051,14111,2819,38277,-58296,0,-74923,-1159,-1060,-13720,-26162,-14610,-35458,1
2022-08-29 12:00:00,154177,233818,5791,20435,12670,40234,6297,21380,81628,132500,0,0,2306,3563,12879,14216,3190,37354,-50872,0,-79641,-1257,-1337,-14644,-27564,-15083,-34164,1
2022-08-29 13:00:00,136998,228821,4784,20979,12285,40977,5550,21319,78840,129868,0,0,2091,3574,12828,14227,3653,38102,-51028,0,-91823,-1483,-1399,-16195,-28692,-15769,-34449,1
2022-08-29 14:00:00,117405,225931,3443,21551,12115,40455,4231,21171,80084,129140,0,0,1786,3866,12637,14521,4477,40735,-49056,0,-108526,-2080,-1884,-18108,-28340,-16940,-36258,1
2022-08-29 15:00:00,95450,225972,2087,21646,11348,39865,3107,20989,78824,128744,0,0,1367,3906,12404,14297,4935,45540,-49920,0,-130522,-2539,-1893,-19559,-28517,-17882,-40605,1
2022-08-29 16:00:00,78759,225583,1003,21716,11571,39830,2874,21543,65776,126364,0,0,1103,3788,12199,14172,5304,47983,-60588,0,-146824,-2685,-1973,-20713,-28259,-18669,-42679,1
2022-08-29 17:00:00,69259,222433,715,22301,9668,40169,2815,22149,49572,124408,0,0,1018,3636,12057,13862,5273,50597,-74836,0,-153174,-2618,-1805,-21586,-30501,-19334,-45324,1
2022-08-29 18:00:00,69580,218406,812,22158,8499,37717,2587,20652,40888,125760,0,0,927,3507,11850,13230,6078,51899,-84872,0,-148826,-2580,-1380,-21346,-29218,-18065,-45821,1
2022-08-29 19:00:00,59593,204569,901,20745,5899,34507,2114,19091,38376,127024,0,0,830,3256,11578,12494,7436,50394,-88648,0,-144976,-2426,-916,-19844,-28608,-16977,-42958,1
2022-08-29 20:00:00,54676,189456,830,19688,4649,32032,2095,17799,33108,117688,0,0,684,3004,11459,11682,7208,47587,-84580,0,-134780,-2320,-223,-18858,-27383,-15704,-40379,1
2022-08-29 21:00:00,51334,175627,752,18729,4350,29942,1878,16799,31736,109880,0,0,639,2840,11398,11351,6749,45254,-78144,0,-124293,-2201,47,-17977,-25592,-14921,-38505,4
2022-08-29 22:00:00,54945,167563,694,17677,4403,28477,1804,16264,28360,105444,0,0,722,2852,11146,11360,7027,42934,-77084,0,-112618,-2130,-214,-16983,-24074,-14460,-35907,1
2022-08-29 23:00:00,55336,163739,624,16819,4843,27707,1741,15915,23636,99860,0,0,713,2734,11153,11409,6974,41454,-76224,0,-108403,-2021,-256,-16195,-22864,-14174,-34480,1
2022-08-30 00:00:00,55294,161603,566,16377,5048,27200,1703,16004,21180,95964,0,0,651,2708,11139,11013,6372,40558,-74784,0,-106309,-2057,126,-15811,-22152,-14301,-34186,4
2022-08-30 01:00:00,53749,162471,562,16307,4675,27345,1563,16174,19236,94108,0,0,603,2765,11237,11310,5620,39983,-74872,0,-108722,-2162,-73,-15745,-22670,-14611,-34363,1
2022-08-30 02:00:00,49210,167793,570,16796,4450,28632,1496,16589,18208,93488,0,0,533,2929,11285,11705,4703,40171,-75280,0,-118583,-2396,-420,-16226,-24182,-15093,-35468,1
2022-08-30 03:00:00,43380,183460,567,17752,5136,31605,1691,18396,17576,95516,0,0,581,3369,11390,12620,4563,41244,-77940,0,-140080,-2788,-1230,-17185,-26469,-16705,-36681,1
2022-08-30 04:00:00,50745,208218,902,19545,7654,35495,2315,20276,19676,104244,0,0,669,3809,11940,13855,5176,44418,-84568,0,-157473,-3140,-1915,-18643,-27841,-17961,-39242,1
2022-08-30 05:00:00,68132,223918,1960,20168,12743,40423,3312,21323,20088,110756,0,0,771,3953,12103,14433,5789,46706,-90668,0,-155786,-3182,-2330,-18208,-27680,-18011,-40917,1
2022-08-30 06:00:00,92250,233973,3559,19926,14733,42715,4302,21598,25372,115580,0,0,1255,4125,12156,14371,5937,44937,-90208,0,-141723,-2870,-2215,-16367,-27982,-17296,-39000,1
2022-08-30 07:00:00,115863,237542,4984,19629,14550,42466,5009,21690,38904,120592,0,0,1671,4324,12126,14151,7106,41263,-81688,0,-121679,-2653,-2025,-14645,-27916,-16681,-34157,1
2022-08-30 08:00:00,140052,242016,6186,19288,14835,42384,5170,22000,49180,125988,0,0,1850,4332,12119,14127,8170,37684,-76808,0,-101964,-2482,-2008,-13102,-27549,-16830,-29514,1
2022-08-30 09:00:00,165725,245869,6660,19553,15410,41196,5192,22058,54880,129340,0,0,1846,4304,11867,13999,8633,34694,-74460,0,-80144,-2458,-2132,-12893,-25786,-16866,-26061,1
2022-08-30 10:00:00,180496,246246,6959,19747,14732,40985,5327,22160,58748,133404,0,0,1728,4316,11767,13978,8648,32631,-74656,0,-65750,-2588,-2211,-12788,-26253,-16833,-23983,1
2022-08-30 11:00:00,179227,242097,6720,19546,15028,41804,5407,21900,62296,136272,0,0,1755,4250,11567,13913,9005,32370,-73976,0,-62870,-2495,-2346,-12826,-26776,-16493,-23365,1
2022-08-30 12:00:00,166231,237387,6080,20140,14127,42144,4982,21744,66520,135780,0,0,1784,4132,11630,14025,9652,33003,-69260,0,-71156,-2348,-2395,-14060,-28017,-16762,-23351,1
2022-08-30 13:00:00,145793,231909,5178,20649,13270,43322,3985,21129,65452,132988,0,0,1715,4083,11580,14327,10017,35579,-67536,0,-86116,-2368,-2747,-15471,-30052,-17144,-25562,1
2022-08-30 14:00:00,124111,227813,3817,21209,12542,42351,3193,21161,65596,132040,0,0,1609,4270,11450,14448,10733,40220,-66444,0,-103702,-2661,-2998,-17392,-29809,-17968,-29487,1
2022-08-30 15:00:00,103857,228655,2220,21564,10315,40875,2505,21020,60072,131120,0,0,1443,4166,11008,14010,11008,45528,-71048,0,-124798,-2723,-3002,-19344,-30560,-18515,-34520,1
2022-08-30 16:00:00,90685,227971,977,22009,9935,40726,2287,21532,52824,128684,0,0,1192,3958,11039,13861,11292,48052,-75860,0,-137286,-2766,-2822,-21032,-30791,-19245,-36760,1
2022-08-30 17:00:00,86270,224919,762,22532,10403,40612,2550,22245,42120,126404,0,0,1172,3853,11186,13714,11662,50581,-84284,0,-138649,-2681,-2528,-21770,-30209,-19695,-38919,1
2022-08-30 18:00:00,81823,223364,828,22385,7818,37655,2129,20686,36660,127980,0,0,1139,3689,11251,13146,11719,51842,-91320,0,-141541,-2550,-1895,-21557,-29837,-18557,-40123,1
2022-08-30 19:00:00,86140,209090,755,20748,4752,34616,1696,19017,39820,127712,0,0,1092,3416,11094,12285,11894,50399,-87892,0,-122950,-2324,-1191,-19993,-29864,-17321,-38505,1
2022-08-30 20:00:00,86811,194371,691,19738,4786,32300,1369,17713,39832,118064,0,0,894,3194,11045,11623,11935,47429,-78232,0,-107560,-2300,-578,-19047,-27514,-16344,-35494,1
2022-08-30 21:00:00,82738,182245,631,18770,5060,30068,1210,16655,36812,109704,0,0,764,3053,10330,11184,11660,44965,-72892,0,-99507,-2289,-854,-18139,-25008,-15445,-33305,1
2022-08-30 22:00:00,73724,172118,628,17730,4990,28532,1136,16090,37064,105352,0,0,600,2940,10152,11224,11317,42590,-68288,0,-98394,-2340,-1072,-17102,-23542,-14954,-31273,1
2022-08-30 23:00:00,71816,166720,644,16792,5341,27586,1088,15756,35484,100708,0,0,533,2892,10194,11093,10688,41041,-65224,0,-94904,-2359,-899,-16148,-22245,-14668,-30353,1
2022-08-31 00:00:00,70603,164694,656,16324,5466,27198,1038,15760,31152,96656,0,0,502,2887,10286,11232,9896,40150,-65504,0,-94091,-2385,-946,-15668,-21732,-14722,-30254,1
2022-08-31 01:00:00,66929,165290,655,16217,5863,27348,994,15949,26732,94692,0,0,532,2925,10431,11275,9318,39649,-67960,0,-98361,-2393,-844,-15562,-21485,-14955,-30331,1
2022-08-31 02:00:00,65551,171662,654,16718,6155,28641,1056,16321,24844,94112,0,0,620,3120,11050,12019,9205,39600,-69268,0,-106111,-2500,-969,-16064,-22486,-15265,-30395,1
2022-08-31 03:00:00,61653,186728,707,17662,5984,31834,1330,18191,23632,96072,0,0,695,3540,11549,12627,8876,40872,-72440,0,-125075,-2845,-1078,-16955,-25850,-16861,-31996,1
2022-08-31 04:00:00,68545,212205,1057,19391,7831,35646,2270,20296,22832,104572,0,0,819,3997,12069,13878,9259,44136,-81740,0,-143660,-3178,-1809,-18334,-27815,-18026,-34877,1
2022-08-31 05:00:00,84366,228463,2428,19825,12662,40489,3528,21325,21920,111724,0,0,983,4207,12122,14575,9879,46978,-89804,0,-144097,-3224,-2453,-17397,-27827,-17797,-37099,1
2022-08-31 06:00:00,94820,238666,4201,19589,14609,42317,4568,21689,26984,116004,0,0,1455,4273,12201,14570,10372,45518,-89020,0,-143846,-2818,-2369,-15388,-27708,-17121,-35146,1
2022-08-31 07:00:00,101466,243362,5827,19269,14571,41977,5411,21617,39148,120380,0,0,1892,4409,12091,14487,11196,41558,-81232,0,-141896,-2517,-2396,-13442,-27406,-16206,-30362,1
2022-08-31 08:00:00,120455,249799,6859,19122,14986,42303,5703,21944,55080,124296,0,0,2037,4409,12336,14528,12782,37575,-69216,0,-129344,-2372,-2192,-12263,-27317,-16241,-24793,1
2022-08-31 09:00:00,133408,253092,7417,19162,14845,40696,5921,22029,63792,126936,0,0,1964,4371,12147,14619,13207,34699,-63144,0,-119684,-2407,-2472,-11745,-25851,-16108,-21492,1
2022-08-31 10:00:00,136093,249208,7375,19576,13328,40019,5847,21704,68256,129728,0,0,1914,4395,12126,14571,12748,32447,-61472,0,-113115,-2481,-2445,-12201,-26691,-15857,-19699,1
2022-08-31 11:00:00,132582,242309,6824,19639,13406,41494,5570,21345,71164,131988,0,0,1807,4366,12164,14882,12419,31928,-60824,0,-109727,-2559,-2718,-12815,-28088,-15775,-19509,1
2022-08-31 12:00:00,133347,236537,5854,20389,13226,41881,5014,21455,74844,130680,0,0,1659,4200,12011,14756,12377,32994,-55836,0,-103190,-2541,-2745,-14535,-28655,-16441,-20617,1
2022-08-31 13:00:00,124956,233589,4600,21074,12277,42044,4061,21202,77480,128708,0,0,1561,4147,12007,14604,11540,35666,-51228,0,-108633,-2586,-2597,-16474,-29767,-17141,-24126,1
2022-08-31 14:00:00,114196,230724,3188,21578,11585,41104,2927,21142,78940,127756,0,0,1539,4284,11878,14572,11603,39830,-48816,0,-116528,-2745,-2694,-18390,-29519,-18215,-28227,1
2022-08-31 15:00:00,101092,231846,1962,21664,11440,40416,2347,20980,79580,127372,0,0,1370,4195,11823,14287,11684,45222,-47792,0,-130754,-2825,-2464,-19702,-28976,-18633,-33538,1
2022-08-31 16:00:00,91686,230491,1332,21861,10242,40402,2326,21619,76752,124876,0,0,1066,3987,11867,14118,11850,48366,-48124,0,-138805,-2921,-2251,-20529,-30160,-19293,-36516,1
2022-08-31 17:00:00,85178,226749,1134,22428,9683,40418,2775,22211,56232,123156,0,0,894,3853,11985,13959,11912,51330,-66924,0,-141571,-2959,-1974,-21294,-30735,-19436,-39418,1
2022-08-31 18:00:00,82021,223110,1140,22091,7992,37687,2546,20796,36356,124236,0,0,776,3710,11553,13264,12736,52451,-87880,0,-141089,-2934,-1711,-20951,-29695,-18250,-39715,1
2022-08-31 19:00:00,80616,210356,1155,20589,6344,34779,1919,18888,37452,124176,0,0,702,3461,11419,12592,12873,50910,-86724,0,-129740,-2759,-1173,-19434,-28435,-16969,-38037,1
2022-08-31 20:00:00,79946,196338,991,19446,5701,32201,1635,17545,34652,114992,0,0,597,3230,11297,12021,13103,48161,-80340,0,-116392,-2633,-724,-18455,-26500,-15910,-35058,1
2022-08-31 21:00:00,79057,181110,896,18500,5525,30000,1425,16484,29088,106908,0,0,431,3069,10624,11880,12838,45536,-77820,0,-102053,-2638,-1256,-17604,-24475,-15059,-32698,1
2022-08-31 22:00:00,79994,171462,775,17371,5345,28418,1253,15932,25976,102176,0,0,319,2973,10131,11425,12332,43098,-76200,0,-91468,-2654,-1294,-16596,-23073,-14679,-30766,1
2022-08-31 23:00:00,79686,166008,708,16497,5284,27535,1125,15591,24276,97228,0,0,266,2907,10123,11358,11532,41481,-72952,0,-86322,-2641,-1235,-15789,-22251,-14466,-29949,1
2022-09-01 00:00:00,77628,162951,701,16028,5528,27076,1156,15600,22740,93592,0,0,300,2897,10236,11508,9850,40451,-70852,0,-85323,-2597,-1272,-15327,-21548,-14444,-30601,1
2022-09-01 01:00:00,72585,163747,729,15913,5448,27070,1168,15835,20996,91748,0,0,366,2941,10351,11557,8475,39769,-70752,0,-91162,-2575,-1206,-15184,-21622,-14667,-31294,1
2022-09-01 02:00:00,64973,169259,711,16454,5614,28200,1163,16272,18884,91292,0,0,412,3120,10796,11842,6871,39799,-72408,0,-104286,-2708,-1046,-15743,-22586,-15109,-32928,1
2022-09-01 03:00:00,55487,184758,715,17683,5834,31664,1254,18243,15984,93648,0,0,480,3566,11128,13160,6069,41221,-77664,0,-129271,-3086,-2032,-16968,-25830,-16989,-35152,1
2022-09-01 04:00:00,62301,209518,797,19807,6809,35412,2024,20253,15128,102416,0,0,565,4022,11966,14624,5810,44705,-87288,0,-147217,-3457,-2658,-19010,-28603,-18229,-38895,1
2022-09-01 05:00:00,79620,225265,1104,20526,9331,39957,3291,20960,16240,109484,0,0,880,4242,11938,15039,5321,47045,-93244,0,-145645,-3362,-3101,-19422,-30626,-17669,-41724,1
2022-09-01 06:00:00,97104,235187,1542,20749,11935,41790,4743,20763,22208,113812,0,0,1238,4288,11935,15040,4659,45591,-91604,0,-138083,-3050,-3105,-19207,-29855,-16020,-40932,1
2022-09-01 07:00:00,118821,239388,2135,20751,11303,41705,5813,20524,38504,118672,0,0,1425,4404,11856,14780,4256,41477,-80168,0,-120567,-2979,-2924,-18616,-30402,-14711,-37221,1
2022-09-01 08:00:00,139286,243733,2598,20667,10686,40945,6333,20974,52052,122104,0,0,1563,4473,11709,14518,4327,37026,-70052,0,-104447,-2910,-2809,-18069,-30259,-14641,-32699,1
2022-09-01 09:00:00,153592,246694,3171,20201,11076,39773,5732,21076,55936,124280,0,0,1648,4439,11855,14564,5078,33920,-68344,0,-93102,-2791,-2709,-17030,-28697,-15344,-28842,1
2022-09-01 10:00:00,159324,245654,3352,20018,11138,39895,5362,20965,56848,128328,0,0,1648,4470,11740,14235,5754,32338,-71480,0,-86330,-2822,-2495,-16666,-28757,-15603,-26584,1
2022-09-01 11:00:00,156268,238964,3434,19647,11046,40210,5181,20825,57928,130424,0,0,1628,4374,11657,13962,5904,32106,-72496,0,-82696,-2746,-2305,-16213,-29164,-15644,-26202,1
2022-09-01 12:00:00,147350,235737,3206,19732,10470,40068,4719,20759,57856,129140,0,0,1490,4246,11592,13886,5557,32971,-71284,0,-88387,-2756,-2294,-16526,-29598,-16040,-27414,1
2022-09-01 13:00:00,137674,229973,2591,20015,10701,40598,4052,20691,57012,126984,0,0,1355,4183,11351,13747,5373,35342,-69972,0,-92299,-2828,-2396,-17424,-29897,-16639,-29969,1
2022-09-01 14:00:00,123215,226614,1949,20128,10155,39533,3021,20767,57092,127092,0,0,1079,4275,11212,14030,5272,39419,-70000,0,-103399,-3196,-2818,-18179,-29378,-17746,-34147,1
2022-09-01 15:00:00,102604,227186,1383,20122,9680,38690,1995,20773,53368,126212,0,0,654,4160,11143,14109,5500,44900,-72844,0,-124582,-3506,-2966,-18739,-29010,-18778,-39400,1
2022-09-01 16:00:00,84730,227107,875,20483,9664,38921,2148,21454,46368,124484,0,0,465,3989,11088,13866,6290,48890,-78116,0,-142377,-3524,-2778,-19608,-29257,-19306,-42600,1
2022-09-01 17:00:00,80059,225745,755,21117,9225,39186,2222,21967,35944,122976,0,0,390,3878,11257,13966,6879,52427,-87032,0,-145686,-3488,-2709,-20362,-29961,-19745,-45548,1
2022-09-01 18:00:00,83510,222828,787,20795,7194,36480,1698,20519,29416,125068,0,0,370,3731,11144,13311,7958,53408,-95652,0,-139318,-3361,-2167,-20008,-29286,-18821,-45450,1
2022-09-01 19:00:00,84444,209485,827,19513,6440,33589,1266,18715,30552,124564,0,0,325,3487,10746,12732,8808,51296,-94012,0,-125041,-3162,-1986,-18686,-27149,-17449,-42488,1
2022-09-01 20:00:00,84747,194829,870,18592,6029,31130,1241,17397,30880,115264,0,0,245,3273,10647,12382,9165,47979,-84384,0,-110082,-3028,-1735,-17722,-25101,-16156,-38814,1
2022-09-01 21:00:00,85024,181296,832,17747,6067,29035,1127,16362,28260,107732,0,0,200,3127,10184,12085,9331,45419,-79472,0,-96272,-2927,-1901,-16915,-22968,-15235,-36088,1
2022-09-01 22:00:00,83443,172937,755,16735,6503,27276,960,15771,29316,104116,0,0,177,3032,9657,11968,9373,43200,-74800,0,-89494,-2855,-2311,-15980,-20773,-14811,-33827,1
2022-09-01 23:00:00,83435,166591,705,16003,6884,26515,808,15475,29656,99268,0,0,176,2998,9533,11916,9293,41477,-69612,0,-83156,-2822,-2383,-15298,-19631,-14667,-32184,1
2022-09-02 00:00:00,81974,163723,689,15658,6765,26194,677,15498,29360,95696,0,0,178,2971,9574,11856,7977,40491,-66336,0,-81749,-2793,-2282,-14969,-19429,-14821,-32514,1
2022-09-02 01:00:00,76289,164863,652,15582,6694,26371,678,15814,28412,94184,0,0,169,2990,9780,11782,7060,39918,-65772,0,-88574,-2821,-2002,-14930,-19677,-15136,-32858,1
2022-09-02 02:00:00,70647,170969,657,16090,6478,27563,626,16358,26008,93768,0,0,149,3156,10099,11967,6155,39708,-67760,0,-100322,-3007,-1868,-15433,-21085,-15732,-33553,1
2022-09-02 03:00:00,66723,188312,711,17304,6227,30899,1010,18352,23952,96140,0,0,143,3580,10537,12786,5246,40738,-72188,0,-121589,-3437,-2249,-16593,-24672,-17342,-35492,1
2022-09-02 04:00:00,77689,212703,867,19351,9168,35012,2455,20235,22816,104312,0,0,262,4020,11360,14003,4817,44217,-81496,0,-135014,-3758,-2643,-18484,-25844,-17780,-39400,1
2022-09-02 05:00:00,97072,228418,1241,20032,12612,39282,3758,21100,24076,111148,0,0,613,4262,11564,14540,4520,47012,-87072,0,-131346,-3649,-2976,-18791,-26670,-17342,-42492,1
2022-09-02 06:00:00,116284,237097,1704,20190,14217,40219,4922,21166,27108,115528,0,0,1067,4324,11651,14583,4089,46829,-88420,0,-120813,-3257,-2932,-18486,-26002,-16244,-42740,1
2022-09-02 07:00:00,140502,242489,2311,20159,14497,40104,6158,20934,36400,120788,0,0,1425,4417,11629,14358,3957,43883,-84388,0,-101987,-2992,-2729,-17848,-25607,-14776,-39926,1
2022-09-02 08:00:00,176412,248960,2829,20094,14594,39765,6394,21060,46908,124292,0,0,1578,4391,11487,14201,4262,40066,-77384,0,-72548,-2813,-2714,-17265,-25171,-14666,-35804,1
2022-09-02 09:00:00,217259,250372,3261,19908,14878,38247,6038,21154,54956,126740,0,0,1674,4348,11250,14097,5015,37340,-71784,0,-33113,-2674,-2847,-16647,-23369,-15116,-32325,1
2022-09-02 10:00:00,229562,249376,3606,19827,14460,37835,5518,21001,62068,129860,0,0,1761,4321,11228,13680,5794,34708,-67792,0,-19814,-2560,-2452,-16221,-23375,-15483,-28914,1
2022-09-02 11:00:00,220518,242387,3820,19272,14516,38889,5286,20999,67324,130924,0,0,1766,4086,11153,13410,6378,34208,-63600,0,-21869,-2320,-2257,-15452,-24373,-15713,-27830,1
2022-09-02 12:00:00,211619,237047,3583,19466,13670,39318,4645,20937,69652,129416,0,0,1784,3924,11248,13480,6248,35975,-59764,0,-25428,-2140,-2232,-15883,-25648,-16292,-29727,1
2022-09-02 13:00:00,191810,229841,3054,19755,12502,39948,3841,20838,69252,126624,0,0,1831,3897,11018,13454,5151,37546,-57372,0,-38031,-2066,-2436,-16701,-27446,-16997,-32395,1
2022-09-02 14:00:00,159625,224638,2193,20066,11490,39183,3017,20837,71072,125272,0,0,1808,3993,11295,13768,4993,40812,-54200,0,-65013,-2185,-2473,-17873,-27693,-17820,-35819,1
2022-09-02 15:00:00,135288,225131,1459,19926,9173,38259,2496,20650,70312,123744,0,0,1885,3929,11166,13502,4755,45928,-53432,0,-89843,-2044,-2336,-18467,-29086,-18154,-41173,1
2022-09-02 16:00:00,117902,222942,828,20119,9493,38770,2406,20985,67552,121340,0,0,1861,3699,10891,13286,5047,49054,-53788,0,-105040,-1838,-2395,-19291,-29277,-18579,-44007,1
2022-09-02 17:00:00,109409,222838,644,20720,8632,38717,3087,21380,54144,119324,0,0,2064,3553,10806,13231,6689,51495,-65180,0,-113429,-1489,-2425,-20076,-30085,-18293,-44806,1
2022-09-02 18:00:00,116826,221190,619,20360,6818,35839,3374,19982,42932,120772,0,0,2247,3451,10544,12521,6958,52250,-77840,0,-104364,-1204,-1977,-19741,-29021,-16608,-45292,1
2022-09-02 19:00:00,126172,210929,671,19177,5228,32849,3407,18358,43984,119780,0,0,2419,3293,10443,12316,6648,50079,-75796,0,-84757,-874,-1873,-18506,-27621,-14951,-43431,1
2022-09-02 20:00:00,130999,200580,742,18459,4539,30428,3312,17092,48536,110712,0,0,2634,3142,10282,11946,7395,47575,-62176,0,-69581,-508,-1664,-17717,-25889,-13780,-40180,1
2022-09-02 21:00:00,134055,187963,601,17741,4097,28368,3193,16077,48120,103812,0,0,2692,2987,9843,11517,7935,45487,-55692,0,-53908,-295,-1674,-17140,-24271,-12884,-37552,1
2022-09-02 22:00:00,129032,175883,492,16765,3696,26882,2957,15372,42708,100256,0,0,2622,2865,9549,11178,7855,43043,-57548,0,-46851,-243,-1629,-16273,-23186,-12415,-35188,1
2022-09-02 23:00:00,124500,169633,463,15851,3636,25821,2834,14991,34952,95340,0,0,2565,2774,9502,11410,7765,40928,-60388,0,-45133,-209,-1908,-15388,-22185,-12157,-33163,1
2022-09-03 00:00:00,118955,164232,504,15380,3768,25379,2794,14936,35752,91208,0,0,2455,2724,9440,11041,7924,39874,-55456,0,-45277,-269,-1601,-14876,-21611,-12142,-31950,1
2022-09-03 01:00:00,117411,163589,509,15130,3869,25197,2672,14943,33680,89004,0,0,2280,2704,9335,10891,7422,39215,-55324,0,-46178,-424,-1556,-14621,-21328,-12271,-31793,1
2022-09-03 02:00:00,111732,162171,552,15263,3830,25462,2534,14896,27400,87332,0,0,2238,2734,9479,11155,6811,38864,-59932,0,-50439,-496,-1676,-14711,-21632,-12362,-32053,1
2022-09-03 03:00:00,105484,164038,593,15373,4170,26496,2428,15117,25268,86344,0,0,2339,2839,9619,11172,6389,39203,-61076,0,-58554,-500,-1553,-14780,-22326,-12689,-32814,1
2022-09-03 04:00:00,108393,170571,911,15860,5496,27881,3063,16394,26124,88544,0,0,2331,3068,9934,11490,6296,40171,-62420,0,-62178,-737,-1556,-14949,-22385,-13331,-33875,1
2022-09-03 05:00:00,118759,181099,2189,16261,7878,29876,4012,17900,25276,89876,0,0,2405,3326,10044,12063,6112,39693,-64600,0,-62340,-921,-2019,-14072,-21998,-13888,-33581,1
2022-09-03 06:00:00,135820,192835,3941,16224,9270,31087,5234,18574,25064,93408,0,0,2703,3474,10287,12648,5756,38314,-68344,0,-57015,-771,-2361,-12283,-21817,-13340,-32558,1
2022-09-03 07:00:00,153529,201662,5282,15828,9823,31115,6468,18656,37488,99552,0,0,3177,3608,10371,12854,5061,35711,-62064,0,-48133,-431,-2483,-10546,-21292,-12188,-30650,1
2022-09-03 08:00:00,191840,211755,6212,15548,10652,31034,7309,18751,54904,103448,0,0,3272,3890,10449,12902,4886,32394,-48544,0,-19915,-618,-2453,-9336,-20382,-11442,-27508,1
2022-09-03 09:00:00,225904,215208,6588,15386,12068,31193,7443,18609,66980,105572,0,0,3352,3873,10388,12859,4914,29611,-38592,0,10696,-521,-2471,-8798,-19125,-11166,-24697,2
2022-09-03 10:00:00,222722,208962,6336,15453,12399,29991,7154,18361,72868,107296,0,0,3680,3771,10239,12628,5391,27537,-34428,0,13760,-91,-2389,-9117,-17592,-11207,-22146,2
2022-09-03 11:00:00,208872,201765,6221,15341,11088,28331,6627,17918,78728,109128,0,0,3883,3635,10265,12545,4115,26556,-30400,0,7107,248,-2280,-9120,-17243,-11291,-22441,2
2022-09-03 12:00:00,187155,199196,5717,15574,10364,28680,5818,17622,80976,107648,0,0,3892,3524,10248,12461,3947,27358,-26672,0,-12041,368,-2213,-9857,-18316,-11804,-23411,3
2022-09-03 13:00:00,165838,195222,4858,16057,9920,29706,5036,17702,84168,104524,0,0,3745,3468,10393,12569,4260,30245,-20356,0,-29384,277,-2176,-11199,-19786,-12666,-25985,3
2022-09-03 14:00:00,143132,194109,3478,16842,8335,30440,4192,17782,82848,103296,0,0,3658,3607,10337,12741,3843,34606,-20448,0,-50977,51,-2404,-13364,-22105,-13590,-30763,3
2022-09-03 15:00:00,128620,196809,1962,17424,7048,31563,3096,17630,79716,103348,0,0,3291,3565,10329,12854,3229,40342,-23632,0,-68189,-274,-2525,-15462,-24515,-14534,-37113,1
2022-09-03 16:00:00,121918,198241,857,18043,7593,32930,3453,18069,75276,103812,0,0,2935,3399,10326,12843,2640,44795,-28536,0,-76323,-464,-2517,-17186,-25337,-14616,-42155,1
2022-09-03 17:00:00,115945,196063,668,18988,8196,33479,4237,18486,59884,104500,0,0,2932,3332,10418,12977,2973,47952,-44616,0,-80118,-400,-2559,-18320,-25283,-14249,-44979,1
2022-09-03 18:00:00,118765,192423,747,18906,6838,31216,4109,17467,42408,107932,0,0,3175,3239,10440,12496,3978,49322,-65524,0,-73658,-64,-2056,-18159,-24378,-13358,-45344,1
2022-09-03 19:00:00,111381,183317,865,17761,5697,28930,3696,16325,41416,109220,0,0,3234,3129,10149,11957,4734,48256,-67804,0,-71936,105,-1808,-16896,-23233,-12629,-43522,3
2022-09-03 20:00:00,104944,174815,877,16692,4632,27077,3570,15129,40488,101988,0,0,3158,3032,9981,11577,4876,46638,-61500,0,-69871,126,-1596,-15815,-22445,-11559,-41762,3
2022-09-03 21:00:00,99980,165383,868,15781,4532,25352,3298,14266,37788,95960,0,0,3088,2882,9054,11337,5102,44865,-58172,0,-65403,206,-2283,-14913,-20820,-10968,-39763,3
2022-09-03 22:00:00,95784,156657,814,14946,4261,24231,3020,13706,36736,90976,0,0,3011,2722,8830,11416,5245,42960,-54240,0,-60873,289,-2586,-14132,-19970,-10686,-37715,3
2022-09-03 23:00:00,94547,150610,744,14296,4420,23333,2861,13214,36728,86168,0,0,3077,2639,8637,10965,5126,41472,-49440,0,-56063,438,-2328,-13552,-18913,-10353,-36346,3
2022-09-04 00:00:00,93354,147350,665,14014,4303,22731,2773,13024,34568,83136,0,0,2913,2596,8681,10920,4531,40362,-48568,0,-53996,317,-2239,-13349,-18428,-10251,-35831,3
2022-09-04 01:00:00,88279,144714,584,13806,4040,22582,2704,13092,33276,80928,0,0,2823,2585,8774,11083,4193,39649,-47652,0,-56435,238,-2309,-13222,-18542,-10388,-35456,3
2022-09-04 02:00:00,80659,144619,548,13930,4456,22927,2637,12998,31660,79700,0,0,2777,2622,8830,10965,3852,39176,-48040,0,-63960,155,-2135,-13382,-18471,-10361,-35324,3
2022-09-04 03:00:00,73572,146098,532,14082,4766,23192,2834,12987,30272,79260,0,0,2715,2678,9318,10930,3383,39106,-48988,0,-72526,37,-1612,-13550,-18426,-10153,-35723,3
2022-09-04 04:00:00,72919,148785,861,14453,5453,23350,3348,13709,29176,80728,0,0,2746,2873,9838,11223,2941,39163,-51552,0,-75866,-127,-1385,-13592,-17897,-10361,-36222,1
2022-09-04 05:00:00,80299,156752,1901,15044,7477,25090,3803,14781,27884,80524,0,0,2983,3130,10153,11723,2752,38167,-52640,0,-76453,-147,-1570,-13143,-17613,-10978,-35415,1
2022-09-04 06:00:00,96967,169001,3010,15822,9285,26784,4925,15551,32992,82056,0,0,3512,3313,10448,12168,2617,36041,-49064,0,-72034,199,-1720,-12812,-17499,-10626,-33424,3
2022-09-04 07:00:00,130299,180726,4139,16139,10154,27218,6192,15769,51864,86480,0,0,3628,3434,10561,12277,2936,33545,-34616,0,-50427,194,-1716,-12000,-17064,-9577,-30609,3
2022-09-04 08:00:00,170316,190768,4994,16405,11816,28238,6713,15797,70712,89628,0,0,3850,3498,10410,12313,2940,30896,-18916,0,-20452,352,-1903,-11411,-16422,-9084,-27956,3
2022-09-04 09:00:00,195656,196712,5126,16666,12723,28552,6832,16149,80648,92788,0,0,4031,3639,10222,12028,3005,29146,-12140,0,-1056,392,-1806,-11540,-15829,-9317,-26141,3
2022-09-04 10:00:00,202497,195007,5021,16453,13286,27630,6508,16122,88112,95064,0,0,4113,3758,9994,11948,2806,29833,-6952,0,7490,355,-1954,-11432,-14344,-9614,-27027,2
2022-09-04 11:00:00,198377,187985,4983,15899,12632,26523,5855,15736,93108,98816,0,0,4028,3698,10080,11995,2636,31394,-5708,0,10392,330,-1915,-10916,-13891,-9881,-28758,2
2022-09-04 12:00:00,187019,183483,4648,15888,13526,26967,4980,15557,95540,98344,0,0,3844,3492,10593,12006,2440,32218,-2804,0,3536,352,-1413,-11240,-13441,-10577,-29778,2
2022-09-04 13:00:00,166576,179895,3877,16073,12180,27579,4198,15755,93860,95624,0,0,3547,3529,10857,12264,2355,33942,-1764,0,-13319,18,-1407,-12196,-15399,-11557,-31587,3
2022-09-04 14:00:00,128441,178960,2923,16652,9675,28387,3042,15928,90896,95208,0,0,3176,3762,10972,12615,2317,36848,-4312,0,-50519,-586,-1643,-13729,-18712,-12886,-34531,1
2022-09-04 15:00:00,104137,182883,1602,17263,9002,29735,2240,16315,90140,96160,0,0,2922,3755,11011,12828,1965,41860,-6020,0,-78746,-833,-1817,-15661,-20733,-14075,-39895,1
2022-09-04 16:00:00,87849,187500,705,18016,8571,31056,2859,17259,85964,97932,0,0,2676,3549,11210,13124,1657,45360,-11968,0,-99651,-873,-1914,-17311,-22485,-14400,-43703,1
2022-09-04 17:00:00,90924,190772,512,19132,8952,32359,3733,17813,68820,100332,0,0,2753,3473,11140,13188,1520,48455,-31512,0,-99848,-720,-2048,-18620,-23407,-14080,-46935,1
2022-09-04 18:00:00,100161,194352,525,19035,7374,30780,3620,16927,54256,106168,0,0,2973,3361,11065,12565,1770,50362,-51912,0,-94191,-388,-1500,-18510,-23406,-13307,-48592,1
2022-09-04 19:00:00,102182,188459,544,17803,6067,28921,3634,15862,55276,110372,0,0,3195,3160,10930,12200,2320,49221,-55096,0,-86277,35,-1270,-17259,-22854,-12228,-46901,3
2022-09-04 20:00:00,98814,182372,500,16695,5307,26937,3545,14920,49656,105000,0,0,3235,3005,10709,11685,2813,47106,-55344,0,-83558,230,-976,-16195,-21630,-11375,-44293,3
2022-09-04 21:00:00,96917,172434,485,15673,5215,25066,3362,14155,43644,97948,0,0,3140,2896,9954,11527,3560,44807,-54304,0,-75517,244,-1573,-15188,-19851,-10793,-41247,3
2022-09-04 22:00:00,100571,166012,488,14892,4896,23766,3182,13823,36496,92088,0,0,3068,2821,9758,11287,4444,43000,-55592,0,-65441,247,-1529,-14404,-18870,-10641,-38556,3
2022-09-04 23:00:00,102526,161247,481,14364,4978,23192,2871,13542,30864,87672,0,0,3252,2769,9766,11352,5610,41474,-56808,0,-58721,483,-1586,-13883,-18214,-10671,-35864,3
2022-09-05 00:00:00,101623,159875,477,14123,5651,22942,2620,13621,28672,84900,0,0,3424,2755,9757,11520,6590,40644,-56228,0,-58252,669,-1763,-13646,-17291,-11001,-34054,3
2022-09-05 01:00:00,98847,160752,480,14196,5803,23202,2377,13926,28384,83684,0,0,3436,2796,9815,11669,6411,40106,-55300,0,-61905,640,-1854,-13716,-17399,-11549,-33695,3
2022-09-05 02:00:00,89623,164715,480,14891,5709,25063,2208,14763,27920,83868,0,0,3574,3004,9971,12088,6546,40256,-55948,0,-75092,570,-2117,-14411,-19354,-12555,-33710,3
2022-09-05 03:00:00,78235,182844,495,16547,5530,29362,2260,17393,28220,87780,0,0,3615,3456,10475,13222,5893,41814,-59560,0,-104609,159,-2747,-16052,-23832,-15133,-35921,3
2022-09-05 04:00:00,87367,212173,771,18787,8037,33496,2976,19563,28692,98768,0,0,3653,3908,10927,14541,5545,45277,-70076,0,-124806,-255,-3614,-18016,-25459,-16587,-39732,1
2022-09-05 05:00:00,101246,228147,1941,19176,12287,38281,3990,20719,32724,107768,0,0,3750,4159,11128,14723,5002,47881,-75044,0,-126901,-409,-3595,-17235,-25994,-16729,-42879,1
2022-09-05 06:00:00,118830,237142,3944,18835,13139,40262,5267,20647,38476,112928,0,0,4068,4262,11095,14454,4843,47078,-74452,0,-118312,-194,-3359,-14891,-27123,-15380,-42235,1
2022-09-05 07:00:00,138848,242106,5627,18099,13637,40123,6557,20280,54552,117476,0,0,4356,4387,10996,14372,4594,44422,-62924,0,-103258,-31,-3376,-12472,-26486,-13723,-39828,1
2022-09-05 08:00:00,166923,249126,6667,17782,14518,40464,7037,20312,69816,120300,0,0,4598,4449,10738,14480,3782,40691,-50484,0,-82203,149,-3742,-11115,-25946,-13275,-36909,3
2022-09-05 09:00:00,196875,255412,6515,18220,14716,39215,7027,20214,82704,124104,0,0,4942,4427,10468,14384,3255,38118,-41400,0,-58537,515,-3916,-11705,-24499,-13187,-34863,3
2022-09-05 10:00:00,215700,255922,6211,18627,15014,39426,6878,20181,90040,127024,0,0,5486,4471,10624,14699,3009,36684,-36984,0,-40222,1015,-4075,-12416,-24412,-13303,-33675,3
2022-09-05 11:00:00,210706,252790,5960,18466,14638,40576,6594,20034,94028,128576,0,0,5522,4344,10732,14246,2739,37759,-34548,0,-42084,1178,-3514,-12506,-25938,-13440,-35020,3
2022-09-05 12:00:00,196913,249698,5340,18931,13900,41092,5947,20236,96536,126316,0,0,5251,4209,10784,14056,2421,39403,-29780,0,-52785,1042,-3272,-13591,-27192,-14289,-36982,3
2022-09-05 13:00:00,172687,245540,4261,19592,12929,41528,5010,20317,97580,123004,0,0,4880,4157,10910,13924,1985,43869,-25424,0,-72853,723,-3014,-15331,-28599,-15307,-41884,3
2022-09-05 14:00:00,152790,241079,3163,20101,11963,40879,3418,20343,98976,122656,0,0,4387,4364,11136,14224,1856,48503,-23680,0,-88289,23,-3088,-16938,-28916,-16925,-46647,3
2022-09-05 15:00:00,134303,240797,1723,20382,10336,39967,2886,20450,98912,123088,0,0,4011,4200,11001,14163,1753,53712,-24176,0,-106494,-189,-3162,-18659,-29631,-17564,-51959,1
2022-09-05 16:00:00,123723,241155,743,20876,9896,40279,3275,21394,86468,122572,0,0,3536,4051,11017,14315,2376,55352,-36104,0,-117432,-515,-3298,-20133,-30383,-18119,-52976,1
2022-09-05 17:00:00,122428,240778,498,21729,9482,40421,3975,21667,64168,121504,0,0,3425,3893,10891,14124,3293,56176,-57336,0,-118350,-468,-3233,-21231,-30939,-17692,-52883,1
2022-09-05 18:00:00,121991,238925,496,21205,7834,37552,3642,20032,49464,125068,0,0,3603,3649,10714,13625,4688,56039,-75604,0,-116934,-46,-2911,-20709,-29718,-16390,-51351,1
2022-09-05 19:00:00,112177,223889,502,19718,5639,34204,3521,18238,50176,124880,0,0,3784,3480,10446,12711,7856,53541,-74704,0,-111712,304,-2265,-19216,-28565,-14717,-45685,3
2022-09-05 20:00:00,111702,209099,524,18704,4423,31523,3291,16810,46640,114420,0,0,3718,3303,10281,12242,11289,50666,-67780,0,-97397,415,-1961,-18180,-27100,-13519,-39377,3
2022-09-05 21:00:00,116835,196108,532,17919,3777,29161,3092,15932,41452,105436,0,0,3610,3308,9953,12149,9286,47673,-63984,0,-79273,302,-2196,-17387,-25384,-12840,-38387,3
2022-09-05 22:00:00,118720,184235,554,16862,4024,27588,2852,15493,34348,100824,0,0,3572,3166,9551,11918,6004,45284,-66476,0,-65515,406,-2367,-16308,-23564,-12641,-39280,3
2022-09-05 23:00:00,122895,176879,562,15951,4412,26849,2635,15206,33432,95996,0,0,3427,3137,9629,11740,4802,43763,-62564,0,-53984,290,-2111,-15389,-22437,-12571,-38961,3
2022-09-06 00:00:00,126603,174594,571,15600,4354,26470,2347,15254,36572,92512,0,0,3114,3098,9526,11458,5795,43201,-55940,0,-47991,16,-1932,-15029,-22116,-12907,-37406,3
2022-09-06 01:00:00,122986,175292,574,15496,4234,26579,2026,15517,37200,90708,0,0,2971,3122,9639,11745,5072,42741,-53508,0,-52306,-151,-2106,-14922,-22345,-13491,-37669,1
2022-09-06 02:00:00,110458,181715,541,16144,3978,27957,1897,16096,34972,90444,0,0,2803,3287,10044,12211,3065,42496,-55472,0,-71257,-484,-2167,-15603,-23979,-14199,-39431,1
2022-09-06 03:00:00,100861,198509,533,17629,3939,31409,1989,18242,33792,92604,0,0,2631,3756,10736,13257,2803,43798,-58812,0,-97648,-1125,-2521,-17096,-27470,-16253,-40995,1
2022-09-06 04:00:00,105397,223368,814,19596,5861,35594,3028,20091,31384,101344,0,0,2386,4229,11239,14164,3508,47977,-69960,0,-117971,-1843,-2925,-18782,-29733,-17063,-44469,1
2022-09-06 05:00:00,123833,237109,2057,19835,9998,40267,4092,21039,32108,109276,0,0,2761,4397,11323,14090,4508,51473,-77168,0,-113276,-1636,-2767,-17778,-30269,-16947,-46965,1
2022-09-06 06:00:00,130520,244533,3698,19374,13138,42203,5288,21217,37396,113376,0,0,4224,4412,11300,14156,3639,49623,-75980,0,-114013,-188,-2856,-15676,-29065,-15929,-45984,1
2022-09-06 07:00:00,139013,248739,5131,18724,13224,42186,6311,20650,50596,118184,0,0,5250,4376,11139,14094,4516,44980,-67588,0,-109726,874,-2955,-13593,-28962,-14339,-40464,3
2022-09-06 08:00:00,161915,254764,6268,18212,13908,42215,7215,20739,67196,120824,0,0,5651,4421,10833,14249,5468,41011,-53628,0,-92849,1230,-3416,-11944,-28307,-13524,-35543,3
2022-09-06 09:00:00,189524,259705,6596,18193,13949,40611,7043,20572,83280,123536,0,0,5595,4416,10749,13990,6744,38394,-40256,0,-70181,1179,-3241,-11597,-26662,-13529,-31650,3
2022-09-06 10:00:00,203654,257824,6547,18517,13785,40855,6870,20579,89032,126648,0,0,5501,4415,10628,13842,6191,36562,-37616,0,-54170,1086,-3214,-11970,-27070,-13709,-30371,3
2022-09-06 11:00:00,204089,253907,6190,18828,13512,41981,6367,20585,93936,128144,0,0,5322,4333,10555,14076,5114,35616,-34208,0,-49818,989,-3521,-12638,-28469,-14218,-30502,3
2022-09-06 12:00:00,188308,251504,5352,19530,13202,42680,5538,20993,95412,126248,0,0,4879,4183,10590,13680,4355,36800,-30836,0,-63196,696,-3090,-14178,-29478,-15455,-32445,3
2022-09-06 13:00:00,157856,245154,4419,20242,12060,43118,4245,21004,99340,124284,0,0,4759,4093,10664,13925,3215,40236,-24944,0,-87298,666,-3261,-15823,-31058,-16759,-37021,3
2022-09-06 14:00:00,134468,237091,3467,20788,11008,42255,2674,20884,99468,124456,0,0,4361,4246,10614,14194,2184,44662,-24988,0,-102623,115,-3580,-17321,-31247,-18210,-42478,3
2022-09-06 15:00:00,118101,235084,1741,21024,9332,41338,2115,20810,95728,124688,0,0,4016,4236,10729,14166,2064,51431,-28960,0,-116983,-220,-3437,-19283,-32006,-18695,-49367,1
2022-09-06 16:00:00,105374,237293,707,21447,9277,41638,2523,21658,85700,124016,0,0,3542,4028,10706,13970,1759,54762,-38316,0,-131919,-486,-3264,-20740,-32361,-19135,-53003,1
2022-09-06 17:00:00,103079,234851,536,22105,9494,41480,3353,21902,59768,122380,0,0,3375,3927,10773,13999,1475,56111,-62612,0,-131772,-552,-3226,-21569,-31986,-18549,-54636,1
2022-09-06 18:00:00,98695,229186,553,21388,7131,38517,3231,20213,45092,125564,0,0,3534,3728,10540,13409,1729,56731,-80472,0,-130491,-194,-2869,-20835,-31386,-16982,-55002,1
2022-09-06 19:00:00,88439,214367,548,19952,4930,35165,3430,18396,45104,124096,0,0,3470,3469,10242,12569,3404,54039,-78992,0,-125928,1,-2327,-19404,-30235,-14966,-50635,3
2022-09-06 20:00:00,86826,199005,553,18959,4282,32440,3526,17061,40544,113620,0,0,3437,3279,10010,12145,2881,51047,-73076,0,-112179,158,-2135,-18406,-28158,-13535,-48166,3
2022-09-06 21:00:00,89126,185721,552,18164,3960,30034,3548,15991,37052,105336,0,0,3401,3103,9744,11881,3064,48204,-68284,0,-96595,298,-2137,-17612,-26074,-12443,-45140,3
2022-09-06 22:00:00,91532,178823,530,17173,4287,28595,3564,15529,35936,101104,0,0,3234,2998,9124,11641,3294,45580,-65168,0,-87291,236,-2517,-16643,-24308,-11965,-42286,3
2022-09-06 23:00:00,91958,175863,516,16242,4737,27700,3310,15226,32548,96140,0,0,3113,2930,8997,11503,4330,44213,-63592,0,-83905,183,-2506,-15726,-22963,-11916,-39883,3
2022-09-07 00:00:00,87364,171675,519,15862,5772,27291,2990,15186,29652,92792,0,0,3112,2887,8884,11497,3389,43624,-63140,0,-84311,225,-2613,-15343,-21519,-12196,-40235,3
2022-09-07 01:00:00,84491,170726,523,15888,5616,27266,2626,15407,28408,91028,0,0,3149,2936,8969,11633,2726,43112,-62620,0,-86235,213,-2664,-15365,-21650,-12781,-40386,3
2022-09-07 02:00:00,71298,177193,514,16471,4117,28648,2303,15943,26428,90944,0,0,3101,3206,9739,12268,2505,43288,-64516,0,-105895,-105,-2529,-15957,-24531,-13640,-40783,1
2022-09-07 03:00:00,62247,193460,536,17798,4825,32311,2342,18070,26796,93928,0,0,3162,3632,10445,13373,2798,44486,-67132,0,-131213,-470,-2928,-17262,-27486,-15728,-41688,1
2022-09-07 04:00:00,67569,218010,834,19753,6753,36214,3197,20038,28632,103236,0,0,3254,4048,10840,14424,3070,48215,-74604,0,-150441,-794,-3584,-18919,-29461,-16841,-45145,1
2022-09-07 05:00:00,78444,231813,2096,19914,9794,40907,4148,21000,33156,111560,0,0,3432,4277,10952,14596,3886,51764,-78404,0,-153369,-845,-3644,-17818,-31113,-16852,-47878,1
2022-09-07 06:00:00,88270,240893,3827,19475,12394,43077,5291,20884,38076,115188,0,0,3513,4357,10823,14539,3826,51275,-77112,0,-152623,-844,-3716,-15648,-30683,-15593,-47449,1
2022-09-07 07:00:00,105156,247340,5462,18688,13088,43059,6719,20386,51208,119668,0,0,3752,4445,10821,14395,3926,47902,-68460,0,-142184,-693,-3574,-13226,-29971,-13667,-43976,1
2022-09-07 08:00:00,131930,251397,6615,18283,12662,43279,7691,20446,62948,123844,0,0,4152,4403,10988,14197,4275,42824,-60896,0,-119467,-251,-3209,-11668,-30617,-12755,-38549,1
2022-09-07 09:00:00,152424,256945,7023,18356,12988,41594,7900,20536,69896,125900,0,0,4459,4361,10935,14045,4022,39412,-56004,0,-104521,98,-3110,-11333,-28606,-12636,-35390,3
2022-09-07 10:00:00,165855,255995,6867,18629,12903,41615,7525,20471,75320,128320,0,0,4733,4378,11033,13930,3789,37642,-53000,0,-90140,355,-2897,-11762,-28712,-12946,-33853,3
2022-09-07 11:00:00,167662,251872,6453,18792,12982,42728,6816,20293,79060,129496,0,0,4721,4265,11026,13926,3908,38235,-50436,0,-84210,456,-2900,-12339,-29746,-13477,-34327,3
2022-09-07 12:00:00,152704,247632,5517,19678,12045,42811,5977,20670,84296,127616,0,0,4425,4151,11060,13858,3602,39140,-43320,0,-94928,274,-2798,-14161,-30766,-14693,-35538,3
2022-09-07 13:00:00,124834,242260,4481,20272,11361,43538,4715,20916,86880,124864,0,0,4046,4118,11090,13781,3176,42047,-37984,0,-117426,-72,-2691,-15791,-32177,-16201,-38871,1
2022-09-07 14:00:00,100971,238095,3141,20936,11368,43023,3509,20846,84132,124732,0,0,3743,4319,11288,13970,2122,46000,-40600,0,-137124,-576,-2682,-17795,-31655,-17337,-43878,1
2022-09-07 15:00:00,80054,237972,1543,21291,9937,42008,2673,20779,79932,124512,0,0,3683,4252,11383,13935,1368,50816,-44580,0,-157918,-569,-2552,-19748,-32071,-18106,-49448,1
2022-09-07 16:00:00,70166,236941,622,21716,10012,42356,3002,21744,67832,123396,0,0,3671,4020,11721,14236,926,53026,-55564,0,-166775,-349,-2515,-21094,-32344,-18742,-52100,1
2022-09-07 17:00:00,64778,236823,500,22389,9653,41852,3706,21948,54896,122324,0,0,3703,3899,12113,13987,731,54856,-67428,0,-172045,-196,-1874,-21889,-32199,-18242,-54125,1
2022-09-07 18:00:00,59970,232030,545,21762,8097,39034,3252,20297,46392,126384,0,0,3639,3660,11969,13197,647,55323,-79992,0,-172060,-21,-1228,-21217,-30937,-17045,-54676,1
2022-09-07 19:00:00,50955,216474,553,20215,6738,35818,3243,18526,43648,123776,0,0,3563,3378,11703,12362,874,52721,-80128,0,-165519,185,-659,-19662,-29080,-15283,-51847,3
2022-09-07 20:00:00,44966,200564,576,19263,5603,33096,3210,17105,39952,113392,0,0,3357,3163,11545,11841,1603,50055,-73440,0,-155598,194,-296,-18687,-27493,-13895,-48452,3
2022-09-07 21:00:00,45141,186437,581,18468,6067,30386,3154,16183,33012,104980,0,0,3503,3065,10887,11477,2128,47606,-71968,0,-141296,438,-590,-17887,-24319,-13029,-45478,3
2022-09-07 22:00:00,49322,177376,585,17406,6387,28800,3046,15671,30144,100996,0,0,3320,2963,10770,11373,2337,45042,-70852,0,-128054,357,-603,-16821,-22413,-12625,-42705,3
2022-09-07 23:00:00,57725,173457,613,16562,6904,27785,2998,15391,26764,96508,0,0,3360,2865,10725,11233,3035,43345,-69744,0,-115732,495,-508,-15949,-20881,-12393,-40310,3
2022-09-08 00:00:00,67483,172007,581,16033,7215,27229,3023,15380,25000,93232,0,0,3601,2862,10774,11288,2833,42150,-68232,0,-104524,739,-514,-15452,-20014,-12357,-39317,3
2022-09-08 01:00:00,72735,172075,566,15922,6746,27243,3187,15579,23060,91620,0,0,3835,2891,10943,11462,3192,41617,-68560,0,-99340,944,-519,-15356,-20497,-12392,-38425,3
2022-09-08 02:00:00,73501,179323,589,16553,6330,28637,3488,16233,22356,91432,0,0,3938,3060,11257,11837,3108,41803,-69076,0,-105822,878,-580,-15964,-22307,-12745,-38695,3
2022-09-08 03:00:00,70448,197257,587,17902,5658,32206,3978,18330,22108,93448,0,0,4244,3525,11791,13140,3243,43379,-71340,0,-126809,719,-1349,-17315,-26548,-14352,-40136,3
2022-09-08 04:00:00,73398,224274,899,19798,7933,36168,4584,20203,22952,101960,0,0,4561,3958,12205,14195,3917,47850,-79008,0,-150876,603,-1990,-18899,-28235,-15619,-43933,3
2022-09-08 05:00:00,84151,241324,2153,20101,11652,40355,5126,21057,26988,109628,0,0,5108,4210,12249,14360,4129,53010,-82640,0,-157173,898,-2111,-17948,-28703,-15931,-48881,3
2022-09-08 06:00:00,94440,250953,3891,19562,13329,42507,6458,21128,30416,113648,0,0,5809,4311,12253,14199,3506,55478,-83232,0,-156513,1498,-1946,-15671,-29178,-14670,-51972,3
2022-09-08 07:00:00,104546,255562,5613,19030,13844,42962,8206,20559,41192,117396,0,0,5907,4520,12473,14250,4339,54021,-76204,0,-151016,1387,-1777,-13417,-29118,-12353,-49682,3
2022-09-08 08:00:00,116552,259370,6974,18582,14461,42733,9514,20733,50272,119348,0,0,6168,4394,12369,14057,6618,50305,-69076,0,-142818,1774,-1688,-11608,-28272,-11219,-43687,3
2022-09-08 09:00:00,128964,264987,7536,18556,14176,40436,9796,20968,56596,121108,0,0,6197,4335,12320,14104,6490,46241,-64512,0,-136023,1862,-1784,-11020,-26260,-11172,-39751,3
2022-09-08 10:00:00,135578,257941,7361,19048,14433,40196,9322,20870,60880,122920,0,0,6305,4392,12409,13969,6163,42321,-62040,0,-122363,1913,-1560,-11687,-25763,-11548,-36158,3
2022-09-08 11:00:00,150009,254450,6391,19509,13487,40886,9111,20807,64904,124108,0,0,6333,4345,12347,13950,4788,40262,-59204,0,-104441,1988,-1603,-13118,-27399,-11696,-35474,3
2022-09-08 12:00:00,155997,251815,4968,20456,12166,41100,8743,21269,68468,122544,0,0,6240,4217,12246,14090,4499,39929,-54076,0,-95818,2023,-1844,-15488,-28934,-12526,-35430,3
2022-09-08 13:00:00,153432,247793,3499,21478,11946,42438,7474,21266,71344,120972,0,0,5972,4197,12167,14000,5301,42424,-49628,0,-94361,1775,-1833,-17979,-30492,-13792,-37123,3
2022-09-08 14:00:00,140009,242144,2289,21859,10948,41568,6073,21027,72772,120528,0,0,5584,4381,12124,14051,3864,46771,-47756,0,-102135,1203,-1927,-19570,-30620,-14954,-42907,3
2022-09-08 15:00:00,111766,241803,1443,21669,9780,40112,5459,21141,72492,120820,0,0,5057,4201,12145,14299,3723,50715,-48328,0,-130037,856,-2154,-20226,-30332,-15682,-46992,3
2022-09-08 16:00:00,90519,238008,794,21778,10545,40812,5306,21933,64340,120436,0,0,4989,3988,12152,14152,3171,52371,-56096,0,-147489,1001,-2000,-20984,-30267,-16627,-49200,3
2022-09-08 17:00:00,87600,235871,791,22355,11071,40481,5647,22128,51260,120300,0,0,5018,3879,12218,13747,3191,53697,-69040,0,-148271,1139,-1529,-21564,-29410,-16481,-50506,3
2022-09-08 18:00:00,83416,230429,642,21550,8972,37567,5159,20482,40148,123420,0,0,5097,3670,12022,13098,3225,54592,-83272,0,-147013,1427,-1076,-20908,-28595,-15323,-51367,3
2022-09-08 19:00:00,76478,215298,579,20056,6980,34735,4743,18851,37972,121820,0,0,5130,3572,11817,12647,2854,51555,-83848,0,-138820,1558,-830,-19477,-27755,-14108,-48701,3
2022-09-08 20:00:00,73991,199766,565,19105,6160,32226,4386,17627,36392,112136,0,0,4899,3433,11491,12249,4110,48909,-75744,0,-125775,1466,-758,-18540,-26066,-13241,-44799,3
2022-09-08 21:00:00,67923,185057,555,18302,5757,30075,4076,16628,33168,104220,0,0,4554,3203,11018,11866,5793,46749,-71052,0,-117134,1351,-848,-17747,-24318,-12552,-40956,3
2022-09-08 22:00:00,69587,178332,524,17294,6102,28562,3498,16011,29796,100468,0,0,4262,3124,10787,11836,5847,44146,-70672,0,-108745,1138,-1049,-16770,-22460,-12513,-38299,3
2022-09-08 23:00:00,80283,173968,522,16481,6103,27575,3171,15747,26500,96032,0,0,3928,3091,10581,11440,5748,41965,-69532,0,-93685,837,-859,-15959,-21472,-12576,-36217,3
2022-09-09 00:00:00,83186,171117,505,16059,6204,27200,2898,15741,25844,93004,0,0,3399,3058,10804,11272,6287,41089,-67160,0,-87931,341,-468,-15554,-20996,-12843,-34802,3
2022-09-09 01:00:00,82908,167879,501,16076,6232,27282,2623,16100,29180,91116,0,0,2949,3049,10944,11392,7173,40752,-61936,0,-84971,-100,-448,-15575,-21050,-13477,-33579,1
2022-09-09 02:00:00,78273,173280,523,16464,6233,28437,2189,16632,28556,91120,0,0,2700,3220,11396,11946,8526,40990,-62564,0,-95007,-520,-550,-15941,-22204,-14443,-32464,1
2022-09-09 03:00:00,69421,189740,484,17747,6347,31931,1970,18714,28240,93616,0,0,2499,3706,12325,12958,9025,42223,-65376,0,-120319,-1207,-633,-17263,-25584,-16744,-33198,1
2022-09-09 04:00:00,69504,216074,568,19736,8381,35644,2377,20594,30376,102604,0,0,2366,4123,12554,14190,9691,45211,-72228,0,-146570,-1757,-1636,-19168,-27263,-18217,-35520,1
2022-09-09 05:00:00,86961,231742,1190,20241,11844,39977,3024,21575,29100,111044,0,0,2353,4349,12771,14610,10377,48226,-81944,0,-144781,-1996,-1839,-19051,-28133,-18551,-37849,1
2022-09-09 06:00:00,104764,240867,2272,20016,14002,41511,3627,21792,33092,114692,0,0,2382,4415,12738,14832,9927,48329,-81600,0,-136103,-2033,-2094,-17744,-27509,-18165,-38402,1
2022-09-09 07:00:00,112338,244421,3922,19270,14832,41789,3919,21572,48120,119028,0,0,2290,4438,12890,14762,10118,47522,-70908,0,-132083,-2148,-1872,-15348,-26957,-17653,-37404,1
2022-09-09 08:00:00,131444,248711,5173,18708,16486,42231,4382,21897,65156,122840,0,0,2228,4413,12923,14706,9391,48156,-57684,0,-117267,-2185,-1783,-13535,-25745,-17515,-38765,1
2022-09-09 09:00:00,148632,251097,5712,18590,16969,40154,4528,21948,69712,125412,0,0,2150,4287,12740,14369,8509,48531,-55700,0,-102465,-2137,-1629,-12878,-23185,-17420,-40022,1
2022-09-09 10:00:00,157620,248748,5950,18649,18019,39828,4514,21787,68168,127392,0,0,1950,4217,12481,14127,8733,46533,-59224,0,-91128,-2267,-1646,-12699,-21809,-17273,-37800,1
2022-09-09 11:00:00,159616,241076,5931,18424,18225,40729,4092,21385,68816,128480,0,0,1926,4063,12321,13939,8902,46383,-59664,0,-81460,-2137,-1618,-12493,-22504,-17293,-37481,1
2022-09-09 12:00:00,155193,236158,5142,18761,17498,40882,3532,21396,68936,126040,0,0,1951,3922,12190,13728,8494,45217,-57104,0,-80965,-1971,-1538,-13619,-23384,-17864,-36723,1
2022-09-09 13:00:00,139776,232819,4121,19568,16176,41061,2810,21204,68144,123440,0,0,1739,3903,11983,13698,8173,45408,-55296,0,-93043,-2164,-1715,-15447,-24885,-18394,-37235,1
2022-09-09 14:00:00,111734,230517,2553,20390,13912,40053,2201,21102,68044,123248,0,0,1442,4057,11928,13782,7491,46485,-55204,0,-118783,-2615,-1854,-17837,-26141,-18901,-38994,1
2022-09-09 15:00:00,90623,230435,1102,20658,11558,39193,1861,20801,64488,123596,0,0,1302,3958,11723,13696,7505,50045,-59108,0,-139812,-2656,-1973,-19556,-27635,-18940,-42540,1
2022-09-09 16:00:00,77929,226208,403,20932,11474,39717,2193,21477,58812,122784,0,0,1202,3737,11720,13629,6135,51190,-63972,0,-148279,-2535,-1909,-20529,-28243,-19284,-45055,1
2022-09-09 17:00:00,71252,223178,297,21437,11301,39460,2786,21436,44720,120204,0,0,1164,3593,11449,13375,6222,51770,-75484,0,-151926,-2429,-1926,-21140,-28159,-18650,-45548,1
2022-09-09 18:00:00,70464,217024,396,20893,9517,36559,2764,20039,34804,122812,0,0,1205,3388,11081,12667,4271,51541,-88008,0,-146560,-2183,-1586,-20497,-27042,-17275,-47270,1
2022-09-09 19:00:00,69977,202747,459,19642,7988,33699,2241,18552,35972,120320,0,0,1219,3192,10761,12145,4556,48936,-84348,0,-132770,-1973,-1384,-19183,-25711,-16311,-44380,1
2022-09-09 20:00:00,67942,188300,441,18862,7580,31315,1933,17249,31712,110964,0,0,1093,3007,10197,12067,4739,46582,-79252,0,-120358,-1914,-1870,-18421,-23735,-15316,-41843,1
2022-09-09 21:00:00,71053,175050,471,18038,7641,29333,1842,16282,27760,103500,0,0,1125,2889,9594,11698,6055,44559,-75740,0,-103997,-1764,-2104,-17567,-21692,-14440,-38504,1
2022-09-09 22:00:00,67258,167470,643,16975,7539,27600,1647,15731,23696,99680,0,0,1118,2809,9279,11391,5987,42405,-75984,0,-100212,-1691,-2112,-16332,-20061,-14084,-36418,1
2022-09-09 23:00:00,62904,161278,651,16083,7326,26623,1435,15382,23592,94808,0,0,1166,2745,8999,11332,5615,41099,-71216,0,-98374,-1579,-2333,-15432,-19297,-13947,-35484,1
2022-09-10 00:00:00,64693,157298,492,15638,6847,26022,1229,15317,21660,91172,0,0,1237,2706,9032,11667,5685,40173,-69512,0,-92605,-1469,-2635,-15146,-19175,-14088,-34488,1
2022-09-10 01:00:00,62427,155745,419,15487,6646,25758,1063,15303,18864,89008,0,0,1148,2677,9053,11716,5427,39580,-70144,0,-93318,-1529,-2663,-15068,-19112,-14240,-34153,1
2022-09-10 02:00:00,60184,156694,391,15619,6545,26141,829,15235,16872,87396,0,0,1054,2701,9136,11629,5353,39359,-70524,0,-96510,-1647,-2493,-15228,-19596,-14406,-34006,1
2022-09-10 03:00:00,57510,160485,447,15778,6447,27322,747,15679,16088,86544,0,0,1042,2792,9572,11651,6177,39482,-70456,0,-102975,-1750,-2079,-15331,-20875,-14932,-33305,1
2022-09-10 04:00:00,55313,166997,646,16389,7394,28667,795,16833,16716,89232,0,0,994,2983,9953,11832,6472,40932,-72516,0,-111684,-1989,-1879,-15743,-21273,-16038,-34460,1
2022-09-10 05:00:00,60446,177004,1088,17212,10185,31226,1320,18092,18044,90936,0,0,1109,3244,10119,12383,6231,42329,-72892,0,-116558,-2135,-2264,-16124,-21041,-16772,-36098,1
2022-09-10 06:00:00,71120,189577,1882,17798,13059,32740,2047,19097,23604,94440,0,0,1182,3397,10277,12821,5977,43320,-70836,0,-118457,-2215,-2544,-15916,-19681,-17050,-37343,1
2022-09-10 07:00:00,87907,199383,2993,17947,14660,32648,2582,19568,42340,101220,0,0,1361,3532,10366,13126,5717,43134,-58880,0,-111476,-2171,-2760,-14954,-17988,-16986,-37417,1
2022-09-10 08:00:00,104174,205448,4626,17410,16067,32301,2508,19686,59220,106284,0,0,1548,3567,10344,12856,6000,41816,-47064,0,-101274,-2019,-2512,-12784,-16234,-17178,-35816,1
2022-09-10 09:00:00,113654,207887,5760,16760,16985,31905,2629,19797,64964,108888,0,0,1586,3569,10454,12881,5904,39738,-43924,0,-94233,-1983,-2427,-11000,-14920,-17168,-33834,1
2022-09-10 10:00:00,126855,205306,6225,16395,18599,30997,2524,19212,65004,110588,0,0,1692,3584,10360,12801,5298,37776,-45584,0,-78451,-1892,-2441,-10170,-12398,-16688,-32478,1
2022-09-10 11:00:00,133230,200123,6210,15806,19007,31131,2188,18665,65760,112476,0,0,1690,3537,10383,12699,4398,35649,-46716,0,-66893,-1847,-2316,-9596,-12124,-16477,-31251,1
2022-09-10 12:00:00,122498,194923,5593,16205,18352,31149,2088,18662,67656,110972,0,0,1552,3434,10361,12737,3530,33780,-43316,0,-72425,-1882,-2376,-10612,-12797,-16574,-30250,1
2022-09-10 13:00:00,107589,191139,4809,16460,15607,31718,1408,18190,66712,108736,0,0,1445,3463,10285,12882,3397,34653,-42024,0,-83550,-2018,-2597,-11651,-16111,-16782,-31256,1
2022-09-10 14:00:00,89431,190066,3326,17319,13570,32337,1141,18404,67104,108008,0,0,1265,3623,10331,12982,3444,37189,-40904,0,-100635,-2358,-2651,-13993,-18767,-17263,-33745,1
2022-09-10 15:00:00,74973,194052,1889,17709,12418,32838,976,18406,65224,108356,0,0,1080,3604,10310,12863,3654,41693,-43132,0,-119079,-2524,-2553,-15820,-20420,-17430,-38039,1
2022-09-10 16:00:00,65317,194350,723,18333,12405,34237,1121,19073,56500,109148,0,0,1026,3391,10492,12880,3465,45010,-52648,0,-129033,-2365,-2388,-17610,-21832,-17952,-41545,1
2022-09-10 17:00:00,64788,192763,582,19360,12647,34311,1062,18921,38344,109100,0,0,1022,3313,10469,12775,3208,47050,-70756,0,-127975,-2291,-2306,-18778,-21664,-17859,-43842,1
2022-09-10 18:00:00,60196,187801,635,18832,10759,31831,631,17852,29220,112464,0,0,933,3178,10388,12328,3381,47707,-83244,0,-127605,-2245,-1940,-18197,-21072,-17221,-44326,1
2022-09-10 19:00:00,56533,176167,720,17697,8541,29662,283,16609,31180,112344,0,0,837,3008,10198,12066,3312,46116,-81164,0,-119634,-2171,-1868,-16977,-21121,-16326,-42804,1
2022-09-10 20:00:00,55577,167089,688,16730,7846,27925,273,15515,28820,104324,0,0,743,2840,10011,11707,2843,44350,-75504,0,-111512,-2097,-1696,-16042,-20079,-15242,-41507,1
2022-09-10 21:00:00,53700,157822,709,15731,7204,26015,279,14401,25536,98020,0,0,650,2731,9855,11509,2095,42541,-72484,0,-104122,-2081,-1654,-15022,-18811,-14122,-40446,1
2022-09-10 22:00:00,51248,148856,646,14772,6863,24690,358,13761,24524,93452,0,0,628,2652,9629,11309,1485,41210,-68928,0,-97608,-2024,-1680,-14126,-17827,-13403,-39725,1
2022-09-10 23:00:00,49469,143011,572,14205,6782,23629,496,13402,22908,88836,0,0,600,2606,9549,11037,965,40005,-65928,0,-93542,-2006,-1488,-13633,-16847,-12906,-39040,1
2022-09-11 00:00:00,48596,139333,671,13885,6704,23098,649,13276,20184,84904,0,0,614,2565,9558,10887,798,39157,-64720,0,-90737,-1951,-1329,-13214,-16394,-12627,-38359,1
2022-09-11 01:00:00,46811,139317,632,13702,6747,23026,816,13157,19724,82320,0,0,659,2552,9561,10939,600,38660,-62596,0,-92506,-1893,-1378,-13070,-16279,-12341,-38060,1
2022-09-11 02:00:00,44175,138716,667,13891,6784,23314,968,13174,20260,81188,0,0,689,2584,9544,11038,466,38349,-60928,0,-94541,-1895,-1494,-13224,-16530,-12206,-37883,1
2022-09-11 03:00:00,43817,141391,720,14012,6898,23659,1113,13191,18960,81012,0,0,747,2658,9676,10961,338,38471,-62052,0,-97574,-1911,-1285,-13292,-16761,-12078,-38133,1
2022-09-11 04:00:00,42382,144689,911,14390,7564,23962,1368,13796,19912,82252,0,0,833,2818,9850,11207,335,38904,-62340,0,-102307,-1985,-1357,-13479,-16398,-12428,-38569,1
2022-09-11 05:00:00,45432,152807,1981,14937,10485,25666,1815,14891,18940,82084,0,0,1035,3093,10057,11620,436,38553,-63144,0,-107375,-2058,-1563,-12956,-15181,-13076,-38117,1
2022-09-11 06:00:00,53678,165113,3480,15258,13933,27092,2526,15980,22152,83992,0,0,1281,3301,10022,12171,723,36772,-61840,0,-111435,-2020,-2149,-11778,-13159,-13454,-36049,1
2022-09-11 07:00:00,66914,176271,4952,15307,16869,27870,3565,16451,36860,89844,0,0,1567,3384,10087,12453,1112,34569,-52984,0,-109357,-1817,-2366,-10355,-11001,-12886,-33457,1
2022-09-11 08:00:00,83557,184921,6102,15458,17568,27795,4460,16761,55168,95172,0,0,1677,3467,10064,12679,1410,32983,-40004,0,-101364,-1790,-2615,-9356,-10227,-12301,-31573,1
2022-09-11 09:00:00,95892,191294,6480,15565,17691,27604,5179,16709,67136,98076,0,0,1665,3476,9866,12480,1610,31563,-30940,0,-95402,-1811,-2614,-9085,-9913,-11530,-29953,1
2022-09-11 10:00:00,113099,188752,6076,15662,17564,26571,5681,16496,71808,101428,0,0,1596,3552,9820,12551,1600,30356,-29620,0,-75653,-1956,-2731,-9586,-9007,-10815,-28756,1
2022-09-11 11:00:00,132856,181746,5164,15791,17396,26360,5801,16185,77552,105608,0,0,1511,3590,9846,12470,1352,29402,-28056,0,-48890,-2079,-2624,-10627,-8964,-10384,-28050,1
2022-09-11 12:00:00,135975,177609,4455,15941,16552,26708,5778,15852,83208,105764,0,0,1426,3509,9749,12211,1188,28918,-22556,0,-41634,-2083,-2462,-11486,-10156,-10074,-27730,1
2022-09-11 13:00:00,124790,175040,3964,15961,14765,27550,5344,15773,84952,103460,0,0,1262,3518,9762,12318,1162,30358,-18508,0,-50250,-2256,-2556,-11997,-12785,-10429,-29196,1
2022-09-11 14:00:00,99582,174978,2936,16728,11320,28424,4560,16003,86692,103104,0,0,1067,3708,10091,12641,1276,34226,-16412,0,-75396,-2641,-2550,-13792,-17104,-11443,-32950,1
2022-09-11 15:00:00,68470,179264,1669,17147,10216,29247,3368,16574,81916,103908,0,0,818,3709,10225,12951,932,40333,-21992,0,-110794,-2891,-2726,-15478,-19031,-13206,-39401,1
2022-09-11 16:00:00,47711,184844,976,18053,9030,30999,3318,17663,69124,104612,0,0,630,3540,10554,13170,518,44677,-35488,0,-137133,-2910,-2616,-17077,-21969,-14345,-44159,1
2022-09-11 17:00:00,45621,187324,847,19292,9333,31866,3503,17907,47580,105076,0,0,593,3477,10548,13091,339,47541,-57496,0,-141703,-2884,-2543,-18445,-22533,-14404,-47202,1
2022-09-11 18:00:00,43215,186449,844,18746,8086,30388,3230,16809,43024,110900,0,0,593,3316,10322,12707,404,48590,-67876,0,-143234,-2723,-2385,-17902,-22302,-13579,-48186,1
2022-09-11 19:00:00,35802,179261,898,17560,6926,28585,2936,15905,47684,112620,0,0,584,3144,10223,12294,789,46762,-64936,0,-143459,-2560,-2071,-16662,-21659,-12969,-45973,1
2022-09-11 20:00:00,34624,171254,869,16392,6022,26619,2716,14923,45752,107308,0,0,517,2987,9765,11809,1335,45199,-61556,0,-136630,-2470,-2044,-15523,-20597,-12207,-43864,1
2022-09-11 21:00:00,31298,160835,939,15316,5860,24594,2571,14064,41540,100852,0,0,460,2881,9123,11582,1364,42958,-59312,0,-129537,-2421,-2459,-14377,-18734,-11493,-41594,1
2022-09-11 22:00:00,33312,153201,952,14593,6797,23485,2634,13674,38520,95700,0,0,424,2784,8997,11293,1505,41165,-57180,0,-119889,-2360,-2296,-13641,-16688,-11040,-39660,1
2022-09-11 23:00:00,39471,149755,990,14135,7107,23002,2646,13586,36404,91660,0,0,425,2735,8979,11184,1547,39593,-55256,0,-110284,-2310,-2205,-13145,-15895,-10940,-38046,1
2022-09-12 00:00:00,42168,147784,945,13856,7216,22739,2536,13519,35976,88488,0,0,478,2717,9030,11196,1878,38641,-52512,0,-105616,-2239,-2166,-12911,-15523,-10983,-36763,1
2022-09-12 01:00:00,43440,149335,968,13993,7368,23032,2390,13807,39036,86948,0,0,610,2756,9119,11464,2270,38342,-47912,0,-105895,-2146,-2345,-13025,-15664,-11417,-36072,1
2022-09-12 02:00:00,38918,156158,872,14723,7523,24861,2279,14780,38988,86892,0,0,750,2983,9473,12255,2332,38795,-47904,0,-117240,-2233,-2782,-13851,-17338,-12501,-36463,1
2022-09-12 03:00:00,35264,176188,713,16432,6076,29224,2115,17507,37640,90748,0,0,943,3478,9893,13752,2581,40585,-53108,0,-140924,-2535,-3859,-15719,-23148,-15392,-38004,1
2022-09-12 04:00:00,44430,207138,962,18548,7700,33354,2335,19717,36200,103192,0,0,1165,3926,10438,15114,2852,44594,-66992,0,-162708,-2761,-4676,-17586,-25654,-17382,-41742,1
2022-09-12 05:00:00,61706,222797,2394,18740,12439,37833,3023,20930,34808,113436,0,0,1432,4147,10480,15295,3243,48424,-78628,0,-161091,-2715,-4815,-16346,-25394,-17907,-45181,1
2022-09-12 06:00:00,85029,232487,4439,18127,13148,39277,3577,21111,35648,118784,0,0,1670,4225,10608,14960,3246,48791,-83136,0,-147458,-2555,-4352,-13688,-26129,-17534,-45545,1
2022-09-12 07:00:00,110892,237608,5875,17318,14319,38987,4184,20789,43052,123908,0,0,1971,4355,10514,14281,3396,44363,-80856,0,-126716,-2384,-3767,-11443,-24668,-16605,-40967,1
2022-09-12 08:00:00,132019,239742,6815,17019,15026,38885,4485,20864,46780,127416,0,0,2263,4374,10639,14396,3640,39174,-80636,0,-107723,-2111,-3757,-10204,-23859,-16379,-35534,1
2022-09-12 09:00:00,152151,242570,6742,17471,14624,37464,4774,21080,55464,130356,0,0,2637,4327,10579,14399,3852,35144,-74892,0,-90419,-1690,-3820,-10729,-22840,-16306,-31292,1
2022-09-12 10:00:00,164701,241271,6031,18438,14535,37649,4952,21164,61836,132572,0,0,2937,4352,10468,14096,4282,32941,-70736,0,-76570,-1415,-3628,-12407,-23114,-16212,-28659,1
2022-09-12 11:00:00,169970,237976,5329,18608,14280,39015,4632,20686,68248,134844,0,0,3064,4318,10565,13881,4314,33331,-66596,0,-68006,-1254,-3316,-13279,-24735,-16054,-29017,1
2022-09-12 12:00:00,155431,232295,4492,18861,13586,39789,4321,21098,73888,134128,0,0,2979,4197,10603,13884,3882,34544,-60240,0,-76864,-1218,-3281,-14369,-26203,-16777,-30662,1
2022-09-12 13:00:00,131008,227050,3900,18916,12567,40286,3381,20994,79544,132308,0,0,2894,4144,10656,13978,3893,37513,-52764,0,-96042,-1250,-3322,-15016,-27719,-17613,-33620,1
2022-09-12 14:00:00,106327,223175,2906,19305,10667,39689,1970,20836,82912,131948,0,0,2981,4337,10609,14016,3307,42266,-49036,0,-116848,-1356,-3407,-16399,-29022,-18866,-38959,1
2022-09-12 15:00:00,84284,225287,1590,19806,10328,38955,1224,20867,69984,130524,0,0,2957,4258,10731,13902,2792,47766,-60540,0,-141003,-1301,-3171,-18216,-28627,-19643,-44974,1
2022-09-12 16:00:00,69557,225843,669,20511,9792,39753,1682,21978,58500,128260,0,0,3202,4047,10946,13662,2500,51238,-69760,0,-156286,-845,-2716,-19842,-29961,-20296,-48738,1
2022-09-12 17:00:00,70316,229680,622,21414,9538,39519,1756,22014,51240,127960,0,0,3582,3901,11210,12939,2640,53402,-76720,0,-159364,-319,-1729,-20792,-29981,-20258,-50762,1
2022-09-12 18:00:00,73518,224491,587,20606,6443,36536,1044,20325,46384,132428,0,0,3998,3685,11337,12324,2475,53962,-86044,0,-150973,313,-987,-20019,-30093,-19281,-51487,3
2022-09-12 19:00:00,82126,210379,488,19167,4684,33162,516,18742,44076,127904,0,0,4322,3397,11085,11644,3038,51294,-83828,0,-128253,925,-559,-18679,-28478,-18226,-48256,3
2022-09-12 20:00:00,90303,194611,431,18224,4253,30608,615,17365,47464,116480,0,0,3819,3154,10761,11096,2698,48831,-69016,0,-104308,665,-335,-17793,-26355,-16750,-46133,3
2022-09-12 21:00:00,97634,182235,420,17471,3669,28587,894,16283,48612,107696,0,0,3038,3020,10382,10880,3052,46355,-59084,0,-84601,18,-498,-17051,-24918,-15389,-43303,3
2022-09-12 22:00:00,110251,175636,402,16470,3630,27257,984,15661,47100,103620,0,0,2961,2883,10102,10947,3638,44093,-56520,0,-65385,78,-845,-16068,-23627,-14677,-40455,3
2022-09-12 23:00:00,112219,172862,354,15560,5030,26327,1203,15381,48856,99148,0,0,3357,2874,10162,10691,3382,42626,-50292,0,-60643,483,-529,-15206,-21297,-14178,-39244,3
2022-09-13 00:00:00,111131,172345,383,15101,5285,25986,1464,15389,51940,96088,0,0,3884,2842,10281,10719,2323,41717,-44148,0,-61214,1042,-438,-14718,-20701,-13925,-39394,3
2022-09-13 01:00:00,108611,172822,400,15099,5503,26057,1659,15659,53416,94576,0,0,4024,2840,10452,10852,2480,41269,-41160,0,-64211,1184,-400,-14699,-20554,-14000,-38789,3
2022-09-13 02:00:00,100114,176389,398,15680,5571,27475,1800,16344,56260,94500,0,0,3974,3043,11032,11188,2609,41478,-38240,0,-76275,931,-156,-15282,-21904,-14544,-38869,3
2022-09-13 03:00:00,87706,192920,400,17242,4222,31310,2287,18381,58144,98324,0,0,3927,3556,12200,12653,2239,43263,-40180,0,-105214,371,-453,-16842,-27088,-16094,-41024,3
2022-09-13 04:00:00,89142,221102,654,19164,6206,35129,3393,20206,59616,109056,0,0,3925,3975,13510,14014,2109,47415,-49440,0,-131960,-50,-504,-18510,-28923,-16813,-45306,1
2022-09-13 05:00:00,90976,235415,2061,19223,9801,39399,4443,21162,57868,119328,0,0,4044,4173,13630,14592,2168,51737,-61460,0,-144439,-129,-962,-17162,-29598,-16719,-49569,1
2022-09-13 06:00:00,105759,242597,4034,18557,12110,40719,4922,21185,59280,124440,0,0,4574,4229,13777,14530,2529,52161,-65160,0,-136838,345,-753,-14523,-28609,-16263,-49632,3
2022-09-13 07:00:00,119115,245789,5642,17756,13227,40687,5309,20835,61840,129088,0,0,5284,4353,13802,14296,3245,48529,-67248,0,-126674,931,-494,-12114,-27460,-15526,-45284,3
2022-09-13 08:00:00,137114,251190,6697,17287,14117,40617,5218,21180,68444,130952,0,0,5681,4350,13899,14432,4118,44270,-62508,0,-114076,1331,-533,-10590,-26500,-15962,-40152,3
2022-09-13 09:00:00,158879,254872,7048,17094,14579,39007,5187,21271,78996,130912,0,0,6233,4305,13677,14377,4778,42001,-51916,0,-95993,1928,-700,-10046,-24428,-16084,-37223,3
2022-09-13 10:00:00,172999,254676,6731,17401,14525,39077,5142,21322,90228,132672,0,0,6319,4366,13628,14372,4256,39544,-42444,0,-81677,1953,-744,-10670,-24552,-16180,-35288,3
2022-09-13 11:00:00,174433,247306,6163,17559,13795,40205,4757,21141,94648,132128,0,0,6198,4316,13314,14452,3915,37926,-37480,0,-72873,1882,-1138,-11396,-26410,-16384,-34011,3
2022-09-13 12:00:00,167466,245554,5219,18210,12327,40644,3945,21090,99048,129040,0,0,6186,4208,13149,14377,3422,37900,-29992,0,-78088,1978,-1228,-12991,-28317,-17145,-34478,3
2022-09-13 13:00:00,153101,242181,4255,18627,11314,41350,3369,20990,92572,125832,0,0,6112,4164,12933,14325,3292,41479,-33260,0,-89080,1948,-1392,-14372,-30036,-17621,-38187,3
2022-09-13 14:00:00,128189,239015,3074,19382,9659,40715,2810,20968,85728,124288,0,0,5783,4361,12516,14456,3244,46561,-38560,0,-110826,1422,-1940,-16308,-31056,-18158,-43317,3
2022-09-13 15:00:00,110515,237736,1535,20015,8086,39682,2986,20956,73676,122984,0,0,5648,4219,12376,14282,3618,51409,-49308,0,-127221,1429,-1906,-18480,-31596,-17970,-47791,3
2022-09-13 16:00:00,94487,237046,611,20688,7868,40690,3146,22097,61052,121024,0,0,5550,3964,12266,14453,3261,52876,-59972,0,-142559,1586,-2187,-20077,-32822,-18951,-49615,3
2022-09-13 17:00:00,90609,238847,541,21707,8209,40376,3289,22053,53636,121524,0,0,5550,3836,12132,14176,2909,53829,-67888,0,-148238,1714,-2044,-21166,-32167,-18764,-50920,3
2022-09-13 18:00:00,79792,230617,555,20930,5967,37357,2636,20349,49112,127000,0,0,5625,3604,11520,13156,3076,53535,-77888,0,-150825,2021,-1636,-20375,-31390,-17713,-50459,3
2022-09-13 19:00:00,73850,213299,602,19411,5112,34032,2672,18641,49036,122616,0,0,5581,3384,11123,12539,3109,50987,-73580,0,-139449,2197,-1416,-18809,-28920,-15969,-47878,3
2022-09-13 20:00:00,71572,197373,598,18493,4521,31430,2900,17147,47412,111296,0,0,5510,3172,10480,11861,2660,48542,-63884,0,-125801,2338,-1381,-17895,-26909,-14247,-45882,3
2022-09-13 21:00:00,71259,184773,612,17724,4695,29067,2900,16121,44104,103204,0,0,5278,3012,9854,11432,2242,46285,-59100,0,-113514,2266,-1578,-17112,-24372,-13221,-44043,3
2022-09-13 22:00:00,69010,176325,630,16575,5023,27785,2943,15672,41424,98940,0,0,5101,2959,9615,11406,1884,43968,-57516,0,-107315,2142,-1791,-15945,-22762,-12729,-42084,3
2022-09-13 23:00:00,69313,169921,602,15733,5097,27018,2912,15351,39680,94960,0,0,4830,2878,9293,11405,1672,42261,-55280,0,-100608,1952,-2112,-15131,-21921,-12439,-40589,3
2022-09-14 00:00:00,70992,168098,533,15328,5127,26854,2888,15350,40440,91972,0,0,4639,2825,8977,11342,1798,41248,-51532,0,-97106,1814,-2365,-14795,-21727,-12462,-39450,3
2022-09-14 01:00:00,69057,168833,569,15298,5146,27069,2949,15701,40172,90772,0,0,4483,2835,8998,11353,1802,40899,-50600,0,-99776,1648,-2355,-14729,-21923,-12752,-39097,3
2022-09-14 02:00:00,66172,174375,565,15936,5166,28431,3008,16430,38872,91108,0,0,4228,3055,9559,11966,1769,41087,-52236,0,-108203,1173,-2407,-15371,-23265,-13422,-39318,3
2022-09-14 03:00:00,55772,192067,508,17425,5197,32312,3156,18515,36664,93988,0,0,3904,3550,10481,13416,1607,42656,-57324,0,-136295,354,-2935,-16917,-27115,-15359,-41049,3
2022-09-14 04:00:00,58395,220880,743,19374,7130,36201,3444,20266,35376,104540,0,0,3681,3973,11130,14358,1574,46674,-69164,0,-162485,-292,-3228,-18631,-29071,-16822,-45100,1
2022-09-14 05:00:00,65608,236617,1603,19858,11430,40524,3931,21115,35904,115116,0,0,3633,4162,11246,14746,1721,51390,-79212,0,-171009,-529,-3500,-18255,-29094,-17184,-49669,1
2022-09-14 06:00:00,77310,244201,2579,20039,13293,42347,4756,21361,36504,119540,0,0,3780,4173,11454,14777,1814,53323,-83036,0,-166891,-393,-3323,-17460,-29054,-16605,-51509,1
2022-09-14 07:00:00,82917,246449,3262,20086,13809,42620,5355,20952,42060,122204,0,0,3923,4236,11749,14754,1725,52672,-80144,0,-163532,-313,-3005,-16824,-28811,-15597,-50947,1
2022-09-14 08:00:00,93259,253313,3789,19892,14935,42498,5895,21159,49392,124092,0,0,4203,4226,11990,14840,1535,51232,-74700,0,-160054,-23,-2850,-16103,-27563,-15264,-49697,1
2022-09-14 09:00:00,103787,256064,3934,19894,14975,40577,6043,21141,54140,124184,0,0,4390,4211,12167,14789,1548,49809,-70044,0,-152277,179,-2622,-15960,-25602,-15098,-48261,3
2022-09-14 10:00:00,110030,252591,3129,20429,13331,40000,5868,21073,61740,125396,0,0,4353,4281,12072,14613,1719,48130,-63656,0,-142561,72,-2541,-17300,-26669,-15205,-46411,3
2022-09-14 11:00:00,103140,248608,2986,20242,13633,41220,5263,20895,65832,125108,0,0,4120,4181,12151,14568,1750,46414,-59276,0,-145468,-61,-2417,-17256,-27587,-15632,-44664,1
2022-09-14 12:00:00,96159,243955,3027,19946,13488,42257,4421,21211,68160,122608,0,0,4085,4085,12117,14389,1525,45311,-54448,0,-147796,0,-2272,-16919,-28769,-16790,-43786,1
2022-09-14 13:00:00,84853,237877,2667,20105,11971,42484,3369,21279,66960,120044,0,0,3700,4127,12143,14385,1591,45188,-53084,0,-153024,-427,-2242,-17438,-30513,-17910,-43597,1
2022-09-14 14:00:00,78802,235686,2109,20449,10445,41221,2125,21136,63336,119432,0,0,3664,4294,11975,14336,1764,46593,-56096,0,-156884,-630,-2361,-18340,-30776,-19011,-44829,1
2022-09-14 15:00:00,73366,236249,1289,20601,9286,40199,1844,21106,57716,119592,0,0,3504,4150,11859,14323,1985,50202,-61876,0,-162883,-646,-2464,-19312,-30913,-19262,-48217,1
2022-09-14 16:00:00,73618,233527,623,21130,9317,41121,2213,22188,52036,119100,0,0,3318,3924,11806,14674,2109,51738,-67064,0,-159909,-606,-2868,-20507,-31804,-19975,-49629,1
2022-09-14 17:00:00,73573,233822,563,21971,8894,40156,2238,22084,40552,119288,0,0,3328,3833,11704,14444,2650,53426,-78736,0,-160249,-505,-2740,-21408,-31262,-19846,-50776,1
2022-09-14 18:00:00,69788,225589,746,21052,7014,37269,1624,20531,37112,125184,0,0,3489,3586,11036,13531,2572,53656,-88072,0,-155801,-97,-2495,-20306,-30255,-18907,-51084,1
2022-09-14 19:00:00,62594,209315,807,19593,6468,34178,1291,18929,36500,121200,0,0,3699,3390,10466,12606,2294,50713,-84700,0,-146721,309,-2140,-18786,-27710,-17638,-48419,3
2022-09-14 20:00:00,65387,194389,848,18690,6156,31414,1343,17542,32788,110204,0,0,3601,3198,9618,12298,3551,48221,-77416,0,-129002,403,-2680,-17842,-25258,-16199,-44670,3
2022-09-14 21:00:00,73611,182416,852,17964,6326,29341,1333,16458,30372,102448,0,0,3574,2979,8442,11835,5400,45888,-72076,0,-108805,595,-3393,-17112,-23015,-15125,-40488,3
2022-09-14 22:00:00,83994,174567,592,17009,6969,27917,1421,15979,26404,97920,0,0,3695,2894,8297,11506,6159,43168,-71516,0,-90573,801,-3209,-16417,-20948,-14558,-37009,3
2022-09-14 23:00:00,95327,171349,761,16108,7344,27040,1551,15779,22856,93592,0,0,3854,2845,8185,11308,5870,41496,-70736,0,-76022,1009,-3123,-15347,-19696,-14228,-35626,3
2022-09-15 00:00:00,99531,169616,689,15741,7611,26839,1711,15825,21704,90620,0,0,3924,2851,8322,11274,7183,40621,-68916,0,-70085,1073,-2952,-15052,-19228,-14114,-33438,3
2022-09-15 01:00:00,109052,171502,755,15644,7878,27001,1782,15969,20980,88916,0,0,4162,2891,8503,11057,7839,40158,-67936,0,-62450,1271,-2554,-14889,-19123,-14187,-32319,3
2022-09-15 02:00:00,112833,178096,802,16199,8277,28371,1894,16818,21368,88804,0,0,3880,3053,9160,11389,7214,40320,-67436,0,-65263,827,-2229,-15397,-20094,-14924,-33106,3
2022-09-15 03:00:00,108527,196438,942,17693,7772,32572,2298,18829,20340,91572,0,0,4051,3536,10443,12690,6523,41778,-71232,0,-87911,515,-2247,-16751,-24800,-16531,-35255,3
2022-09-15 04:00:00,104388,224264,965,19884,8866,36332,3280,20722,19388,102144,0,0,4229,3984,11267,13949,6179,45532,-82756,0,-119876,245,-2682,-18919,-27466,-17442,-39353,3
2022-09-15 05:00:00,113083,239665,1401,20567,11114,40064,4057,21634,24176,112180,0,0,4732,4136,11491,14063,6012,49827,-88004,0,-126582,596,-2572,-19166,-28950,-17577,-43815,3
2022-09-15 06:00:00,119218,248445,2313,20537,12773,41448,4866,21671,28016,115560,0,0,5536,4202,11683,14245,7093,51067,-87544,0,-129227,1334,-2562,-18224,-28675,-16805,-43974,3
2022-09-15 07:00:00,129690,250750,3231,20045,13411,41382,5891,21213,37672,119376,0,0,6113,4321,12021,14261,8528,49859,-81704,0,-121060,1792,-2240,-16814,-27971,-15322,-41331,3
2022-09-15 08:00:00,142472,255247,4177,19647,13700,41448,6788,21400,45920,121840,0,0,6227,4401,12036,14069,8193,47353,-75920,0,-112775,1826,-2033,-15470,-27748,-14612,-39160,3
2022-09-15 09:00:00,156628,261462,4662,19540,13046,39037,7208,21616,50324,122512,0,0,6244,4348,12159,14045,7173,44717,-72188,0,-104834,1896,-1886,-14878,-25991,-14408,-37544,3
2022-09-15 10:00:00,164625,260424,4678,19887,12359,39101,7331,21553,52788,124000,0,0,6487,4318,12078,13695,7734,42293,-71212,0,-95799,2169,-1617,-15209,-26742,-14222,-34559,3
2022-09-15 11:00:00,177739,254960,3663,20279,11066,39655,7355,21224,55148,124820,0,0,6481,4254,12002,13786,9709,41483,-69672,0,-77221,2227,-1784,-16616,-28589,-13869,-31774,3
2022-09-15 12:00:00,171845,249617,2507,21136,10210,40483,6806,21170,55528,123496,0,0,6536,4178,12048,13758,9329,42104,-67968,0,-77772,2358,-1710,-18629,-30273,-14364,-32775,3
2022-09-15 13:00:00,167979,246561,1852,21405,10416,41080,5886,21073,53212,121264,0,0,6325,4121,11853,13857,8894,44732,-68052,0,-78582,2204,-2004,-19553,-30664,-15187,-35838,3
2022-09-15 14:00:00,148945,243059,1125,21529,10155,40655,4613,20807,54096,121224,0,0,5705,4372,11845,14143,9809,47680,-67128,0,-94114,1333,-2298,-20404,-30500,-16194,-37871,3
2022-09-15 15:00:00,127074,239760,801,21223,9941,40198,3833,20943,53088,120728,0,0,5048,4288,11750,14076,10861,50987,-67640,0,-112686,760,-2326,-20422,-30257,-17110,-40126,3
2022-09-15 16:00:00,119422,236159,679,21396,10375,41356,4123,22042,48132,119480,0,0,4698,4029,11754,14210,11353,51736,-71348,0,-116737,669,-2456,-20717,-30981,-17919,-40383,3
2022-09-15 17:00:00,119062,237810,803,21828,9993,40324,4730,21963,42516,120396,0,0,4867,3824,11753,13784,11056,53074,-77880,0,-118748,1043,-2031,-21025,-30331,-17233,-42018,3
2022-09-15 18:00:00,108081,231757,871,20893,7672,37442,5102,20340,38336,126216,0,0,5050,3652,11547,12979,11299,52900,-87880,0,-123676,1398,-1432,-20022,-29770,-15238,-41601,3
2022-09-15 19:00:00,105209,216498,763,19443,6386,34565,5212,18599,39080,121676,0,0,4862,3450,11132,12357,11633,50409,-82596,0,-111289,1412,-1225,-18680,-28179,-13387,-38776,3
2022-09-15 20:00:00,104143,201443,753,18599,5730,31665,4936,17249,37432,110536,0,0,4842,3228,10655,11919,12453,48269,-73104,0,-97300,1614,-1264,-17846,-25935,-12313,-35816,3
2022-09-15 21:00:00,111753,188185,755,17876,5772,29418,4657,16292,34496,102268,0,0,4940,3110,10254,11367,11677,45696,-67772,0,-76432,1830,-1113,-17121,-23646,-11635,-34019,3
2022-09-15 22:00:00,121595,181847,748,16997,5978,28063,4840,15692,39544,98552,0,0,4864,3019,9911,10983,12141,43405,-59008,0,-60252,1845,-1072,-16249,-22085,-10852,-31264,3
2022-09-15 23:00:00,123590,177818,729,16167,5588,27170,4913,15490,39128,94868,0,0,4645,2909,9855,10907,12905,41797,-55740,0,-54228,1736,-1052,-15438,-21582,-10577,-28892,3
2022-09-16 00:00:00,126614,175455,688,15636,5974,26888,5033,15424,38460,91928,0,0,4400,2883,9892,10833,12419,41033,-53468,0,-48841,1517,-941,-14948,-20914,-10391,-28614,3
2022-09-16 01:00:00,128349,176813,766,15542,5965,27038,5152,15656,38420,90312,0,0,4177,2896,10302,10975,11672,40303,-51892,0,-48464,1281,-673,-14776,-21073,-10504,-28631,3
2022-09-16 02:00:00,127399,182222,821,16045,5862,28181,5145,16359,38784,90400,0,0,4135,3072,11045,11485,12315,40501,-51616,0,-54823,1063,-440,-15224,-22319,-11214,-28186,3
2022-09-16 03:00:00,125444,198210,787,17463,6850,32219,5455,18321,38920,93476,0,0,3887,3555,11854,12857,12619,42018,-54556,0,-72766,332,-1003,-16676,-25369,-12866,-29399,3
2022-09-16 04:00:00,132618,225712,914,19568,8984,36227,6148,20161,37948,103848,0,0,3581,3937,12152,14065,13385,45706,-65900,0,-93094,-356,-1913,-18654,-27243,-14013,-32321,1
2022-09-16 05:00:00,143782,241267,1319,20309,13099,40386,7395,21146,38440,113176,0,0,3536,4126,12059,14452,13282,49367,-74736,0,-97485,-590,-2393,-18990,-27287,-13751,-36085,1
2022-09-16 06:00:00,156840,249413,1927,20374,14569,41998,8920,21221,40672,116800,0,0,3611,4194,12028,14512,13105,48283,-76128,0,-92573,-583,-2484,-18447,-27429,-12301,-35178,1
2022-09-16 07:00:00,166693,253838,2338,20373,15670,42390,9969,21047,56916,120048,0,0,3563,4318,12118,14558,14163,45532,-63132,0,-87145,-755,-2440,-18035,-26720,-11078,-31369,1
2022-09-16 08:00:00,185496,258932,2668,20441,16524,42096,10171,21245,72620,122036,0,0,3686,4354,12111,14345,13760,43496,-49416,0,-73436,-668,-2234,-17773,-25572,-11074,-29736,1
2022-09-16 09:00:00,199768,262410,2669,20508,17076,40304,9846,21173,81060,122392,0,0,3807,4363,11805,14460,15268,42815,-41332,0,-62642,-556,-2655,-17839,-23228,-11327,-27547,1
2022-09-16 10:00:00,214096,259817,2604,20638,16350,39982,9800,20965,86204,124180,0,0,3779,4299,11636,13915,14480,40484,-37976,0,-45721,-520,-2279,-18034,-23632,-11165,-26004,1
2022-09-16 11:00:00,219162,252225,2431,20107,15420,40338,9501,20574,83512,124268,0,0,3759,4171,11326,13529,13421,39393,-40756,0,-33063,-412,-2203,-17676,-24918,-11073,-25972,1
2022-09-16 12:00:00,222565,246024,2198,20067,15395,41450,8632,20684,84492,121372,0,0,3690,4009,11215,13365,13591,40002,-36880,0,-23459,-319,-2150,-17869,-26055,-12052,-26411,1
2022-09-16 13:00:00,221684,244514,1877,20165,15066,41912,7475,20666,87612,118528,0,0,3293,4018,11257,13155,15796,41915,-30916,0,-22830,-725,-1898,-18288,-26846,-13191,-26119,1
2022-09-16 14:00:00,209770,240049,1340,20528,13931,40869,5635,20495,91092,117332,0,0,2843,4087,11258,13524,14917,43767,-26240,0,-30279,-1244,-2266,-19188,-26938,-14860,-28850,1
2022-09-16 15:00:00,182164,239879,904,20524,12060,39705,4691,20673,92700,118088,0,0,2489,4001,11235,13585,14859,48399,-25388,0,-57715,-1512,-2350,-19620,-27645,-15982,-33540,1
2022-09-16 16:00:00,166930,239836,689,20848,12448,40887,5023,21678,85596,117496,0,0,2186,3776,11326,13473,15827,50722,-31900,0,-72906,-1590,-2147,-20159,-28439,-16655,-34895,1
2022-09-16 17:00:00,169701,238878,659,21342,11783,39809,5363,21408,70480,117064,0,0,2226,3611,11445,12854,16025,51878,-46584,0,-69177,-1385,-1409,-20683,-28026,-16045,-35853,1
2022-09-16 18:00:00,165064,227640,693,20424,8475,36695,5379,19897,61924,121664,0,0,2304,3401,11403,12291,15191,51177,-59740,0,-62576,-1097,-888,-19731,-28220,-14518,-35986,1
2022-09-16 19:00:00,156668,211960,713,19043,7462,33870,4760,18277,62888,118128,0,0,2416,3208,11039,11764,15012,48962,-55240,0,-55292,-792,-725,-18330,-26408,-13517,-33950,1
2022-09-16 20:00:00,154798,198569,843,18268,7490,31321,4662,17048,63976,108040,0,0,2692,3052,10547,11301,14356,46671,-44064,0,-43771,-360,-754,-17425,-23831,-12386,-32315,1
2022-09-16 21:00:00,151217,185748,983,17586,7999,29147,4555,16030,58212,100804,0,0,2704,2942,10372,11171,15080,44481,-42592,0,-34531,-238,-799,-16603,-21148,-11475,-29401,1
2022-09-16 22:00:00,147168,176275,906,16683,7833,27540,4478,15277,59864,97332,0,0,2648,2797,10097,10875,15766,42113,-37468,0,-29107,-149,-778,-15777,-19707,-10799,-26347,1
2022-09-16 23:00:00,143866,169468,782,15781,8277,26662,4479,15011,56620,92732,0,0,2541,2758,10105,10778,15490,40536,-36112,0,-25602,-217,-673,-14999,-18385,-10532,-25046,1
2022-09-17 00:00:00,142699,165359,731,15261,8051,26215,4141,14792,53812,89156,0,0,2414,2664,10023,10634,15737,39368,-35344,0,-22660,-250,-611,-14530,-18164,-10651,-23631,1
2022-09-17 01:00:00,135997,163885,723,15052,8422,25952,3923,14926,53480,87160,0,0,2458,2695,10038,10547,15677,38590,-33680,0,-27888,-237,-509,-14329,-17530,-11003,-22913,1
2022-09-17 02:00:00,135849,164317,694,15220,9350,26125,3827,15158,54712,85712,0,0,2276,2726,10292,10916,15392,38082,-31000,0,-28468,-450,-624,-14526,-16775,-11331,-22690,1
2022-09-17 03:00:00,135292,167247,744,15437,9816,27689,3677,15528,52052,84832,0,0,2187,2805,10775,11142,15671,38849,-32780,0,-31955,-618,-367,-14693,-17873,-11851,-23178,1
2022-09-17 04:00:00,140945,177363,825,16190,10205,29081,3889,16807,51156,87492,0,0,2273,3049,11046,11565,15704,40697,-36336,0,-36418,-776,-519,-15365,-18876,-12918,-24993,1
2022-09-17 05:00:00,141841,188482,1000,17207,12586,31902,4402,17999,50176,89948,0,0,2391,3342,11503,11891,15347,41137,-39772,0,-46641,-951,-388,-16207,-19316,-13597,-25790,1
2022-09-17 06:00:00,157087,201719,1300,18133,14720,33621,4961,18797,52844,92692,0,0,2513,3479,11627,12595,14962,40121,-39848,0,-44632,-966,-968,-16833,-18901,-13836,-25159,1
2022-09-17 07:00:00,173201,210466,1720,18721,15688,33522,5590,19104,72008,97748,0,0,2743,3579,11529,12437,15194,38242,-25740,0,-37265,-836,-908,-17001,-17834,-13514,-23048,1
2022-09-17 08:00:00,193322,216443,1984,19099,17804,32736,5796,19322,87412,101340,0,0,2923,3662,11351,12320,15883,36263,-13928,0,-23121,-739,-969,-17115,-14932,-13526,-20380,1
2022-09-17 09:00:00,203231,219741,2509,19086,18483,31004,5812,19274,87836,102788,0,0,3161,3712,10753,12444,15854,34947,-14952,0,-16510,-551,-1691,-16577,-12521,-13462,-19093,1
2022-09-17 10:00:00,211820,215066,2818,18667,19361,29820,5700,19083,87992,103648,0,0,3428,3924,9527,12097,15390,32311,-15656,0,-3246,-496,-2570,-15849,-10459,-13383,-16921,1
2022-09-17 11:00:00,211737,208800,2756,17951,19860,28370,5403,18343,87756,104552,0,0,3444,3797,9230,11841,14474,31142,-16796,0,2937,-353,-2611,-15195,-8510,-12940,-16668,2
2022-09-17 12:00:00,205051,203616,2342,18098,19518,28257,4947,18313,83808,102124,0,0,3263,3706,9208,11934,14956,31271,-18316,0,1435,-443,-2726,-15756,-8739,-13366,-16315,2
2022-09-17 13:00:00,201332,201376,1752,18416,18542,28765,3878,17954,81016,99168,0,0,3213,3712,10114,12171,13585,31946,-18152,0,-44,-499,-2057,-16664,-10223,-14076,-18361,1
2022-09-17 14:00:00,195331,202260,1380,18717,15650,29639,2923,17977,79332,98212,0,0,3118,3764,10751,12692,14035,36193,-18880,0,-6929,-646,-1941,-17337,-13989,-15054,-22158,1
2022-09-17 15:00:00,175893,203744,1165,18691,12653,30351,2605,18307,75980,98764,0,0,2991,3669,10721,13093,16327,42852,-22784,0,-27851,-678,-2372,-17526,-17698,-15702,-26525,1
2022-09-17 16:00:00,165823,209004,1069,19206,11667,32369,2848,19269,65520,99848,0,0,2988,3484,10929,13241,15918,46772,-34328,0,-43181,-496,-2312,-18137,-20702,-16421,-30854,1
2022-09-17 17:00:00,164618,210701,1203,19587,11417,31957,2945,18984,50136,100760,0,0,3074,3392,10956,12696,16199,48418,-50624,0,-46083,-318,-1740,-18384,-20540,-16039,-32219,1
2022-09-17 18:00:00,160064,202164,1280,18757,9982,29975,2628,17665,45452,107188,0,0,3071,3200,10890,12475,15138,48195,-61736,0,-42100,-129,-1585,-17477,-19993,-15037,-33057,1
2022-09-17 19:00:00,149838,190241,1434,17522,9142,27995,2394,16474,46996,106052,0,0,3241,3045,10801,12038,14662,46154,-59056,0,-40403,196,-1237,-16088,-18853,-14080,-31492,3
2022-09-17 20:00:00,144319,180334,1293,16565,8455,26264,2500,15265,47680,97748,0,0,3264,2952,10711,11617,14748,44518,-50068,0,-36015,312,-906,-15272,-17809,-12765,-29770,3
2022-09-17 21:00:00,142438,169132,1175,15644,8518,24350,2454,14209,49112,92012,0,0,3279,2897,9055,11111,14612,42754,-42900,0,-26694,382,-2056,-14469,-15832,-11755,-28142,3
2022-09-17 22:00:00,148208,160004,1214,14760,8206,22867,2292,13549,44248,87440,0,0,3206,2826,8881,11272,14020,40708,-43192,0,-11796,380,-2391,-13546,-14661,-11257,-26688,3
2022-09-17 23:00:00,148549,154714,1154,14208,7943,21936,2159,13357,40976,83036,0,0,3111,2747,8537,10850,13767,39062,-42060,0,-6165,364,-2313,-13054,-13993,-11198,-25295,3
2022-09-18 00:00:00,154365,151533,1042,13912,7872,21518,2007,13293,37836,80188,0,0,3149,2667,8824,10762,13246,38138,-42352,0,2832,482,-1938,-12870,-13646,-11286,-24892,2
2022-09-18 01:00:00,152763,151950,1059,13732,7233,21284,1860,13332,35788,78556,0,0,3320,2646,9560,10812,12759,37586,-42768,0,813,674,-1252,-12673,-14051,-11472,-24827,2
2022-09-18 02:00:00,151960,152042,1122,13828,6394,21538,1745,13336,33760,77236,0,0,3121,2651,9336,10862,12204,37360,-43476,0,-82,470,-1526,-12706,-15144,-11591,-25156,3
2022-09-18 03:00:00,153191,153412,1083,14046,5794,22156,1741,13305,31728,77396,0,0,3111,2780,8742,10577,12303,37553,-45668,0,-221,331,-1835,-12963,-16362,-11564,-25250,3
2022-09-18 04:00:00,152342,157154,1123,14565,6286,22377,1918,13981,32004,78884,0,0,3064,2894,10479,11354,11315,37777,-46880,0,-4812,170,-875,-13442,-16091,-12063,-26462,3
2022-09-18 05:00:00,146900,166433,2521,15093,9284,24251,2511,15130,31872,79552,0,0,3283,3207,10501,12167,11807,39121,-47680,0,-19533,76,-1666,-12572,-14967,-12619,-27314,3
2022-09-18 06:00:00,159338,179088,4603,15399,12418,25842,3217,16139,32152,80916,0,0,3529,3401,10480,12735,11205,39747,-48764,0,-19750,128,-2255,-10796,-13424,-12922,-28542,3
2022-09-18 07:00:00,173374,189695,5906,15491,14684,25972,3970,16688,41532,86092,0,0,3760,3531,10525,12942,10650,40450,-44560,0,-16321,229,-2417,-9585,-11288,-12718,-29800,3
2022-09-18 08:00:00,191526,199748,6606,15784,16243,25988,4675,16933,59412,89852,0,0,3503,3569,10539,12768,11949,41475,-30440,0,-8222,-66,-2229,-9178,-9745,-12258,-29526,1
2022-09-18 09:00:00,203429,208349,6400,16277,17004,25791,5199,16944,70132,91996,0,0,3196,3626,10287,12853,13003,41869,-21864,0,-4920,-430,-2566,-9877,-8787,-11745,-28866,1
2022-09-18 10:00:00,204822,207040,5864,15812,17333,24584,5265,16632,74140,94556,0,0,3087,3646,9559,12648,13551,42185,-20416,0,-2218,-559,-3089,-9948,-7251,-11367,-28634,1
2022-09-18 11:00:00,204520,200950,5614,15257,16995,24047,5237,16513,73680,97560,0,0,3287,3685,9261,12226,14066,42718,-23880,0,3570,-398,-2965,-9643,-7052,-11276,-28652,2
2022-09-18 12:00:00,197065,195782,5065,15288,15932,24212,4817,16165,73376,95796,0,0,3254,3708,9385,12187,14885,43034,-22420,0,1283,-454,-2802,-10223,-8280,-11348,-28149,2
2022-09-18 13:00:00,185892,194744,4382,15645,13536,25215,4152,16093,69168,92100,0,0,3149,3711,10074,12510,14662,43932,-22932,0,-8852,-562,-2436,-11263,-11679,-11941,-29270,1
2022-09-18 14:00:00,167594,193807,3150,16548,9570,26117,3170,16515,68292,91304,0,0,2761,3936,10356,13073,14728,45702,-23012,0,-26213,-1175,-2717,-13398,-16547,-13345,-30974,1
2022-09-18 15:00:00,152824,195400,1746,17316,6541,27133,2833,17098,65464,92432,0,0,2352,3845,10278,13185,15438,48416,-26968,0,-42576,-1493,-2907,-15570,-20592,-14265,-32978,1
2022-09-18 16:00:00,148667,197949,978,18596,7674,29749,3026,18321,51704,93468,0,0,2340,3649,10674,13481,15053,48909,-41764,0,-49282,-1309,-2807,-17618,-22075,-15295,-33856,1
2022-09-18 17:00:00,150300,200803,1063,19658,7635,30113,3098,18153,42024,96352,0,0,2330,3553,10807,13069,15004,49463,-54328,0,-50503,-1223,-2262,-18595,-22478,-15055,-34459,1
2022-09-18 18:00:00,144013,194790,963,18983,5934,28505,2889,17112,43084,105212,0,0,2343,3383,11160,12825,15158,48473,-62128,0,-50777,-1040,-1665,-18020,-22571,-14223,-33315,1
2022-09-18 19:00:00,139495,185912,819,17633,4602,26660,2411,16116,44264,104836,0,0,2304,3227,11172,12216,14969,46733,-60572,0,-46417,-923,-1044,-16814,-22058,-13705,-31764,1
2022-09-18 20:00:00,134072,179681,822,16404,3933,24605,2373,15046,43224,99324,0,0,2063,3025,11055,11863,14916,44594,-56100,0,-45609,-962,-808,-15582,-20672,-12673,-29678,1
2022-09-18 21:00:00,130061,170410,893,15393,3689,22884,2315,14239,38208,93036,0,0,1931,2934,10268,11481,14085,42264,-54828,0,-40349,-1003,-1213,-14500,-19195,-11924,-28179,1
2022-09-18 22:00:00,137557,164494,913,14529,3560,21796,2192,13921,34608,88300,0,0,1906,2826,10085,11449,13140,40215,-53692,0,-26937,-920,-1364,-13616,-18236,-11729,-27075,1
2022-09-18 23:00:00,142275,161406,840,14070,4405,21284,2004,13684,33372,84736,0,0,1944,2790,9955,11210,12020,38718,-51364,0,-19131,-846,-1255,-13230,-16879,-11680,-26698,1
2022-09-19 00:00:00,142476,160295,965,13829,4560,21276,1739,13690,33168,82476,0,0,2006,2763,9999,11206,10958,38086,-49308,0,-17819,-757,-1207,-12864,-16716,-11951,-27128,1
2022-09-19 01:00:00,136216,161983,956,13895,5382,21684,1586,14164,32628,81552,0,0,2012,2840,10311,11497,10759,37927,-48924,0,-25767,-828,-1186,-12939,-16302,-12578,-27168,1
2022-09-19 02:00:00,131529,168900,815,14733,5686,23572,1456,15259,30828,82020,0,0,1977,3027,11138,12147,9841,38415,-51192,0,-37371,-1050,-1009,-13918,-17886,-13803,-28574,1
2022-09-19 03:00:00,125288,188047,885,16637,5516,28272,1646,18020,27816,85952,0,0,2299,3511,12267,13253,9726,40170,-58136,0,-62759,-1212,-986,-15752,-22756,-16374,-30444,1
2022-09-19 04:00:00,130609,219834,1013,19449,8450,32584,2198,20290,28444,98488,0,0,2282,3955,12579,14201,9916,44319,-70044,0,-89225,-1673,-1622,-18436,-24134,-18092,-34403,1
2022-09-19 05:00:00,142028,236539,1342,20307,11406,35855,2866,21569,28936,109924,0,0,2356,4131,12925,14731,9973,49051,-80988,0,-94511,-1775,-1806,-18965,-24449,-18703,-39078,1
2022-09-19 06:00:00,143246,245842,2151,20707,12367,36412,3368,21998,32008,113476,0,0,2538,4231,13114,15157,10548,48836,-81468,0,-102596,-1693,-2043,-18556,-24045,-18630,-38288,1
2022-09-19 07:00:00,147401,247775,2984,20467,13170,36368,3454,22025,40236,116644,0,0,2996,4301,13084,15022,10855,45517,-76408,0,-100374,-1305,-1938,-17483,-23198,-18571,-34662,1
2022-09-19 08:00:00,154020,252007,3741,20149,15008,36303,4013,22006,48084,118444,0,0,3021,4253,12794,14862,10570,42093,-70360,0,-97987,-1232,-2068,-16408,-21295,-17993,-31523,1
2022-09-19 09:00:00,172141,255559,4553,19934,15324,34333,4496,21899,55936,119460,0,0,3129,4210,12789,14896,9503,40188,-63524,0,-83418,-1081,-2107,-15381,-19009,-17403,-30685,1
2022-09-19 10:00:00,193069,254645,5159,19514,15655,34627,4483,21650,59880,121716,0,0,3310,4266,12588,14898,8568,38631,-61836,0,-61576,-956,-2310,-14355,-18972,-17167,-30063,1
2022-09-19 11:00:00,206288,252699,5578,18873,15100,35535,4524,21182,61788,122580,0,0,3433,4136,12655,14940,9187,38108,-60792,0,-46411,-703,-2285,-13295,-20435,-16658,-28921,1
2022-09-19 12:00:00,206097,249762,4885,19115,13071,36032,4639,21542,64352,120516,0,0,3472,4001,12742,14852,8686,38617,-56164,0,-43665,-529,-2110,-14230,-22961,-16903,-29931,1
2022-09-19 13:00:00,191630,244290,4312,19358,10962,36532,3807,21422,65248,118448,0,0,3574,4005,12239,14735,9349,41291,-53200,0,-52660,-431,-2496,-15046,-25570,-17615,-31942,1
2022-09-19 14:00:00,168339,238754,3198,20026,8597,36339,2445,21206,65572,118272,0,0,3422,4163,12304,14726,9921,44603,-52700,0,-70415,-741,-2422,-16828,-27742,-18761,-34682,1
2022-09-19 15:00:00,135154,235626,1702,20574,7387,36144,2024,21541,63008,118444,0,0,2919,4114,12085,14565,9978,49377,-55436,0,-100472,-1195,-2480,-18872,-28757,-19517,-39399,1
2022-09-19 16:00:00,121374,236503,1008,21765,7995,37900,2969,22638,53444,117300,0,0,2486,3901,12230,14646,8435,51233,-63856,0,-115129,-1415,-2416,-20757,-29905,-19669,-42798,1
2022-09-19 17:00:00,119131,238066,1041,22695,7955,37169,3093,22254,41548,117652,0,0,2462,3764,11953,14150,8841,52974,-76104,0,-118935,-1302,-2197,-21654,-29214,-19161,-44133,1
2022-09-19 18:00:00,111013,227989,1018,21607,4199,34312,2805,20684,40080,123716,0,0,2508,3549,11339,13220,8091,52402,-83636,0,-116976,-1041,-1881,-20589,-30113,-17879,-44311,1
2022-09-19 19:00:00,95991,212978,1246,19958,3636,31249,2688,19099,40040,118688,0,0,2320,3352,10597,12787,7195,49509,-78648,0,-116987,-1032,-2190,-18712,-27613,-16411,-42314,1
2022-09-19 20:00:00,90703,196474,1194,18860,3302,28667,2599,17702,36528,107752,0,0,2067,3120,10223,12340,5780,46765,-71224,0,-105771,-1053,-2117,-17666,-25365,-15103,-40985,1
2022-09-19 21:00:00,91810,184056,1228,17969,3080,26748,2362,16550,34356,99816,0,0,1881,2992,9946,12103,5399,44141,-65460,0,-92246,-1111,-2157,-16741,-23668,-14188,-38742,1
2022-09-19 22:00:00,98574,175801,1135,16983,2979,25477,2175,15889,35196,95556,0,0,1766,2913,9714,11844,5029,41827,-60360,0,-77227,-1147,-2130,-15848,-22498,-13714,-36798,1
2022-09-19 23:00:00,97589,170374,1103,16101,3980,24798,2041,15611,37540,91864,0,0,1701,2848,9452,11484,4443,40404,-54324,0,-72785,-1147,-2032,-14998,-20818,-13570,-35961,1
2022-09-20 00:00:00,92833,168833,927,15663,4340,24558,1836,15530,38156,89356,0,0,1923,2814,9578,11143,3650,39546,-51200,0,-76000,-891,-1565,-14736,-20218,-13694,-35896,1
2022-09-20 01:00:00,95140,171324,967,15635,4827,24798,1847,15893,39004,88592,0,0,1818,2834,9994,11277,3475,39343,-49588,0,-76184,-1016,-1283,-14668,-19971,-14046,-35868,1
2022-09-20 02:00:00,87311,176386,884,16244,3774,26151,1849,16639,36772,88344,0,0,1696,3050,10603,11655,3149,39465,-51572,0,-89075,-1354,-1052,-15360,-22377,-14790,-36316,1
2022-09-20 03:00:00,75440,192411,854,17912,3293,30196,1777,18999,35168,91340,0,0,1757,3555,11847,13140,3442,41280,-56172,0,-116971,-1798,-1293,-17058,-26903,-17222,-37838,1
2022-09-20 04:00:00,73814,220649,1077,20065,5751,34153,2421,21032,34384,101908,0,0,1762,4003,12791,14534,3198,45682,-67524,0,-146835,-2241,-1743,-18988,-28402,-18611,-42484,1
2022-09-20 05:00:00,79124,234459,2271,20208,9718,37873,3175,22081,32244,112520,0,0,1909,4154,12821,14905,3245,50452,-80276,0,-155335,-2245,-2084,-17937,-28155,-18906,-47207,1
2022-09-20 06:00:00,89081,241409,3950,19603,11870,38967,3438,22357,32528,115708,0,0,2017,4195,12455,14962,2944,50562,-83180,0,-152328,-2178,-2507,-15653,-27097,-18919,-47618,1
2022-09-20 07:00:00,101085,243851,5076,18678,11933,38216,3796,22081,49104,118424,0,0,2153,4294,12021,14674,3227,47289,-69320,0,-142766,-2141,-2653,-13602,-26283,-18285,-44062,1
2022-09-20 08:00:00,117842,247639,5652,18454,12622,37681,4335,22020,67664,120232,0,0,2161,4281,12015,14331,3346,43238,-52568,0,-129797,-2120,-2316,-12802,-25059,-17685,-39892,1
2022-09-20 09:00:00,130749,251584,5553,18453,12619,35688,4666,21505,75688,121676,0,0,2103,4237,11910,14158,3846,42185,-45988,0,-120835,-2134,-2248,-12900,-23069,-16839,-38339,1
2022-09-20 10:00:00,140688,248307,5297,18782,11829,34746,5070,21399,75956,123352,0,0,1970,4259,11766,14282,3535,41989,-47396,0,-107619,-2289,-2516,-13485,-22917,-16329,-38454,1
2022-09-20 11:00:00,143574,243431,5167,18479,11480,35861,5106,20746,70112,123288,0,0,2050,4129,11552,14520,3351,41508,-53176,0,-99857,-2079,-2968,-13312,-24381,-15640,-38157,1
2022-09-20 12:00:00,139585,237667,4833,18730,11336,36908,5025,21124,71080,121696,0,0,2106,3984,11389,14461,3306,41342,-50616,0,-98082,-1878,-3072,-13897,-25572,-16099,-38036,1
2022-09-20 13:00:00,122938,233950,3810,19605,10159,37462,4086,21270,71728,120088,0,0,1870,3957,11179,14480,2758,40908,-48360,0,-111012,-2087,-3301,-15795,-27303,-17184,-38150,1
2022-09-20 14:00:00,96973,229282,2497,20475,9243,37061,2954,21267,70952,120008,0,0,1592,4155,11048,14850,2351,42904,-49056,0,-132309,-2563,-3802,-17978,-27818,-18313,-40553,1
2022-09-20 15:00:00,72933,228162,1416,20967,7289,36360,2446,21547,66212,120080,0,0,1239,4023,11011,14678,2206,47849,-53868,0,-155229,-2784,-3667,-19551,-29071,-19101,-45643,1
2022-09-20 16:00:00,59047,230390,920,22082,7692,38255,3008,22752,56844,119200,0,0,1106,3903,10999,14937,1872,50758,-62356,0,-171343,-2797,-3938,-21162,-30563,-19744,-48886,1
2022-09-20 17:00:00,59581,234091,932,22767,7577,37267,3088,22436,42288,119064,0,0,1151,3801,11021,14821,1600,53352,-76776,0,-174510,-2650,-3800,-21835,-29690,-19348,-51752,1
2022-09-20 18:00:00,51568,224144,965,21645,5323,34209,2895,20792,42624,124804,0,0,1074,3579,10841,13880,1321,52873,-82180,0,-172576,-2505,-3039,-20680,-28886,-17897,-51552,1
2022-09-20 19:00:00,41998,207501,947,19995,3902,31250,2532,19093,44776,118964,0,0,1037,3346,10443,13412,1192,50269,-74188,0,-165503,-2309,-2969,-19048,-27348,-16561,-49077,1
2022-09-20 20:00:00,37920,191837,1069,18979,3630,28767,2224,17606,43224,108092,0,0,900,3153,10351,12997,1499,47400,-64868,0,-153917,-2253,-2646,-17910,-25137,-15382,-45901,1
2022-09-20 21:00:00,35934,177462,1122,18106,3575,26828,2030,16487,40360,99852,0,0,856,3044,10068,12577,1123,44742,-59492,0,-141528,-2188,-2509,-16984,-23253,-14457,-43619,1
2022-09-20 22:00:00,37259,168415,1133,17031,3431,25494,1934,16023,38396,95852,0,0,775,2965,9955,12425,727,42571,-57456,0,-131156,-2190,-2470,-15898,-22063,-14089,-41844,1
2022-09-20 23:00:00,40353,164244,1158,16185,3511,24742,1924,15673,41300,91752,0,0,746,2912,9952,12440,375,41008,-50452,0,-123891,-2166,-2488,-15027,-21231,-13749,-40633,1
2022-09-21 00:00:00,39508,162512,1076,15740,4234,24452,1973,15771,39348,89456,0,0,706,2870,10002,12471,268,40256,-50108,0,-123004,-2164,-2469,-14664,-20218,-13798,-39988,1
2022-09-21 01:00:00,38652,164660,994,15711,4416,24680,1869,16035,37788,87848,0,0,731,2910,9993,12474,275,39862,-50060,0,-126008,-2179,-2481,-14717,-20264,-14166,-39587,1
2022-09-21 02:00:00,37140,172119,999,16326,3987,26072,1846,16774,35836,88168,0,0,776,3092,10215,12939,281,40006,-52332,0,-134979,-2316,-2724,-15327,-22085,-14928,-39725,1
2022-09-21 03:00:00,36120,190474,1024,17991,4867,30241,1759,19079,35360,91096,0,0,828,3624,10751,14390,268,41692,-55736,0,-154354,-2796,-3639,-16967,-25374,-17320,-41424,1
2022-09-21 04:00:00,45809,221172,1087,20329,7161,34410,2199,21158,35804,102148,0,0,886,4030,10978,15514,262,46217,-66344,0,-175363,-3144,-4536,-19242,-27249,-18959,-45955,1
2022-09-21 05:00:00,59874,235134,2046,20661,10500,38487,2688,22104,35552,112364,0,0,1136,4180,10943,15601,322,50305,-76812,0,-175260,-3044,-4658,-18615,-27987,-19416,-49983,1
2022-09-21 06:00:00,79203,241370,3968,19835,12732,39886,3261,22354,41808,115448,0,0,1472,4202,10954,15334,633,48713,-73640,0,-162167,-2730,-4380,-15867,-27154,-19093,-48080,1
2022-09-21 07:00:00,100804,242490,5548,18659,12791,39614,3640,22156,50072,117920,0,0,1757,4337,10626,14878,1123,43423,-67848,0,-141686,-2580,-4252,-13111,-26823,-18516,-42300,1
2022-09-21 08:00:00,129158,244898,6365,17960,13481,38603,4313,22061,55140,118744,0,0,1923,4340,10460,14467,1474,37943,-63604,0,-115740,-2417,-4007,-11595,-25122,-17748,-36469,1
2022-09-21 09:00:00,149841,246337,6455,18097,14158,36129,4704,22014,58664,120516,0,0,1982,4291,10489,14302,1578,34576,-61852,0,-96496,-2309,-3813,-11642,-21971,-17310,-32998,1
2022-09-21 10:00:00,159556,244377,6368,18017,15015,35998,5104,21595,62360,122776,0,0,2020,4270,10555,14187,1578,34772,-60416,0,-84821,-2250,-3632,-11649,-20983,-16491,-33194,1
2022-09-21 11:00:00,155155,238510,5756,18237,14958,36610,5298,21127,62708,122832,0,0,1888,4208,10612,14319,1584,35540,-60124,0,-83355,-2320,-3707,-12481,-21652,-15829,-33956,1
2022-09-21 12:00:00,147677,233670,5602,18291,13892,37212,5458,21402,62660,119888,0,0,1803,4086,10476,14293,1464,36268,-57228,0,-85993,-2283,-3817,-12689,-23320,-15944,-34804,1
2022-09-21 13:00:00,128170,227786,4649,19119,12745,37426,4429,21297,62012,117908,0,0,1745,4049,10461,14287,1463,38948,-55896,0,-99616,-2304,-3826,-14470,-24681,-16868,-37485,1
2022-09-21 14:00:00,103029,223818,3404,19871,11377,36824,3038,21202,58548,118100,0,0,1394,4201,10642,14572,1103,42679,-59552,0,-120789,-2807,-3930,-16467,-25447,-18164,-41576,1
2022-09-21 15:00:00,69522,226509,1876,20577,9738,36020,2554,21570,55248,117536,0,0,1026,4079,10704,14593,717,47904,-62288,0,-156987,-3053,-3889,-18701,-26282,-19016,-47187,1
2022-09-21 16:00:00,47197,230123,981,21936,11561,37952,2802,22765,46000,116196,0,0,815,3946,10734,14794,421,51096,-70196,0,-182926,-3131,-4060,-20955,-26391,-19963,-50675,1
2022-09-21 17:00:00,49180,236304,931,22808,10171,36679,2699,22474,36104,117352,0,0,871,3820,10793,14725,275,53594,-81248,0,-187124,-2949,-3932,-21877,-26508,-19775,-53319,1
2022-09-21 18:00:00,44002,225421,930,21818,7360,34180,2268,20846,37640,123916,0,0,835,3605,10781,14102,277,53118,-86276,0,-181419,-2770,-3321,-20888,-26820,-18578,-52841,1
2022-09-21 19:00:00,36989,209450,921,20077,6482,31004,1827,19128,37476,118000,0,0,825,3394,10337,13261,272,50155,-80524,0,-172461,-2569,-2924,-19156,-24522,-17301,-49883,1
2022-09-21 20:00:00,35098,193877,986,19043,5805,28326,1448,17742,38344,107340,0,0,796,3176,10183,12869,272,47049,-68996,0,-158779,-2380,-2686,-18057,-22521,-16294,-46777,1
2022-09-21 21:00:00,34290,179412,1021,18149,6368,26253,1414,16733,34924,99464,0,0,799,3037,10263,12747,290,44709,-64540,0,-145122,-2238,-2484,-17128,-19885,-15319,-44419,1
2022-09-21 22:00:00,32716,170270,906,17126,6119,25087,1386,16199,30868,95300,0,0,852,2955,10193,12446,294,42302,-64432,0,-137554,-2103,-2253,-16220,-18968,-14813,-42008,1
2022-09-21 23:00:00,33012,164401,876,16195,6605,24421,1350,15805,29500,91044,0,0,874,2890,9947,12420,319,40643,-61544,0,-131389,-2016,-2473,-15319,-17816,-14455,-40324,1
2022-09-22 00:00:00,33170,163203,879,15756,6607,24202,1383,15840,27860,88484,0,0,890,2866,9966,12426,365,39842,-60624,0,-130033,-1976,-2460,-14877,-17595,-14457,-39477,1
2022-09-22 01:00:00,35087,164781,844,15778,6216,24420,1346,16189,26216,87316,0,0,969,2890,10226,12514,446,39269,-61100,0,-129694,-1921,-2288,-14934,-18204,-14843,-38823,1
2022-09-22 02:00:00,32421,170954,796,16395,5345,25987,1377,17001,25276,87332,0,0,1062,3082,10351,13179,546,39260,-62056,0,-138533,-2020,-2828,-15599,-20642,-15624,-38714,1
2022-09-22 03:00:00,33451,189767,864,18018,5250,30090,1389,19239,23772,90408,0,0,1059,3630,10791,14302,543,40901,-66636,0,-156316,-2571,-3511,-17154,-24840,-17850,-40358,1
2022-09-22 04:00:00,48578,220199,947,20368,9281,34266,2066,21183,24024,100948,0,0,1110,4049,11184,15454,529,45758,-76924,0,-171621,-2939,-4270,-19421,-24985,-19117,-45229,1
2022-09-22 05:00:00,61131,234354,1830,20683,11988,37720,2834,22159,24992,111668,0,0,1278,4189,11223,15388,670,50248,-86676,0,-173223,-2911,-4165,-18853,-25732,-19325,-49578,1
2022-09-22 06:00:00,81712,241392,3247,20086,13478,38768,3430,22314,27208,114784,0,0,1532,4210,11191,14836,1067,48540,-87576,0,-159680,-2678,-3645,-16839,-25290,-18884,-47473,1
2022-09-22 07:00:00,111272,243411,4614,19376,13891,37851,3917,21725,39380,117092,0,0,1737,4351,11086,14922,1454,43095,-77712,0,-132139,-2614,-3836,-14762,-23960,-17808,-41641,1
2022-09-22 08:00:00,142391,246172,5413,19043,14346,36808,4597,21986,53224,118808,0,0,2043,4286,10842,14345,1900,37584,-65584,0,-103781,-2243,-3503,-13630,-22462,-17389,-35684,1
2022-09-22 09:00:00,171711,248103,5731,18819,13981,34706,4379,21881,62800,120396,0,0,2277,4269,10922,14010,2126,34066,-57596,0,-76392,-1992,-3088,-13088,-20725,-17502,-31940,1
2022-09-22 10:00:00,179901,243630,5844,18533,13498,34409,4113,21937,64744,122164,0,0,2341,4304,11127,14059,2149,31843,-57420,0,-63729,-1963,-2932,-12689,-20911,-17824,-29694,1
2022-09-22 11:00:00,170897,238946,5606,18139,13483,35616,3818,21558,67492,122176,0,0,2200,4153,11135,14034,2049,32197,-54684,0,-68049,-1953,-2899,-12533,-22133,-17740,-30148,1
2022-09-22 12:00:00,154524,232938,5399,18184,12800,35778,3485,21659,67064,120072,0,0,2046,4021,11126,14174,2227,33107,-53008,0,-78414,-1975,-3048,-12785,-22978,-18174,-30880,1
2022-09-22 13:00:00,128253,226832,4611,18804,12138,36518,2556,21416,67116,118484,0,0,1870,4008,10951,13953,2183,35633,-51368,0,-98579,-2138,-3002,-14193,-24380,-18860,-33450,1
2022-09-22 14:00:00,99810,224042,3363,19853,9981,35771,1772,21255,65512,118740,0,0,1673,4184,11137,14095,1736,40560,-53228,0,-124232,-2511,-2958,-16490,-25790,-19483,-38824,1
2022-09-22 15:00:00,71129,226092,1610,20690,9376,35575,1318,21510,61116,119080,0,0,1457,4075,11309,14136,1290,47555,-57964,0,-154963,-2618,-2827,-19080,-26199,-20192,-46265,1
2022-09-22 16:00:00,55704,229507,717,21985,11023,37707,1818,22565,50280,117732,0,0,1464,3940,11449,14162,899,51886,-67452,0,-173803,-2476,-2713,-21268,-26684,-20747,-50987,1
2022-09-22 17:00:00,57903,235380,769,22819,10060,36674,1863,22402,37404,118004,0,0,1515,3782,11542,13980,829,54066,-80600,0,-177477,-2267,-2438,-22050,-26614,-20539,-53237,1
2022-09-22 18:00:00,54850,225648,897,21842,6042,33808,1485,20951,33896,123996,0,0,1704,3568,11325,13493,868,53104,-90100,0,-170798,-1864,-2168,-20945,-27766,-19466,-52236,1
2022-09-22 19:00:00,50470,209879,951,20131,5132,30774,965,19283,32900,118540,0,0,1772,3341,10961,12979,981,50087,-85640,0,-159409,-1569,-2018,-19180,-25642,-18318,-49106,1
2022-09-22 20:00:00,53371,194494,896,19039,5050,28376,727,17880,30148,107380,0,0,1840,3141,10369,12282,1490,46514,-77232,0,-141123,-1301,-1913,-18143,-23326,-17153,-45024,1
2022-09-22 21:00:00,54498,180472,828,18275,4617,26231,658,16762,25804,99032,0,0,1765,2992,10154,12358,2198,43891,-73228,0,-125974,-1227,-2204,-17447,-21614,-16104,-41693,1
2022-09-22 22:00:00,58824,173435,767,17269,4743,24876,640,16238,27224,95096,0,0,1818,2913,9878,12007,2611,41759,-67872,0,-114611,-1095,-2129,-16502,-20133,-15598,-39148,1
2022-09-22 23:00:00,63467,167619,721,16392,5360,24281,723,15903,24244,91036,0,0,1920,2851,9718,11787,2797,40082,-66792,0,-104152,-931,-2069,-15671,-18921,-15180,-37285,1
2022-09-23 00:00:00,68407,165837,697,15977,5399,24002,767,15969,21532,88700,0,0,2070,2830,9661,11578,2853,39169,-67168,0,-97430,-760,-1917,-15280,-18603,-15202,-36316,1
2022-09-23 01:00:00,68789,167560,656,15946,4832,24240,802,16295,20564,87376,0,0,2072,2849,9703,11511,2952,38704,-66812,0,-98771,-777,-1808,-15290,-19408,-15493,-35752,1
2022-09-23 02:00:00,66519,173972,585,16582,4898,25494,884,17097,21900,87112,0,0,2085,3045,10443,12008,2780,38850,-65212,0,-107453,-960,-1565,-15997,-20596,-16213,-36070,1
2022-09-23 03:00:00,60991,191497,543,18248,5792,29796,980,19392,22000,90260,0,0,1990,3520,10957,13215,2898,40517,-68260,0,-130506,-1530,-2258,-17705,-24004,-18412,-37619,1
2022-09-23 04:00:00,67841,220099,653,20558,9304,33948,1466,21202,25276,100604,0,0,1948,3957,11444,14370,3037,44665,-75328,0,-152258,-2009,-2926,-19905,-24644,-19736,-41628,1
2022-09-23 05:00:00,83963,234612,1770,20730,12742,37683,2723,22078,29688,111108,0,0,2128,4157,11406,14812,2915,49700,-81420,0,-150649,-2029,-3406,-18960,-24941,-19355,-46785,1
2022-09-23 06:00:00,96019,242543,3705,19843,14496,38885,4014,22098,33448,114192,0,0,2180,4207,11213,15018,2725,50785,-80744,0,-146524,-2027,-3805,-16138,-24389,-18084,-48060,1
2022-09-23 07:00:00,117636,244782,5451,18483,15112,37574,5014,21484,46368,116456,0,0,2256,4250,11078,14923,2201,48635,-70088,0,-127146,-1994,-3845,-13032,-22462,-16470,-46434,1
2022-09-23 08:00:00,134950,245899,6554,17803,15401,36485,5250,21297,56272,118236,0,0,2419,4219,11045,14794,2200,46279,-61964,0,-110949,-1800,-3749,-11249,-21084,-16047,-44079,1
2022-09-23 09:00:00,151466,246475,7007,17687,15182,34593,4760,21069,65412,120672,0,0,2503,4129,11426,14848,2079,45149,-55260,0,-95009,-1626,-3422,-10680,-19411,-16309,-43070,1
2022-09-23 10:00:00,158883,239878,6508,18170,15048,34268,4994,21478,69976,122832,0,0,2453,4094,11373,14204,2110,44855,-52856,0,-80995,-1641,-2831,-11662,-19220,-16484,-42745,1
2022-09-23 11:00:00,158754,233354,5511,18428,14327,34953,4532,21194,73112,123024,0,0,2383,3929,11275,14207,2160,45319,-49912,0,-74600,-1546,-2932,-12917,-20626,-16662,-43159,1
2022-09-23 12:00:00,138433,226885,4572,18784,13485,35403,3874,21396,76856,120364,0,0,2164,3815,11064,13911,2383,45815,-43508,0,-88452,-1651,-2847,-14212,-21918,-17522,-43432,1
2022-09-23 13:00:00,112684,223107,3887,19319,11642,35824,2654,21340,76852,117416,0,0,1972,3838,10927,13722,2197,47602,-40564,0,-110423,-1866,-2795,-15432,-24182,-18686,-45405,1
2022-09-23 14:00:00,86141,222205,2609,20086,9604,35313,1375,21227,75092,116600,0,0,1895,4015,10836,13882,2164,50444,-41508,0,-136064,-2120,-3046,-17477,-25709,-19852,-48280,1
2022-09-23 15:00:00,62812,222268,1229,20696,8516,35061,958,21308,69596,116728,0,0,1740,3925,10825,13883,2167,53836,-47132,0,-159456,-2185,-3058,-19467,-26545,-20350,-51669,1
2022-09-23 16:00:00,55320,223867,554,21915,8537,36964,1052,21854,61728,115136,0,0,1627,3776,11137,13763,2076,53521,-53408,0,-168547,-2149,-2626,-21361,-28427,-20802,-51445,1
2022-09-23 17:00:00,53209,226998,545,22536,7658,35806,811,21363,46968,114868,0,0,1633,3564,11116,12958,2809,53245,-67900,0,-173789,-1931,-1842,-21991,-28148,-20552,-50436,1
2022-09-23 18:00:00,46068,215520,580,21515,5002,32951,720,20364,45264,119868,0,0,1662,3381,10877,12452,2286,51337,-74604,0,-169452,-1719,-1575,-20935,-27949,-19644,-49051,1
2022-09-23 19:00:00,45628,201677,606,20194,3935,30105,712,18851,47392,114424,0,0,1699,3195,10725,12046,2186,48571,-67032,0,-156049,-1496,-1321,-19588,-26170,-18139,-46385,1
2022-09-23 20:00:00,46509,189233,640,19370,3643,28009,680,17618,49040,104584,0,0,1615,3020,10044,11766,3118,45737,-55544,0,-142724,-1405,-1722,-18730,-24366,-16938,-42619,1
2022-09-23 21:00:00,44663,175856,675,18559,3938,26035,897,16530,47316,97268,0,0,1479,2873,9486,11477,4037,43785,-49952,0,-131193,-1394,-1991,-17884,-22097,-15633,-39748,1
2022-09-23 22:00:00,45386,166706,727,17554,3957,24577,774,15901,46592,93984,0,0,1405,2763,9182,11194,4964,42000,-47392,0,-121320,-1358,-2012,-16827,-20620,-15127,-37036,1
2022-09-23 23:00:00,49239,160876,755,16584,3880,23776,786,15506,44388,89356,0,0,1288,2722,8999,10880,5271,40399,-44968,0,-111637,-1434,-1881,-15829,-19896,-14720,-35128,1
2022-09-24 00:00:00,57644,157555,809,16013,3748,23215,702,15389,41152,86084,0,0,1223,2683,8850,10724,6119,39472,-44932,0,-99911,-1460,-1874,-15204,-19467,-14687,-33353,1
2022-09-24 01:00:00,57862,157508,816,15822,3791,23270,657,15470,37352,83672,0,0,1155,2668,8908,10822,7033,38645,-46320,0,-99646,-1513,-1914,-15006,-19479,-14813,-31612,1
2022-09-24 02:00:00,56859,158236,804,15996,3568,23880,595,15646,36172,82268,0,0,1084,2705,9067,11108,7106,38298,-46096,0,-101377,-1621,-2041,-15192,-20312,-15051,-31192,1
2022-09-24 03:00:00,54842,163061,848,16414,4508,25416,554,16164,36044,81904,0,0,1022,2855,9409,11509,8851,38700,-45860,0,-108219,-1833,-2100,-15566,-20908,-15610,-29849,1
2022-09-24 04:00:00,50545,171048,998,17336,6609,27368,960,17304,36148,84452,0,0,1127,3040,9660,11786,9265,40217,-48304,0,-120503,-1913,-2126,-16338,-20759,-16344,-30952,1
2022-09-24 05:00:00,55995,180966,2224,17938,9024,29669,1916,18474,37172,87760,0,0,1402,3317,9945,12251,9878,42584,-50588,0,-124971,-1915,-2306,-15714,-20645,-16558,-32706,1
2022-09-24 06:00:00,72403,193828,3768,17905,10090,31229,2990,19022,40108,90708,0,0,1651,3459,10266,12681,9427,44735,-50600,0,-121425,-1808,-2415,-14137,-21139,-16032,-35308,1
2022-09-24 07:00:00,88550,204484,4740,17458,12049,31136,3833,19129,53148,97388,0,0,1915,3528,10449,12986,11379,45972,-44240,0,-115934,-1613,-2537,-12718,-19087,-15296,-34593,1
2022-09-24 08:00:00,98154,209781,5967,16941,12123,30145,4391,18859,67420,100300,0,0,2099,3501,10386,12803,12032,45485,-32880,0,-111627,-1402,-2417,-10974,-18022,-14468,-33453,1
2022-09-24 09:00:00,107896,213049,6684,16129,13189,29682,4801,18726,80748,101736,0,0,2082,3453,10387,12765,12106,45044,-20988,0,-105153,-1371,-2378,-9445,-16493,-13925,-32938,1
2022-09-24 10:00:00,111436,208611,6305,15942,12156,28018,4302,18189,88284,102264,0,0,2007,3473,10406,12714,11450,43609,-13980,0,-97175,-1466,-2308,-9637,-15862,-13887,-32159,1
2022-09-24 11:00:00,111183,200575,5867,15813,11414,27133,3748,17814,90204,103600,0,0,1994,3406,10349,12635,11078,42578,-13396,0,-89392,-1412,-2286,-9946,-15719,-14066,-31500,1
2022-09-24 12:00:00,102437,195768,4856,16548,10102,26960,3240,17909,90068,100108,0,0,1838,3368,10225,12607,10687,41376,-10040,0,-93331,-1530,-2382,-11692,-16858,-14669,-30689,1
2022-09-24 13:00:00,87524,193741,3094,17682,9199,27367,2376,18112,91372,96152,0,0,1318,3432,10201,12705,10569,41373,-4780,0,-106217,-2114,-2504,-14588,-18168,-15736,-30804,1
2022-09-24 14:00:00,70472,192778,1766,18642,8199,28160,1214,18214,90584,94212,0,0,1014,3671,10253,12853,11316,42934,-3628,0,-122306,-2657,-2600,-16876,-19961,-17000,-31618,1
2022-09-24 15:00:00,61837,196216,889,18910,10103,29600,1329,18761,87432,94688,0,0,814,3661,10276,12977,11218,45912,-7256,0,-134379,-2847,-2701,-18021,-19497,-17432,-34694,1
2022-09-24 16:00:00,61402,200608,564,20027,11311,31857,1760,19631,79232,96252,0,0,756,3527,10368,13153,10712,47592,-17020,0,-139206,-2771,-2785,-19463,-20546,-17871,-36880,1
2022-09-24 17:00:00,65018,202933,680,20776,10940,30576,1690,19132,64372,98100,0,0,758,3384,10360,12800,10565,48813,-33728,0,-137915,-2626,-2440,-20096,-19636,-17442,-38248,1
2022-09-24 18:00:00,61060,191986,775,19864,7507,28159,1414,17995,58052,104808,0,0,706,3190,10286,12416,10651,47890,-46756,0,-130926,-2484,-2130,-19089,-20652,-16581,-37239,1
2022-09-24 19:00:00,56808,180695,788,18574,6870,26191,923,16920,59404,102304,0,0,786,3023,10192,11981,9799,45753,-42900,0,-123887,-2237,-1789,-17786,-19321,-15997,-35954,1
2022-09-24 20:00:00,54584,169782,767,17488,7091,24384,591,15727,56664,94392,0,0,784,2880,9992,11524,8382,43636,-37728,0,-115198,-2096,-1532,-16721,-17293,-15136,-35254,1
2022-09-24 21:00:00,49781,159588,702,16454,6574,22655,495,14775,53904,88144,0,0,760,2773,10042,11427,7270,41943,-34240,0,-109807,-2013,-1385,-15752,-16081,-14280,-34673,1
2022-09-24 22:00:00,49078,151260,678,15524,6753,21417,568,14015,48308,83368,0,0,722,2708,9928,11308,6698,40500,-35060,0,-102182,-1986,-1380,-14846,-14664,-13447,-33802,1
2022-09-24 23:00:00,49039,144991,656,14826,6839,20740,454,13705,46308,79248,0,0,663,2676,9806,11117,6066,39272,-32940,0,-95952,-2013,-1311,-14170,-13901,-13251,-33206,1
2022-09-25 00:00:00,51940,142484,690,14446,6770,20254,455,13571,46324,76376,0,0,615,2657,9713,11019,5829,38441,-30052,0,-90544,-2042,-1306,-13756,-13484,-13116,-32612,1
2022-09-25 01:00:00,54072,141343,657,14234,6799,20211,462,13697,42960,74768,0,0,561,2675,9717,10973,5344,37918,-31808,0,-87271,-2114,-1256,-13577,-13412,-13235,-32574,1
2022-09-25 02:00:00,57572,141691,668,14359,6673,20502,448,13881,42748,73892,0,0,504,2664,9705,11020,4052,37826,-31144,0,-84119,-2160,-1315,-13691,-13829,-13433,-33774,1
2022-09-25 03:00:00,55594,144322,607,14711,6549,21310,521,13815,41292,74368,0,0,450,2751,9792,11356,3327,37482,-33076,0,-88728,-2301,-1564,-14104,-14761,-13294,-34155,1
2022-09-25 04:00:00,47468,147643,642,15358,6292,21652,960,14452,40504,76180,0,0,588,2930,9804,11516,1738,38055,-35676,0,-100175,-2342,-1712,-14716,-15360,-13492,-36317,1
2022-09-25 05:00:00,48670,155433,986,16424,7967,23335,1796,15441,41900,77584,0,0,819,3176,9930,11858,2686,38990,-35684,0,-106763,-2357,-1928,-15438,-15368,-13645,-36304,1
2022-09-25 06:00:00,59946,168574,1562,17458,9531,24745,2776,16163,43924,78696,0,0,1154,3317,10123,12426,2569,37388,-34772,0,-108628,-2163,-2303,-15896,-15214,-13387,-34819,1
2022-09-25 07:00:00,69816,179385,2161,18053,10334,24864,3720,16498,57260,84008,0,0,1367,3444,10396,12632,2563,34438,-26748,0,-109569,-2077,-2236,-15892,-14530,-12778,-31875,1
2022-09-25 08:00:00,85840,188122,2623,18581,10425,24683,4325,16321,74760,87844,0,0,1449,3457,10339,12384,2975,31385,-13084,0,-102282,-2008,-2045,-15958,-14258,-11996,-28410,1
2022-09-25 09:00:00,100278,195179,2459,18993,10550,24663,4560,16396,80224,89156,0,0,1506,3445,10447,12215,2851,30114,-8932,0,-94901,-1939,-1768,-16534,-14113,-11836,-27263,1
2022-09-25 10:00:00,108859,191934,2490,18616,10803,23594,4355,16537,79512,90064,0,0,1478,3443,10575,12474,3757,30034,-10552,0,-83075,-1965,-1899,-16126,-12791,-12182,-26277,1
2022-09-25 11:00:00,118241,185754,2471,18066,10299,23409,3615,16510,80824,92412,0,0,1458,3443,10831,12458,2478,29574,-11588,0,-67513,-1985,-1627,-15595,-13110,-12895,-27096,1
2022-09-25 12:00:00,115719,180995,2181,18172,10043,24190,2576,16296,80504,90780,0,0,1489,3425,10757,12433,2572,30319,-10276,0,-65276,-1936,-1676,-15991,-14147,-13720,-27747,1
2022-09-25 13:00:00,103555,178699,1639,18457,9844,24512,1568,16327,71820,86936,0,0,1447,3486,10701,12471,2328,33198,-15116,0,-75144,-2039,-1770,-16818,-14668,-14759,-30870,1
2022-09-25 14:00:00,82922,179303,1151,18882,9306,25254,797,16609,64944,84660,0,0,1327,3752,10972,12883,1704,37184,-19716,0,-96381,-2425,-1911,-17731,-15948,-15812,-35480,1
2022-09-25 15:00:00,64032,186341,736,19184,7945,26564,853,17480,64592,85200,0,0,1209,3673,11133,12977,1463,43816,-20608,0,-122309,-2464,-1844,-18448,-18619,-16627,-42353,1
2022-09-25 16:00:00,57580,192565,599,20245,10053,29442,1261,18603,64888,87652,0,0,1163,3584,11344,13286,1252,47935,-22764,0,-134985,-2421,-1942,-19646,-19389,-17342,-46683,1
2022-09-25 17:00:00,64730,197335,583,20636,9729,29152,1215,18222,58824,92200,0,0,1161,3422,11399,13026,1335,49676,-33376,0,-132605,-2261,-1627,-20053,-19423,-17007,-48341,1
2022-09-25 18:00:00,61050,190194,553,19683,7818,27663,919,17340,59140,101080,0,0,1471,3232,11135,12613,1778,48873,-41940,0,-129144,-1761,-1478,-19130,-19845,-16421,-47095,1
2022-09-25 19:00:00,56490,182654,558,18365,7656,25991,941,16322,59924,99784,0,0,1811,3023,11067,12009,3793,46560,-39860,0,-126164,-1212,-942,-17807,-18335,-15381,-42767,1
2022-09-25 20:00:00,60888,176370,562,17202,7068,24034,1173,15310,58120,93344,0,0,2242,2950,10987,11694,6640,44317,-35224,0,-115482,-708,-707,-16640,-16966,-14137,-37677,1
2022-09-25 21:00:00,66520,167368,553,16207,6779,22313,1365,14448,56444,87024,0,0,1988,2981,10651,11288,8326,42133,-30580,0,-100848,-993,-637,-15654,-15534,-13083,-33807,1
2022-09-25 22:00:00,78911,161182,528,15401,7109,21237,1420,14024,53780,83092,0,0,2104,3151,10362,11272,9540,39953,-29312,0,-82271,-1047,-910,-14873,-14128,-12604,-30413,1
2022-09-25 23:00:00,86150,157203,515,14775,7469,20726,1452,13836,50300,79844,0,0,1964,3124,9952,11184,11834,38507,-29544,0,-71053,-1160,-1232,-14260,-13257,-12384,-26673,1
2022-09-26 00:00:00,99749,157709,496,14501,7770,20456,1436,13834,50000,77856,0,0,2306,3202,9875,11153,13883,37944,-27856,0,-57960,-896,-1278,-14005,-12686,-12398,-24061,1
2022-09-26 01:00:00,105054,160826,504,14649,7479,20889,1272,14245,46192,77008,0,0,2431,3261,9939,11361,14836,37678,-30816,0,-55772,-830,-1422,-14145,-13410,-12973,-22842,1
2022-09-26 02:00:00,111834,170500,512,15411,7478,22670,1206,15418,44900,77148,0,0,2966,3360,9971,11872,15351,37856,-32248,0,-58666,-394,-1901,-14899,-15192,-14212,-22505,1
2022-09-26 03:00:00,116747,190310,522,17400,6421,27539,1396,18350,43088,81000,0,0,3258,3772,10215,13323,16480,39973,-37912,0,-73563,-514,-3108,-16878,-21118,-16954,-23493,1
2022-09-26 04:00:00,115141,222047,558,20251,9156,32047,1650,20416,44188,92740,0,0,3776,4277,10886,14339,16996,44825,-48552,0,-106906,-501,-3453,-19693,-22891,-18766,-27829,1
2022-09-26 05:00:00,127918,239528,705,21516,11362,35850,2457,21621,45960,104236,0,0,3899,4603,10962,14681,17236,50283,-58276,0,-111610,-704,-3719,-20811,-24488,-19164,-33047,1
2022-09-26 06:00:00,141391,246872,1003,21910,10895,36304,2948,21951,47564,107672,0,0,4563,4401,10973,15002,17479,53187,-60108,0,-105481,162,-4029,-20907,-25409,-19003,-35708,3
2022-09-26 07:00:00,166604,251530,1629,21828,11262,36219,3472,21588,55268,109796,0,0,4827,4470,11137,14913,17220,53760,-54528,0,-84926,357,-3776,-20199,-24957,-18116,-36540,3
2022-09-26 08:00:00,194527,259258,2329,21454,11499,36292,3935,21674,64560,110540,0,0,5027,4529,11374,14755,15794,53654,-45980,0,-64731,498,-3381,-19125,-24793,-17739,-37860,3
2022-09-26 09:00:00,215218,263712,2853,20970,12374,35001,3908,21626,68984,110764,0,0,4963,4637,11529,14745,13556,53197,-41780,0,-48494,326,-3216,-18117,-22627,-17718,-39641,3
2022-09-26 10:00:00,221153,264437,2935,20892,11650,34782,4099,21568,71528,112100,0,0,4927,4761,11643,14654,10787,52635,-40572,0,-43284,166,-3011,-17957,-23132,-17469,-41848,3
2022-09-26 11:00:00,225098,260733,2963,20333,10894,35553,4008,21094,75004,112456,0,0,5007,4640,11725,14327,10629,53119,-37452,0,-35635,367,-2602,-17370,-24659,-17086,-42490,3
2022-09-26 12:00:00,219498,257177,2710,20098,10238,35717,3487,21282,73828,109440,0,0,4804,4421,11752,14749,10011,52612,-35612,0,-37679,383,-2997,-17388,-25479,-17795,-42601,3
2022-09-26 13:00:00,204445,252553,2278,20350,9622,35516,2556,21224,75480,106924,0,0,4633,4291,11610,14765,10409,52231,-31444,0,-48108,342,-3155,-18072,-25894,-18668,-41822,3
2022-09-26 14:00:00,178914,247996,1486,20726,8843,35259,1954,21444,75836,106680,0,0,4411,4397,11721,14651,9228,53006,-30844,0,-69082,14,-2930,-19240,-26416,-19490,-43778,3
2022-09-26 15:00:00,150389,247738,824,21030,7269,35010,2066,21580,76420,107924,0,0,4092,4274,12004,14650,10743,55749,-31504,0,-97349,-182,-2646,-20206,-27741,-19514,-45006,1
2022-09-26 16:00:00,141494,247664,514,22271,8785,37421,2706,22605,67564,107664,0,0,3621,4077,12203,14637,10098,55681,-40100,0,-106170,-456,-2434,-21757,-28636,-19899,-45583,1
2022-09-26 17:00:00,140208,249329,531,22779,8376,36166,2991,22130,53516,110544,0,0,3193,3782,11765,13948,11078,56020,-57028,0,-109121,-589,-2183,-22248,-27790,-19139,-44942,1
2022-09-26 18:00:00,133233,237691,559,21692,6753,33508,2422,20546,47512,118056,0,0,2837,3549,11181,13265,11455,54200,-70544,0,-104458,-712,-2084,-21133,-26755,-18124,-42745,1
2022-09-26 19:00:00,123836,223100,570,20111,6753,30498,2206,18865,44916,112540,0,0,2666,3352,10847,12784,12556,51238,-67624,0,-99264,-686,-1937,-19541,-23745,-16659,-38682,1
2022-09-26 20:00:00,116533,207632,537,19171,7314,28030,2288,17496,42676,101340,0,0,2579,3104,10405,12372,13254,48690,-58664,0,-91099,-525,-1967,-18634,-20716,-15208,-35436,1
2022-09-26 21:00:00,110552,190803,520,18331,8073,25876,2325,16390,39460,93424,0,0,2402,2970,9710,11942,13261,45426,-53964,0,-80251,-568,-2232,-17811,-17803,-14065,-32165,1
2022-09-26 22:00:00,108963,177340,514,17256,8847,24729,2327,15872,36720,90072,0,0,1995,2925,9386,11644,13491,42790,-53352,0,-68377,-930,-2258,-16742,-15882,-13545,-29299,1
2022-09-26 23:00:00,106976,171933,516,16332,9318,24066,2243,15501,33392,86316,0,0,2013,2883,9436,11493,12611,41038,-52924,0,-64957,-870,-2057,-15816,-14748,-13258,-28427,1
2022-09-27 00:00:00,108245,168512,506,15865,9415,23863,2176,15616,32272,83760,0,0,1959,2896,9549,11538,12333,40029,-51488,0,-60267,-937,-1989,-15359,-14448,-13440,-27696,1
2022-09-27 01:00:00,114633,170551,524,15887,9036,24078,2122,15966,31700,82676,0,0,1845,2916,9635,11674,12748,39912,-50976,0,-55918,-1071,-2039,-15363,-15042,-13844,-27164,1
2022-09-27 02:00:00,114755,178137,576,16440,8220,25450,2083,16766,34512,82952,0,0,1851,3104,10170,11906,12313,40075,-48440,0,-63382,-1253,-1736,-15864,-17230,-14683,-27762,1
2022-09-27 03:00:00,108524,195357,618,18079,7807,29451,2087,18986,36176,86076,0,0,2049,3616,10956,13386,12014,41752,-49900,0,-86833,-1567,-2430,-17461,-21644,-16899,-29738,1
2022-09-27 04:00:00,109672,224161,694,20594,10286,33655,2394,20808,36652,96548,0,0,2097,4091,11785,14405,11611,46196,-59896,0,-114489,-1994,-2620,-19900,-23369,-18414,-34585,1
2022-09-27 05:00:00,118200,241668,1126,21377,14302,37863,3124,21736,40348,107712,0,0,2225,4267,12248,14645,10959,51792,-67364,0,-123468,-2042,-2397,-20251,-23561,-18612,-40833,1
2022-09-27 06:00:00,120614,250494,1614,21440,17762,39219,3632,21960,46500,112036,0,0,2165,4311,12242,14818,10993,53120,-65536,0,-129880,-2146,-2576,-19826,-21457,-18328,-42127,1
2022-09-27 07:00:00,124832,252447,2066,21359,18230,38186,3963,21828,63260,112364,0,0,2144,4434,12214,14756,10627,53100,-49104,0,-127615,-2290,-2542,-19293,-19956,-17865,-42473,1
2022-09-27 08:00:00,135633,255567,2453,21457,18798,37721,4136,21693,82844,112980,0,0,2162,4404,12073,14881,10611,52528,-30136,0,-119934,-2242,-2808,-19004,-18923,-17557,-41917,1
2022-09-27 09:00:00,145475,258732,3101,21320,19076,35851,4533,21766,98308,113608,0,0,2188,4355,11815,15046,9375,52277,-15300,0,-113257,-2167,-3231,-18219,-16775,-17233,-42902,1
2022-09-27 10:00:00,151573,255753,3650,21100,18984,35505,4293,21560,104704,114656,0,0,2031,4370,11669,14387,8113,49734,-9952,0,-104180,-2339,-2718,-17450,-16521,-17267,-41621,1
2022-09-27 11:00:00,162452,252395,3669,20448,17759,35966,4014,21150,109600,114324,0,0,1939,4321,11612,14285,8704,47914,-4724,0,-89943,-2382,-2673,-16779,-18207,-17136,-39210,1
2022-09-27 12:00:00,161482,250561,3438,20304,16399,36697,3626,21430,113432,112228,0,0,1946,4190,11697,14600,9999,47444,1204,0,-89079,-2244,-2903,-16866,-20298,-17804,-37445,0
2022-09-27 13:00:00,139074,246721,2718,20621,14547,36919,3081,21439,111284,109736,0,0,1903,4173,11693,14375,8987,48744,1548,0,-107647,-2270,-2682,-17903,-22372,-18358,-39757,0
2022-09-27 14:00:00,115675,238747,1849,21191,12312,35928,2556,21494,107900,110000,0,0,1874,4348,11776,14684,8386,51703,-2100,0,-123072,-2474,-2908,-19342,-23616,-18938,-43317,1
2022-09-27 15:00:00,95714,239149,893,21508,11869,35815,2943,22093,105204,110836,0,0,1862,4158,11963,14798,7220,55882,-5632,0,-143435,-2296,-2835,-20615,-23946,-19150,-48662,1
2022-09-27 16:00:00,89474,241085,696,22608,12241,38039,3407,22949,91624,110700,0,0,1743,4077,11925,14581,5441,56294,-19076,0,-151611,-2334,-2656,-21912,-25798,-19542,-50853,1
2022-09-27 17:00:00,89678,240889,828,22857,11354,36707,3269,22473,67044,112960,0,0,1579,3867,11687,14037,3956,56529,-45916,0,-151211,-2288,-2350,-22029,-25353,-19204,-52573,1
2022-09-27 18:00:00,82854,226995,922,21781,9176,33928,2647,20800,57288,120136,0,0,1372,3553,11534,13454,3785,54623,-62848,0,-144141,-2181,-1920,-20859,-24752,-18153,-50838,1
2022-09-27 19:00:00,74232,210242,1001,20086,8308,30931,2050,18984,55164,114104,0,0,1325,3386,10836,12737,4213,51648,-58940,0,-136010,-2061,-1901,-19085,-22623,-16934,-47435,1
2022-09-27 20:00:00,71974,196549,970,19048,8518,28569,1727,17723,49788,102484,0,0,1363,3195,10408,12123,3516,48153,-52696,0,-124575,-1832,-1715,-18078,-20051,-15996,-44637,1
2022-09-27 21:00:00,70340,184285,997,18234,8629,26298,1509,16680,43792,94116,0,0,1322,3051,9889,11713,2988,45347,-50324,0,-113945,-1729,-1824,-17237,-17669,-15171,-42359,1
2022-09-27 22:00:00,70762,173819,948,17246,9394,25076,1418,16081,43216,90188,0,0,1322,2947,9598,11315,3085,43087,-46972,0,-103057,-1625,-1717,-16298,-15682,-14663,-40002,1
2022-09-27 23:00:00,76236,168262,828,16417,9639,24447,1359,15743,40716,86464,0,0,1401,2967,9554,11219,2755,41495,-45748,0,-92026,-1566,-1665,-15589,-14808,-14384,-38740,1
2022-09-28 00:00:00,74084,166200,772,15927,9628,24279,1401,15756,36756,84284,0,0,1458,2938,9544,11045,4135,40591,-47528,0,-92116,-1480,-1501,-15155,-14651,-14355,-36456,1
2022-09-28 01:00:00,71832,168028,634,15847,9574,24445,1271,16102,35864,83132,0,0,1325,2915,9608,10888,3000,40229,-47268,0,-96196,-1590,-1280,-15213,-14871,-14831,-37229,1
2022-09-28 02:00:00,66970,173538,560,16415,8878,25805,1164,16947,36128,83652,0,0,1267,3089,10081,11684,2474,39865,-47524,0,-106568,-1822,-1603,-15855,-16927,-15783,-37391,1
2022-09-28 03:00:00,58390,190926,545,18124,7941,29839,1230,19244,37824,86676,0,0,1235,3616,10712,13326,3084,41685,-48852,0,-132536,-2381,-2614,-17579,-21898,-18014,-38601,1
2022-09-28 04:00:00,57011,221925,618,20516,10161,33988,2148,21021,42700,97776,0,0,1344,4119,11625,14302,2404,46672,-55076,0,-164914,-2775,-2677,-19898,-23827,-18873,-44268,1
2022-09-28 05:00:00,62510,238580,1422,20860,12784,37538,2884,21956,47516,108984,0,0,1376,4271,12067,14700,3190,52164,-61468,0,-176070,-2895,-2633,-19438,-24754,-19072,-48974,1
2022-09-28 06:00:00,72725,247175,3410,19851,15071,39201,3559,21942,51428,111772,0,0,1399,4338,12222,14494,3151,51681,-60344,0,-174450,-2939,-2272,-16441,-24130,-18383,-48530,1
2022-09-28 07:00:00,77044,250091,5760,18413,16164,38896,4154,21452,64760,112772,0,0,1568,4430,12265,14743,3194,46499,-48012,0,-173047,-2862,-2478,-12653,-22732,-17298,-43305,1
2022-09-28 08:00:00,81893,253984,7432,17598,17229,37504,4914,21770,82464,113140,0,0,1837,4492,12267,14706,4064,41845,-30676,0,-172091,-2655,-2439,-10166,-20275,-16856,-37781,1
2022-09-28 09:00:00,89394,255996,8092,17376,17052,35315,5080,22042,97836,114036,0,0,1857,4434,12190,14687,4218,39604,-16200,0,-166602,-2577,-2497,-9284,-18263,-16962,-35386,1
2022-09-28 10:00:00,95577,254613,8101,17516,16681,35470,4795,21890,108692,115344,0,0,1773,4426,12146,14658,3960,40114,-6652,0,-159036,-2653,-2512,-9415,-18789,-17095,-36154,1
2022-09-28 11:00:00,96890,248998,7739,17251,15741,36242,4110,21558,113524,115940,0,0,1609,4254,12101,14480,3469,41319,-2416,0,-152108,-2645,-2379,-9512,-20501,-17448,-37850,1
2022-09-28 12:00:00,95478,243034,6702,17947,14961,36403,3221,21642,113992,113712,0,0,1512,4127,12244,14440,2794,43232,280,0,-147556,-2615,-2196,-11245,-21442,-18421,-40438,0
2022-09-28 13:00:00,85619,237351,4640,19161,13505,36287,2390,21596,113708,110716,0,0,1401,4140,12235,14488,2433,45222,2992,0,-151732,-2739,-2253,-14521,-22782,-19206,-42789,0
2022-09-28 14:00:00,70689,232762,2613,20170,11648,35419,2073,21665,112936,110404,0,0,1155,4332,12255,14817,2043,47882,2532,0,-162073,-3177,-2562,-17557,-23771,-19592,-45839,0
2022-09-28 15:00:00,57547,234296,1107,21027,10598,35192,2065,22159,109660,110496,0,0,1043,4181,12292,14662,1900,52727,-836,0,-176749,-3138,-2370,-19920,-24594,-20094,-50827,1
2022-09-28 16:00:00,53175,236661,752,22396,11309,37362,2492,23061,95588,110520,0,0,1067,4055,12278,14534,1939,54146,-14932,0,-183486,-2988,-2256,-21644,-26053,-20569,-52207,1
2022-09-28 17:00:00,55444,239228,737,22680,11066,36037,2017,22599,71672,113484,0,0,1350,3837,12111,14143,1121,55835,-41812,0,-183784,-2487,-2032,-21943,-24971,-20582,-54714,1
2022-09-28 18:00:00,51088,226671,800,21640,9143,33373,1642,20871,63524,119608,0,0,1599,3654,11476,13477,948,54293,-56084,0,-175583,-2055,-2001,-20840,-24230,-19229,-53345,1
2022-09-28 19:00:00,42835,212378,801,20001,9258,30512,1380,19141,59772,113792,0,0,1893,3424,11263,12836,766,51229,-54020,0,-169543,-1531,-1573,-19200,-21254,-17761,-50463,1
2022-09-28 20:00:00,44179,197429,691,19021,8031,27710,1399,17772,56520,102272,0,0,2163,3219,10549,12061,644,48139,-45752,0,-153250,-1056,-1512,-18330,-19679,-16373,-47495,1
2022-09-28 21:00:00,47972,183556,654,18191,7631,25824,1422,16737,50076,94240,0,0,2446,3029,9907,11832,845,45275,-44164,0,-135584,-583,-1925,-17537,-18193,-15315,-44430,1
2022-09-28 22:00:00,56081,173047,634,17134,7356,24491,1401,16170,48904,90964,0,0,2571,2975,9426,11625,821,42998,-42060,0,-116966,-404,-2199,-16500,-17135,-14769,-42177,1
2022-09-28 23:00:00,55140,166765,641,16242,7124,23811,1389,15914,47064,87192,0,0,2568,2941,9204,11567,780,41558,-40128,0,-111625,-373,-2363,-15601,-16687,-14525,-40778,1
2022-09-29 00:00:00,57954,166794,633,15726,7144,23671,1308,16015,45372,84456,0,0,2595,2874,9146,11485,709,40845,-39084,0,-108840,-279,-2339,-15093,-16527,-14707,-40136,1
2022-09-29 01:00:00,57492,169042,644,15730,6894,23893,1193,16248,45160,83700,0,0,2813,2898,9706,11474,632,40495,-38540,0,-111550,-85,-1768,-15086,-16999,-15055,-39863,1
2022-09-29 02:00:00,51646,176475,682,16381,6627,25236,1080,17074,46520,83716,0,0,3161,3130,10420,12023,568,40591,-37196,0,-124829,31,-1603,-15699,-18609,-15994,-40023,3
2022-09-29 03:00:00,41942,195219,729,17987,7840,30072,1064,19411,46504,86764,0,0,3576,3639,11448,13692,576,41992,-40260,0,-153277,-63,-2244,-17258,-22232,-18347,-41416,1
2022-09-29 04:00:00,47884,224411,733,20377,9572,33976,1639,21243,47108,97544,0,0,3711,4076,12200,14912,509,47048,-50436,0,-176527,-365,-2712,-19644,-24404,-19604,-46539,1
2022-09-29 05:00:00,59261,240029,923,21258,11143,37217,2107,22186,49744,108368,0,0,3808,4254,12395,15124,507,52511,-58624,0,-180768,-446,-2729,-20335,-26074,-20079,-52004,1
2022-09-29 06:00:00,74622,246977,1475,21504,14635,38802,2600,22518,53568,111376,0,0,4092,4295,12386,15059,813,51939,-57808,0,-172355,-203,-2673,-20029,-24167,-19918,-51126,1
2022-09-29 07:00:00,86642,249831,2364,21107,14636,39127,3162,22240,62504,113632,0,0,4518,4416,12422,15166,1313,47086,-51128,0,-163189,102,-2744,-18743,-24491,-19078,-45773,3
2022-09-29 08:00:00,103346,251977,3085,20596,14079,38123,3729,22337,73348,114280,0,0,4585,4355,12206,15068,1592,41212,-40932,0,-148631,230,-2862,-17511,-24044,-18608,-39620,3
2022-09-29 09:00:00,122934,254182,3648,20098,14743,36728,3772,22176,80780,115220,0,0,4475,4356,11969,14940,1482,37806,-34440,0,-131248,119,-2971,-16450,-21985,-18404,-36324,3
2022-09-29 10:00:00,123513,251345,4006,19786,14982,36601,3877,22181,85964,116708,0,0,4324,4288,11748,14774,1766,34722,-30744,0,-127832,36,-3026,-15780,-21619,-18304,-32956,3
2022-09-29 11:00:00,112389,245121,3847,19714,13974,36520,3363,21596,89260,115176,0,0,4201,4301,11501,14590,1925,35524,-25916,0,-132732,-100,-3089,-15867,-22546,-18233,-33599,1
2022-09-29 12:00:00,98377,239525,3234,19974,13528,36881,2769,21618,89416,112980,0,0,3981,4210,11392,14480,2398,37450,-23564,0,-141148,-229,-3088,-16740,-23353,-18849,-35052,1
2022-09-29 13:00:00,82737,234062,2583,20211,12218,37102,2000,21600,89188,110748,0,0,3621,4110,11339,14359,2012,40361,-21560,0,-151325,-489,-3020,-17628,-24884,-19600,-38349,1
2022-09-29 14:00:00,71616,231645,1719,20657,11043,36261,1295,21658,84680,110192,0,0,3289,4282,11175,14635,1790,44181,-25512,0,-160029,-993,-3460,-18938,-25218,-20363,-42391,1
2022-09-29 15:00:00,63141,234246,845,21099,10342,36225,1131,22051,79892,110444,0,0,3264,4159,11288,14574,1527,50252,-30552,0,-171105,-895,-3286,-20254,-25883,-20920,-48725,1
2022-09-29 16:00:00,61429,236348,513,22265,11531,38133,1630,23028,68448,110060,0,0,3258,4095,11294,14685,1183,53424,-41612,0,-174919,-837,-3391,-21752,-26602,-21398,-52241,1
2022-09-29 17:00:00,63562,239235,513,22494,10468,36567,1686,22497,58248,113232,0,0,3303,3898,11103,14445,1057,55618,-54984,0,-175673,-595,-3342,-21981,-26099,-20811,-54561,1
2022-09-29 18:00:00,59626,228157,513,21425,8163,33847,1118,20930,58204,118504,0,0,3023,3699,10793,13943,893,54147,-60300,0,-168531,-676,-3150,-20912,-25684,-19812,-53254,1
2022-09-29 19:00:00,53245,214807,517,19859,7209,30893,923,19395,60000,111760,0,0,2983,3443,10560,13569,700,51305,-51760,0,-161562,-460,-3009,-19342,-23684,-18472,-50605,1
2022-09-29 20:00:00,42535,199238,528,18916,7296,28431,955,17984,61100,100996,0,0,2679,3225,10231,12989,655,48047,-39896,0,-156703,-546,-2758,-18388,-21135,-17029,-47392,1
2022-09-29 21:00:00,40948,184021,526,18147,7191,26340,946,16839,55644,92944,0,0,2219,3065,9887,12374,741,45335,-37300,0,-143073,-846,-2487,-17621,-19149,-15893,-44594,1
2022-09-29 22:00:00,41589,173152,570,17224,7376,24934,870,16291,52732,89376,0,0,1850,2965,9655,12111,727,42896,-36644,0,-131563,-1115,-2456,-16654,-17558,-15421,-42169,1
2022-09-29 23:00:00,41916,166518,580,16428,7117,24130,808,15997,51228,85816,0,0,1547,2912,9610,12017,510,41254,-34588,0,-124602,-1365,-2407,-15848,-17013,-15189,-40744,1
2022-09-30 00:00:00,44550,165618,580,15989,6659,23750,719,15975,49848,82992,0,0,1423,2865,9578,12057,473,40326,-33144,0,-121068,-1442,-2479,-15409,-17091,-15256,-39853,1
2022-09-30 01:00:00,44923,167290,490,15895,6403,24010,630,16358,47380,82228,0,0,1367,2874,9620,12141,501,39809,-34848,0,-122367,-1507,-2521,-15405,-17607,-15728,-39308,1
2022-09-30 02:00:00,40970,174635,455,16471,5871,25205,557,17133,47508,82472,0,0,1326,3088,10021,12965,522,40036,-34964,0,-133665,-1762,-2944,-16016,-19334,-16576,-39514,1
2022-09-30 03:00:00,36420,191751,490,17994,6442,29555,683,19563,47176,85488,0,0,1287,3553,10691,14461,582,41590,-38312,0,-155331,-2266,-3770,-17504,-23113,-18880,-41008,1
2022-09-30 04:00:00,50742,221084,564,20395,9213,33686,1538,21431,48132,96396,0,0,1416,3991,10888,15540,836,46096,-48264,0,-170342,-2575,-4652,-19831,-24473,-19893,-45260,1
2022-09-30 05:00:00,64217,236768,782,21360,11536,37406,2345,22284,50156,107744,0,0,1452,4206,10819,15720,1262,51542,-57588,0,-172551,-2754,-4901,-20578,-25870,-19939,-50280,1
2022-09-30 06:00:00,80860,243981,1354,21731,13978,38741,2981,22427,52312,110076,0,0,1652,4231,10761,15468,1463,50387,-57764,0,-163121,-2579,-4707,-20377,-24763,-19446,-48924,1
2022-09-30 07:00:00,97481,244969,2464,21431,13677,38654,3001,22147,67728,111436,0,0,1868,4332,11005,15510,2032,45422,-43708,0,-147488,-2464,-4505,-18967,-24977,-19146,-43390,1
2022-09-30 08:00:00,117563,245924,3546,20850,13678,37759,3261,22285,80888,111532,0,0,1980,4328,10969,14933,3091,40228,-30644,0,-128361,-2348,-3964,-17304,-24081,-19024,-37137,1
2022-09-30 09:00:00,140956,246114,4171,20264,13211,36366,3379,22298,93380,112192,0,0,2094,4219,10791,14613,5370,36676,-18812,0,-105158,-2125,-3822,-16093,-23155,-18919,-31306,1
2022-09-30 10:00:00,159065,243658,4271,19983,11635,35399,3305,22266,95260,113316,0,0,2268,4161,10834,14276,7207,34890,-18056,0,-84593,-1893,-3442,-15712,-23764,-18961,-27683,1
2022-09-30 11:00:00,173661,237693,4140,19360,11775,36635,2843,21774,93604,112736,0,0,2482,4078,10690,14068,10265,35525,-19132,0,-64032,-1596,-3378,-15220,-24860,-18931,-25260,1
2022-09-30 12:00:00,169571,232242,3997,19243,11353,36820,2496,21828,92956,109392,0,0,2656,3875,10714,13805,12258,37582,-16436,0,-62671,-1219,-3091,-15246,-25467,-19332,-25324,1
2022-09-30 13:00:00,154313,228505,3650,19435,10961,36900,1969,21708,92212,106148,0,0,2747,3979,10791,13881,13743,40036,-13936,0,-74192,-1232,-3090,-15785,-25939,-19739,-26293,1
2022-09-30 14:00:00,134298,226484,2275,20061,8922,35784,1598,21635,93244,104964,0,0,2858,4064,11112,14058,15138,43729,-11720,0,-92186,-1206,-2946,-17786,-26862,-20037,-28591,1
2022-09-30 15:00:00,103057,227328,889,20579,9742,35816,1523,22051,89200,105000,0,0,2798,3968,11588,14233,15488,50143,-15800,0,-124271,-1170,-2645,-19690,-26074,-20528,-34655,1
2022-09-30 16:00:00,102205,231871,502,21640,11020,37480,2128,22734,68796,105384,0,0,2852,3802,11689,14031,15155,52923,-36588,0,-129666,-950,-2342,-21138,-26460,-20606,-37768,1
2022-09-30 17:00:00,108425,236195,510,21888,9513,35621,2143,21993,46744,107596,0,0,3187,3634,11417,13204,15894,53525,-60852,0,-127770,-447,-1787,-21378,-26108,-19850,-37631,1
2022-09-30 18:00:00,108040,223172,543,20936,7276,32756,2002,20494,42804,113680,0,0,3617,3563,11010,12472,16898,51400,-70876,0,-115132,54,-1462,-20393,-25480,-18492,-34502,3
2022-09-30 19:00:00,118444,209510,577,19661,6108,29816,2371,18942,42096,108844,0,0,3772,3303,10573,11979,17734,48535,-66748,0,-91066,469,-1406,-19084,-23708,-16571,-30801,3
2022-09-30 20:00:00,126766,199209,594,18851,5888,27757,2411,17581,40828,98888,0,0,3860,3248,10056,11368,17989,45686,-58060,0,-72443,612,-1312,-18257,-21869,-15170,-27697,3
2022-09-30 21:00:00,134948,187863,608,18169,5622,25719,2281,16450,35992,91920,0,0,4114,3085,9299,10908,17613,43380,-55928,0,-52915,1029,-1609,-17561,-20097,-14169,-25767,3
2022-09-30 22:00:00,138080,177443,591,17152,5552,24354,2223,15744,31600,88128,0,0,4255,3007,9193,10957,16418,41430,-56528,0,-39363,1248,-1764,-16561,-18802,-13521,-25012,3
2022-09-30 23:00:00,148232,171648,577,16163,5426,23502,2324,15327,30212,83988,0,0,4402,2989,8449,10947,16156,39628,-53776,0,-23416,1413,-2498,-15586,-18076,-13003,-23472,3
2022-10-01 00:00:00,154732,170110,577,15618,5321,23015,2446,15170,27064,81140,0,0,4421,3019,7793,11037,16375,38778,-54076,0,-15378,1402,-3244,-15041,-17694,-12724,-22403,3
2022-10-01 01:00:00,160852,169716,531,15385,5574,22819,2515,15282,25804,79484,0,0,4447,3033,7609,10963,15987,38124,-53680,0,-8864,1414,-3354,-14854,-17245,-12767,-22137,3
2022-10-01 02:00:00,166170,171459,522,15533,5299,23364,2479,15300,25292,78748,0,0,4393,2989,7600,10787,14681,38001,-53456,0,-5289,1404,-3187,-15011,-18065,-12821,-23320,3
2022-10-01 03:00:00,175712,175876,530,15793,5402,25054,2495,15904,23712,78656,0,0,4377,3088,7999,10989,13149,38514,-54944,0,-164,1289,-2990,-15263,-19652,-13409,-25365,3
2022-10-01 04:00:00,183197,185814,571,16656,7178,26843,2976,16960,24236,82100,0,0,4363,3339,8302,11176,11871,40558,-57864,0,-2617,1024,-2874,-16085,-19665,-13984,-28687,3
2022-10-01 05:00:00,187043,196414,807,17720,9079,29615,3847,18429,24412,85992,0,0,4447,3558,9002,11840,12307,43337,-61580,0,-9371,889,-2838,-16913,-20536,-14582,-31030,3
2022-10-01 06:00:00,188036,209285,1377,18607,11460,31204,4597,19090,28044,89184,0,0,3993,3661,9904,12661,12297,43847,-61140,0,-21249,332,-2757,-17230,-19744,-14493,-31550,3
2022-10-01 07:00:00,187433,219282,1996,19102,12636,30932,4998,19133,46492,95076,0,0,3449,3725,10119,13109,11925,42458,-48584,0,-31849,-276,-2990,-17106,-18296,-14135,-30533,1
2022-10-01 08:00:00,191411,224942,2230,19364,14842,30165,5463,19116,61768,97672,0,0,3064,3745,9988,13098,11651,39670,-35904,0,-33531,-681,-3110,-17134,-15323,-13653,-28019,1
2022-10-01 09:00:00,195321,228948,2707,19061,16750,28895,5585,18783,69940,97600,0,0,2713,3711,10090,13466,12247,37156,-27660,0,-33627,-998,-3376,-16354,-12145,-13198,-24909,1
2022-10-01 10:00:00,199731,225470,3054,18535,18353,27786,5432,18658,73684,98364,0,0,2691,3787,9951,13093,13493,35068,-24680,0,-25739,-1096,-3142,-15481,-9433,-13226,-21575,1
2022-10-01 11:00:00,206136,219601,2875,18044,18451,26410,5079,18479,73276,98616,0,0,2689,3824,9775,12673,13119,32903,-25340,0,-13465,-1135,-2898,-15169,-7959,-13400,-19784,1
2022-10-01 12:00:00,204108,213685,2652,18002,18803,26518,4491,18525,73552,95980,0,0,2699,3743,9817,12799,13004,32685,-22428,0,-9577,-1044,-2982,-15350,-7715,-14034,-19681,1
2022-10-01 13:00:00,196856,209482,2425,18146,17646,27292,3945,18538,73928,91800,0,0,2685,3841,10090,13186,12928,34367,-17872,0,-12626,-1156,-3096,-15721,-9646,-14593,-21439,1
2022-10-01 14:00:00,179787,207333,1705,18504,14700,27865,4414,18557,71900,90904,0,0,2591,3945,10446,13129,12691,37913,-19004,0,-27546,-1354,-2683,-16799,-13165,-14143,-25222,1
2022-10-01 15:00:00,169256,209481,895,18832,12616,29093,4416,19102,66248,92116,0,0,2421,3846,10964,13318,12424,44087,-25868,0,-40225,-1425,-2354,-17937,-16477,-14686,-31663,1
2022-10-01 16:00:00,169679,212869,711,19869,13663,32168,4543,19640,50692,92876,0,0,2653,3682,11175,12923,10893,47739,-42184,0,-43190,-1029,-1748,-19158,-18505,-15097,-36846,1
2022-10-01 17:00:00,170575,214597,785,20137,12312,30881,4531,18941,30464,96324,0,0,2823,3471,10811,12073,10228,48958,-65860,0,-44022,-648,-1262,-19352,-18569,-14410,-38730,1
2022-10-01 18:00:00,164823,203959,875,19229,9963,28514,4087,17895,28368,102964,0,0,3012,3315,10466,12249,10101,47576,-74596,0,-39136,-303,-1783,-18354,-18551,-13808,-37475,1
2022-10-01 19:00:00,156518,193632,974,18106,9022,26339,3600,16820,28760,100164,0,0,3173,3132,10112,11926,10511,45524,-71404,0,-37114,41,-1814,-17132,-17317,-13220,-35013,3
2022-10-01 20:00:00,154890,185121,1264,17090,8048,24467,3362,15633,28872,92492,0,0,3209,3013,9410,11586,11607,43854,-63620,0,-30231,196,-2176,-15826,-16419,-12271,-32247,3
2022-10-01 21:00:00,159235,174101,1222,16163,7528,22456,3772,14659,25780,86916,0,0,3186,2947,8784,11046,12729,42202,-61136,0,-14866,239,-2262,-14941,-14928,-10887,-29473,3
2022-10-01 22:00:00,159317,164798,1210,15238,7822,21367,3786,13842,25092,80972,0,0,2997,2822,8492,10851,14335,40235,-55880,0,-5481,175,-2359,-14028,-13545,-10056,-25900,3
2022-10-01 23:00:00,160729,159267,1121,14534,7816,20501,4036,13551,23808,77636,0,0,2986,2805,7988,10944,13785,38824,-53828,0,1462,181,-2956,-13413,-12685,-9515,-25039,2
2022-10-02 00:00:00,162249,154946,1242,14124,8108,20176,4391,13385,25940,74912,0,0,2938,2745,7979,10944,12892,37733,-48972,0,7303,193,-2965,-12882,-12068,-8994,-24841,2
2022-10-02 01:00:00,162013,154491,1250,13971,8267,20021,4581,13348,27476,72928,0,0,2767,2775,7673,10803,12655,37222,-45452,0,7522,-8,-3130,-12721,-11754,-8767,-24567,2
2022-10-02 02:00:00,161431,155552,1295,14008,8141,20335,4918,13538,30096,72236,0,0,2843,2780,7808,10952,12248,37044,-42140,0,5879,63,-3144,-12713,-12194,-8620,-24796,2
2022-10-02 03:00:00,158000,156476,1184,14324,8328,21165,5011,13707,29872,72904,0,0,2972,2893,7886,11164,11605,37188,-43032,0,1524,79,-3278,-13140,-12837,-8696,-25583,2
2022-10-02 04:00:00,156208,160836,1177,14898,9034,21587,5090,14291,26952,74624,0,0,3061,3073,8124,11359,9937,37445,-47672,0,-4628,-12,-3235,-13721,-12553,-9201,-27508,1
2022-10-02 05:00:00,148971,170424,2215,15440,11408,23317,5778,15452,27512,76508,0,0,3151,3265,9048,11863,8807,38659,-48996,0,-21453,-114,-2815,-13225,-11909,-9674,-29852,1
2022-10-02 06:00:00,147374,182838,3859,15616,13265,24753,6637,16265,28924,77616,0,0,3576,3383,9135,12291,8684,39054,-48692,0,-35464,193,-3156,-11757,-11488,-9628,-30370,3
2022-10-02 07:00:00,159149,193080,5661,15339,15065,24820,7624,16851,47584,83552,0,0,4292,3517,8960,12619,7934,38447,-35968,0,-33931,775,-3659,-9678,-9755,-9227,-30513,3
2022-10-02 08:00:00,164443,200548,6086,15493,16990,25030,8234,16874,67156,87088,0,0,4733,3580,8409,12249,6896,35973,-19932,0,-36105,1153,-3840,-9407,-8040,-8640,-29077,3
2022-10-02 09:00:00,170361,204808,6036,15811,17775,25198,8297,16739,75280,88604,0,0,5064,3642,8354,12329,7158,34039,-13324,0,-34447,1422,-3975,-9775,-7423,-8442,-26881,3
2022-10-02 10:00:00,189022,203584,5638,15857,17836,23858,8077,16784,76824,89488,0,0,5328,3597,8392,12384,7586,34581,-12664,0,-14562,1731,-3992,-10219,-6022,-8707,-26995,3
2022-10-02 11:00:00,195120,197789,4822,15753,17179,23136,7527,16331,77352,91592,0,0,5439,3577,8805,12338,7358,32891,-14240,0,-2669,1862,-3533,-10931,-5957,-8804,-25533,3
2022-10-02 12:00:00,187328,193578,4249,15954,16480,23350,6781,16194,75796,89712,0,0,5347,3637,8949,12391,6492,31875,-13916,0,-6250,1710,-3442,-11705,-6870,-9413,-25383,3
2022-10-02 13:00:00,176339,191192,3113,16647,14925,24129,5997,16212,73516,85744,0,0,4980,3604,9759,13023,5943,32084,-12228,0,-14853,1376,-3264,-13534,-9204,-10215,-26141,3
2022-10-02 14:00:00,153469,189070,2196,17488,11216,24407,5252,16715,68712,84932,0,0,4384,3751,10983,13519,5900,36009,-16220,0,-35601,633,-2536,-15292,-13191,-11463,-30109,3
2022-10-02 15:00:00,138010,193192,1288,18272,8936,26095,4760,17549,59008,86136,0,0,3929,3759,11311,13871,6534,43043,-27128,0,-55182,170,-2560,-16984,-17159,-12789,-36509,3
2022-10-02 16:00:00,139612,197690,1123,19785,11018,29226,5045,18477,41040,88148,0,0,3841,3646,11490,14100,6438,47198,-47108,0,-58078,195,-2610,-18662,-18208,-13432,-40760,3
2022-10-02 17:00:00,142332,201650,1113,20186,10859,28805,5053,18149,30476,93340,0,0,3912,3441,11381,13691,6394,49063,-62864,0,-59318,471,-2310,-19073,-17946,-13096,-42669,3
2022-10-02 18:00:00,136008,192989,921,19310,9431,27311,5167,17296,32076,101968,0,0,3960,3278,11457,13031,5966,47726,-69892,0,-56981,682,-1574,-18389,-17880,-12129,-41760,3
2022-10-02 19:00:00,131790,186286,884,17990,8639,25275,5551,16443,34324,99812,0,0,4036,3115,11025,12424,5162,45664,-65488,0,-54496,921,-1399,-17106,-16636,-10892,-40502,3
2022-10-02 20:00:00,128880,179783,1127,16849,8360,23295,5747,15433,34740,93556,0,0,4083,2959,10501,12079,4402,43503,-58816,0,-50903,1124,-1578,-15722,-14935,-9686,-39101,3
2022-10-02 21:00:00,128714,170130,1311,15742,8304,21537,5885,14653,32152,88012,0,0,4090,2948,9003,11610,4436,41459,-55860,0,-41416,1142,-2607,-14431,-13233,-8768,-37023,3
2022-10-02 22:00:00,134911,160362,1381,14921,9021,20687,6087,14208,26588,82808,0,0,4021,2860,8940,11404,3696,39841,-56220,0,-25451,1161,-2464,-13540,-11666,-8121,-36145,3
2022-10-02 23:00:00,137088,155419,1341,14351,9329,20276,6128,13991,28660,78752,0,0,3971,2840,8590,11250,3159,38669,-50092,0,-18331,1131,-2660,-13010,-10947,-7863,-35510,3
2022-10-03 00:00:00,132560,152554,1388,14068,9197,20099,6247,14038,26124,76612,0,0,3853,2808,8670,11468,2926,38013,-50488,0,-19994,1045,-2798,-12680,-10902,-7791,-35087,3
2022-10-03 01:00:00,128657,151903,1324,14129,8588,20501,6377,14531,22244,76092,0,0,3824,2776,8922,11780,2380,37535,-53848,0,-23246,1048,-2858,-12805,-11913,-8154,-35155,3
2022-10-03 02:00:00,118219,154515,1253,14878,7008,22447,6540,15676,19880,77428,0,0,3750,2953,9602,12393,1750,38240,-57548,0,-36296,797,-2791,-13625,-15439,-9136,-36490,3
2022-10-03 03:00:00,108457,157420,1364,16962,5727,27585,6580,18488,20148,81308,0,0,3643,3519,10271,13874,1454,40548,-61160,0,-48963,124,-3603,-15598,-21858,-11908,-39094,3
2022-10-03 04:00:00,108542,160031,1500,19548,7549,31944,6722,20461,17984,92280,0,0,3592,4029,10730,14809,1218,45565,-74296,0,-51489,-437,-4079,-18048,-24395,-13739,-44347,1
2022-10-03 05:00:00,118351,164375,2521,19856,11404,35901,7344,21650,17952,105924,0,0,3542,4256,10831,15026,1014,51221,-87972,0,-46024,-714,-4195,-17335,-24497,-14306,-50207,1
2022-10-03 06:00:00,126719,175419,4715,19149,11975,36875,7989,22028,19984,110816,0,0,3758,4243,10963,14911,1358,51293,-90832,0,-48700,-485,-3948,-14434,-24900,-14039,-49935,1
2022-10-03 07:00:00,139507,185076,6294,18179,13099,36182,8153,21995,26532,111720,0,0,3968,4285,10875,14886,1621,46939,-85188,0,-45569,-317,-4011,-11885,-23083,-13842,-45318,1
2022-10-03 08:00:00,158387,194823,6983,17751,14478,35819,8447,22209,33248,111716,0,0,4302,4344,10289,14674,2037,42661,-78468,0,-36436,-42,-4385,-10768,-21341,-13762,-40624,1
2022-10-03 09:00:00,177951,202236,6848,18035,14120,33515,8807,22236,39008,112424,0,0,4405,4351,10207,14427,2333,40771,-73416,0,-24285,54,-4220,-11187,-19395,-13429,-38438,3
2022-10-03 10:00:00,189021,200773,6712,18261,14426,33674,9020,22125,43564,114164,0,0,4204,4349,10342,14386,2273,40429,-70600,0,-11752,-145,-4044,-11549,-19248,-13105,-38156,1
2022-10-03 11:00:00,181308,192448,6563,18083,14184,34720,8852,21450,45800,114904,0,0,4069,4294,10755,14347,1998,40987,-69104,0,-11140,-225,-3592,-11520,-20536,-12598,-38989,1
2022-10-03 12:00:00,169635,188971,6124,18337,13902,35624,8134,21165,47392,112452,0,0,3747,4051,10993,13967,1967,43124,-65060,0,-19336,-304,-2974,-12213,-21722,-13031,-41157,1
2022-10-03 13:00:00,142868,184504,5218,18833,12455,36062,7122,21192,48760,110828,0,0,3764,4050,11296,13746,1584,45863,-62068,0,-41636,-286,-2450,-13615,-23607,-14070,-44279,1
2022-10-03 14:00:00,118692,184218,3595,19759,9334,35062,5833,21263,45712,110772,0,0,3448,4267,11579,14271,1152,49168,-65060,0,-65526,-819,-2692,-16164,-25728,-15430,-48016,1
2022-10-03 15:00:00,99965,191859,2089,20582,8925,35097,5769,22044,39540,111044,0,0,2874,4174,11990,14498,936,53164,-71504,0,-91894,-1300,-2508,-18493,-26172,-16275,-52228,1
2022-10-03 16:00:00,93129,199150,1416,22136,10986,37992,5975,22901,30068,110988,0,0,2511,4001,12072,14448,958,54830,-80920,0,-106021,-1490,-2376,-20720,-27006,-16926,-53872,1
2022-10-03 17:00:00,92094,204507,1305,22376,8800,36317,5712,22301,26100,114916,0,0,2428,3785,12198,14075,1128,55860,-88816,0,-112413,-1357,-1877,-21071,-27517,-16589,-54732,1
2022-10-03 18:00:00,85536,195280,1422,21304,6127,33481,5659,20829,30160,121864,0,0,2402,3584,11846,13318,1656,53202,-91704,0,-109744,-1182,-1472,-19882,-27354,-15170,-51546,1
2022-10-03 19:00:00,78631,188281,1432,19779,5495,30439,5329,19042,30296,115080,0,0,2264,3354,11400,12669,2156,49883,-84784,0,-109650,-1090,-1269,-18347,-24944,-13713,-47727,1
2022-10-03 20:00:00,72451,181043,1532,18772,5220,27882,5065,17635,26632,103352,0,0,1897,3164,10725,12136,3277,46755,-76720,0,-108592,-1267,-1411,-17240,-22662,-12570,-43478,1
2022-10-03 21:00:00,68536,170909,1445,17927,5265,26026,4911,16709,23820,94744,0,0,1739,3026,10547,11897,3309,44291,-70924,0,-102373,-1287,-1350,-16482,-20761,-11798,-40982,1
2022-10-03 22:00:00,72188,163542,1294,16958,4773,24839,4849,16217,25556,90536,0,0,1503,2948,10293,11674,3622,42142,-64980,0,-91354,-1445,-1381,-15664,-20066,-11368,-38520,1
2022-10-03 23:00:00,77871,159640,1184,16135,4375,24076,4615,15837,25284,86884,0,0,1440,2907,10140,11334,4067,40581,-61600,0,-81769,-1467,-1194,-14951,-19701,-11222,-36514,1
2022-10-04 00:00:00,79080,157574,1119,15645,4198,23729,4662,15944,22604,84372,0,0,1310,2894,10057,11281,4136,39688,-61768,0,-78494,-1584,-1224,-14526,-19531,-11282,-35552,1
2022-10-04 01:00:00,77941,159399,1151,15671,3936,24135,4656,16126,21200,83152,0,0,1328,2925,10234,11523,4285,38940,-61952,0,-81458,-1597,-1289,-14520,-20199,-11470,-34655,1
2022-10-04 02:00:00,69745,167038,1197,16302,3899,25370,4604,16948,20100,83840,0,0,1472,3086,10990,12404,5044,39017,-63740,0,-97293,-1614,-1414,-15105,-21471,-12344,-33973,1
2022-10-04 03:00:00,62657,184500,1255,18048,4624,29749,4571,19421,20480,86872,0,0,1535,3661,11518,13978,5273,40348,-66392,0,-121843,-2126,-2460,-16793,-25125,-14850,-35075,1
2022-10-04 04:00:00,75901,216492,1297,20589,6990,33932,4598,21181,20108,97388,0,0,1578,4097,11623,15106,5508,44809,-77280,0,-140591,-2519,-3483,-19292,-26942,-16583,-39301,1
2022-10-04 05:00:00,84485,234364,2013,20913,10032,37376,4731,21998,19416,109380,0,0,1747,4216,11443,15191,6538,50860,-89964,0,-149879,-2469,-3748,-18900,-27344,-17267,-44322,1
2022-10-04 06:00:00,97354,241448,3294,20624,11993,38311,5479,22355,21492,112540,0,0,1971,4242,11238,15023,7800,51158,-91048,0,-144094,-2271,-3785,-17330,-26318,-16876,-43358,1
2022-10-04 07:00:00,109690,243490,4211,19903,11693,37520,5947,21820,31184,114184,0,0,2344,4316,11018,14807,7632,45871,-83000,0,-133800,-1972,-3789,-15692,-25827,-15873,-38239,1
2022-10-04 08:00:00,128517,245703,5311,19483,12431,36880,6505,22001,40392,114836,0,0,3138,4365,10853,14761,7834,40270,-74444,0,-117186,-1227,-3908,-14172,-24449,-15496,-32436,1
2022-10-04 09:00:00,154762,249108,5756,18840,13415,35056,7124,22068,50708,115268,0,0,3721,4456,10593,14050,7880,36225,-64560,0,-94346,-735,-3457,-13084,-21641,-14944,-28345,1
2022-10-04 10:00:00,188807,247478,5958,18745,14031,34863,7331,21823,57144,117172,0,0,3995,4453,10682,13740,8442,34076,-60028,0,-58671,-458,-3058,-12787,-20832,-14492,-25634,1
2022-10-04 11:00:00,204130,242471,5668,18573,13088,35910,6877,21405,60744,116896,0,0,3941,4283,10906,13865,9482,34623,-56152,0,-38341,-342,-2959,-12905,-22822,-14528,-25141,1
2022-10-04 12:00:00,198733,238247,4742,18898,11639,36534,6113,21476,60816,114500,0,0,3740,3961,11197,13793,10418,34938,-53684,0,-39514,-221,-2596,-14156,-24895,-15363,-24520,1
2022-10-04 13:00:00,175473,233813,3844,19506,10199,36588,4508,21380,61032,113024,0,0,3531,3680,11714,13883,11656,39026,-51992,0,-58340,-149,-2169,-15662,-26389,-16872,-27370,1
2022-10-04 14:00:00,138018,228641,2550,20219,8232,35669,2761,21448,58940,112548,0,0,3729,3949,12035,14215,11814,45913,-53608,0,-90623,-220,-2180,-17669,-27437,-18687,-34099,1
2022-10-04 15:00:00,111383,230595,1192,20944,7342,35930,2582,22169,51808,113156,0,0,3600,3956,12467,14295,11519,52432,-61348,0,-119212,-356,-1828,-19752,-28588,-19587,-40913,1
2022-10-04 16:00:00,110218,235800,765,22583,9727,38397,3168,23098,37512,113016,0,0,3706,3774,12882,14040,12219,54253,-75504,0,-125582,-68,-1158,-21818,-28670,-19930,-42034,1
2022-10-04 17:00:00,118856,242219,743,22860,7554,36666,3349,22574,26328,116036,0,0,3812,3534,12870,13365,12946,55177,-89708,0,-123363,278,-495,-22117,-29112,-19225,-42231,3
2022-10-04 18:00:00,122457,229982,741,21801,4649,33985,3059,21054,26040,122112,0,0,3464,3577,12734,12590,13186,53177,-96072,0,-107525,-113,144,-21060,-29336,-17995,-39991,4
2022-10-04 19:00:00,126048,217751,739,20261,4001,30739,3103,19318,24712,115136,0,0,3055,3403,12587,11912,13571,50416,-90424,0,-91703,-348,675,-19522,-26738,-16215,-36845,4
2022-10-04 20:00:00,126123,204369,735,19226,3802,28273,3434,17993,21904,103868,0,0,2925,3160,12461,11701,13243,47299,-81964,0,-78246,-235,760,-18491,-24471,-14559,-34056,4
2022-10-04 21:00:00,127872,190975,739,18400,3906,26066,3525,16895,16964,95504,0,0,3039,3144,11286,10919,13881,44559,-78540,0,-63103,-105,367,-17661,-22160,-13370,-30678,4
2022-10-04 22:00:00,136602,182833,739,17355,3885,24694,3486,16311,17132,90872,0,0,3088,2936,11042,10986,13897,42251,-73740,0,-46231,152,56,-16616,-20809,-12825,-28354,3
2022-10-04 23:00:00,142695,177580,776,16462,3883,23997,3542,15976,18740,87144,0,0,3258,2889,10793,10879,13728,40567,-68404,0,-34885,369,-86,-15686,-20114,-12434,-26839,3
2022-10-05 00:00:00,140623,175463,803,15951,4308,23865,3545,16007,20500,84616,0,0,3098,2861,10631,10711,13757,39667,-64116,0,-34840,237,-80,-15148,-19557,-12462,-25910,3
2022-10-05 01:00:00,139152,177732,793,15948,4368,23990,3661,16238,21476,83664,0,0,3010,2876,10323,10367,14345,39215,-62188,0,-38580,134,-44,-15155,-19622,-12577,-24870,3
2022-10-05 02:00:00,132723,184356,818,16564,3816,25317,3933,17168,26432,83832,0,0,2975,3052,10734,11031,14488,39350,-57400,0,-51633,-77,-297,-15746,-21501,-13235,-24862,1
2022-10-05 03:00:00,124494,200181,848,18357,4094,29830,4270,19728,27280,87280,0,0,3401,3455,12232,13168,14813,41090,-60000,0,-75687,-54,-936,-17509,-25736,-15458,-26277,1
2022-10-05 04:00:00,133074,229903,990,20890,7349,34432,4564,21362,27996,97724,0,0,3683,3848,13062,14218,15233,45487,-69728,0,-96829,-165,-1156,-19900,-27083,-16798,-30254,1
2022-10-05 05:00:00,147436,246634,2062,20917,10340,38086,5226,22076,27272,109728,0,0,3976,4055,12990,14435,15598,50914,-82456,0,-99198,-79,-1445,-18855,-27746,-16850,-35316,1
2022-10-05 06:00:00,160284,254938,3927,20017,11010,39393,5574,22126,26188,112252,0,0,4305,4058,12679,14411,16062,53362,-86064,0,-94654,247,-1732,-16090,-28383,-16552,-37300,3
2022-10-05 07:00:00,171904,256886,5604,18771,11931,38897,5992,21768,36812,114120,0,0,5008,4440,12555,14662,16345,52424,-77308,0,-84982,568,-2107,-13167,-26966,-15776,-36079,3
2022-10-05 08:00:00,189872,260257,6834,17941,12720,38029,6322,21728,47492,114428,0,0,5336,4547,11535,15230,17074,49905,-66936,0,-70385,789,-3695,-11107,-25309,-15406,-32831,3
2022-10-05 09:00:00,215023,260951,7212,17816,13839,36081,6484,21619,53832,115424,0,0,5385,4559,10136,14787,17609,47776,-61592,0,-45928,826,-4651,-10604,-22242,-15135,-30167,3
2022-10-05 10:00:00,239296,259957,7084,17855,13458,35795,6684,21772,60420,116232,0,0,5394,4689,9119,14455,17821,46779,-55812,0,-20661,705,-5336,-10771,-22337,-15088,-28958,3
2022-10-05 11:00:00,245398,253237,6506,17838,12939,36755,5724,21331,62464,116568,0,0,5413,4624,8968,14434,16652,45802,-54104,0,-7839,789,-5466,-11332,-23816,-15607,-29150,3
2022-10-05 12:00:00,240402,250615,5608,18540,11011,37278,5136,21429,65704,115292,0,0,5372,4428,9298,14442,16165,44781,-49588,0,-10213,944,-5144,-12932,-26267,-16293,-28616,3
2022-10-05 13:00:00,220128,247045,4082,19505,9429,37539,4218,21339,65412,112836,0,0,5371,4392,10580,14436,16820,46367,-47424,0,-26917,979,-3856,-15423,-28110,-17121,-29547,3
2022-10-05 14:00:00,184976,241020,2337,20513,6917,36540,3697,21456,62376,112512,0,0,5308,4557,10932,14359,17734,50160,-50136,0,-56044,751,-3427,-18176,-29623,-17759,-32426,3
2022-10-05 15:00:00,166056,238439,1229,21226,7008,36800,4636,22326,56520,112640,0,0,5222,4438,11720,14474,17686,54793,-56120,0,-72383,784,-2754,-19997,-29792,-17690,-37107,3
2022-10-05 16:00:00,166137,241051,1070,22673,8595,39045,5560,23117,41816,111860,0,0,5265,4300,12360,14079,17220,55209,-70044,0,-74914,965,-1719,-21603,-30450,-17557,-37989,3
2022-10-05 17:00:00,176337,249959,1058,22761,6954,37342,5797,22500,32172,115760,0,0,5431,4082,12653,13493,17353,55356,-83588,0,-73622,1349,-840,-21703,-30388,-16703,-38003,3
2022-10-05 18:00:00,177615,240602,1153,21656,3985,34309,5986,20857,36248,121972,0,0,5103,3891,12123,12764,17071,52959,-85724,0,-62987,1212,-641,-20503,-30324,-14871,-35888,3
2022-10-05 19:00:00,183382,226719,1294,20125,3518,31182,5769,19213,40532,114608,0,0,4709,3511,11900,12158,16272,49798,-74076,0,-43337,1198,-258,-18831,-27664,-13444,-33526,3
2022-10-05 20:00:00,179885,212155,1336,19174,3417,28565,5879,17949,40132,103456,0,0,4584,3441,11397,11725,16305,46975,-63324,0,-32270,1143,-328,-17838,-25148,-12070,-30670,3
2022-10-05 21:00:00,175410,197544,1197,18362,4177,25881,5831,16973,42288,95732,0,0,4565,3136,11299,11264,16063,44842,-53444,0,-22134,1429,35,-17165,-21704,-11142,-28779,3
2022-10-05 22:00:00,170818,187809,1120,17371,4421,24430,5736,16236,44424,92380,0,0,3855,3191,11244,11933,16182,42191,-47956,0,-16991,664,-689,-16251,-20009,-10500,-26009,3
2022-10-05 23:00:00,168440,184628,1103,16476,4526,23788,5937,16052,45816,88476,0,0,3129,2992,11154,12187,15240,40482,-42660,0,-16188,137,-1033,-15373,-19262,-10115,-25242,3
2022-10-06 00:00:00,166846,180034,954,15970,4590,23485,6152,16177,45896,86000,0,0,3270,2970,10629,11670,16384,39791,-40104,0,-13188,300,-1041,-15016,-18895,-10025,-23407,3
2022-10-06 01:00:00,164283,180887,801,15978,4753,23863,6074,16383,44816,85300,0,0,3494,3001,10368,11514,15719,39547,-40484,0,-16604,493,-1146,-15177,-19110,-10309,-23828,3
2022-10-06 02:00:00,160363,186526,761,16605,5013,25409,6064,17098,43872,85892,0,0,4695,3279,10753,11521,14990,39842,-42020,0,-26163,1416,-768,-15844,-20396,-11034,-24852,3
2022-10-06 03:00:00,159975,204226,751,18295,3546,29719,6198,19633,43760,89040,0,0,5177,3761,11042,13126,14321,41804,-45280,0,-44251,1416,-2084,-17544,-26173,-13435,-27483,3
2022-10-06 04:00:00,156717,231807,793,20808,5265,34435,6449,21253,44312,99644,0,0,5019,4164,11789,14236,12408,46208,-55332,0,-75090,855,-2447,-20015,-29170,-14804,-33800,3
2022-10-06 05:00:00,165041,246284,1802,20830,9304,37819,7276,22112,44484,110656,0,0,5166,4283,12211,13777,11262,51176,-66172,0,-81243,883,-1566,-19028,-28515,-14836,-39914,3
2022-10-06 06:00:00,168762,253730,3606,20158,10717,38423,8427,22313,43940,114076,0,0,5709,4284,12629,13674,10993,50619,-70136,0,-84968,1425,-1045,-16552,-27706,-13886,-39626,3
2022-10-06 07:00:00,180625,257784,5041,19226,11238,37585,8928,21556,50588,115212,0,0,6183,4418,13112,13744,10957,45932,-64624,0,-77159,1765,-632,-14185,-26347,-12628,-34975,3
2022-10-06 08:00:00,199579,260297,6338,18050,11880,36682,9408,21540,66132,120408,0,0,6480,4534,13450,13634,10499,40546,-54276,0,-60718,1946,-184,-11712,-24802,-12132,-30047,3
2022-10-06 09:00:00,216283,258353,6938,17765,12668,34641,9899,21752,74664,117164,0,0,6556,4539,13555,13723,11463,37388,-42500,0,-42070,2017,-168,-10827,-21973,-11853,-25925,3
2022-10-06 10:00:00,226544,255680,6934,17734,13025,34282,9873,22040,73416,118224,0,0,6540,4560,13624,13613,10846,35069,-44808,0,-29136,1980,11,-10800,-21257,-12167,-24223,3
2022-10-06 11:00:00,223530,249153,6131,18048,12057,34899,9281,21501,74320,118340,0,0,6278,4517,13653,13458,10528,34295,-44020,0,-25623,1761,195,-11917,-22842,-12220,-23767,3
2022-10-06 12:00:00,213929,244685,4995,18951,10285,35629,8390,21645,72936,116200,0,0,6212,4305,13710,13611,11196,35023,-43264,0,-30756,1907,99,-13956,-25344,-13255,-23827,3
2022-10-06 13:00:00,190426,239912,3558,19737,7961,35850,6447,21491,70292,113480,0,0,5851,4273,13700,14245,13200,38105,-43188,0,-49486,1578,-545,-16179,-27889,-15044,-24905,3
2022-10-06 14:00:00,151006,235211,1911,20626,6045,35597,4333,21460,67052,113440,0,0,5227,4504,13867,14626,13284,43187,-46388,0,-84205,723,-759,-18715,-29552,-17127,-29903,3
2022-10-06 15:00:00,120041,236002,950,21241,6141,36187,4011,22386,61160,113396,0,0,4945,4466,13764,14749,11755,49822,-52236,0,-115961,479,-985,-20291,-30046,-18375,-38067,3
2022-10-06 16:00:00,113959,241997,695,22727,10311,38579,4430,23190,48428,112784,0,0,5086,4185,13749,14249,11111,53316,-64356,0,-128038,901,-500,-22032,-28268,-18760,-42205,3
2022-10-06 17:00:00,115355,246673,682,22738,6322,36663,4272,22637,40596,116804,0,0,4778,4031,13625,13653,10611,55414,-76208,0,-131318,747,-28,-22056,-30341,-18365,-44803,3
2022-10-06 18:00:00,113620,234266,688,21616,4873,34063,3927,21077,42808,121968,0,0,4599,3765,13300,13215,10759,53610,-79160,0,-120646,834,85,-20928,-29190,-17150,-42851,3
2022-10-06 19:00:00,106964,219222,687,20007,4312,30970,3503,19389,40912,114816,0,0,4762,3488,12914,12530,11134,50348,-73904,0,-112258,1274,384,-19320,-26658,-15886,-39214,3
2022-10-06 20:00:00,101303,204951,683,19110,4717,28307,3211,18120,37672,103940,0,0,4636,3281,12277,11813,11616,47027,-66268,0,-103648,1355,464,-18427,-23590,-14909,-35411,3
2022-10-06 21:00:00,96482,190759,681,18352,4562,26412,2851,17040,34524,96800,0,0,4504,3152,11012,11176,11870,44214,-62276,0,-94277,1352,-164,-17671,-21850,-14189,-32344,3
2022-10-06 22:00:00,93807,181183,669,17309,4318,24931,2463,16565,30776,92700,0,0,4144,3188,10237,10717,12314,41552,-61924,0,-87376,956,-480,-16640,-20613,-14102,-29238,3
2022-10-06 23:00:00,93975,174921,673,16359,3969,24317,2137,16215,29724,88800,0,0,4082,3191,10162,10553,12344,40077,-59076,0,-80946,891,-391,-15686,-20348,-14078,-27733,3
2022-10-07 00:00:00,96745,172092,674,15896,4075,24105,2016,16228,28436,86100,0,0,3775,3108,10139,10362,12158,39296,-57664,0,-75347,667,-223,-15222,-20030,-14212,-27138,3
2022-10-07 01:00:00,99174,174433,672,15804,4733,24339,2123,16586,27744,84436,0,0,3887,3114,10400,10352,12401,38831,-56692,0,-75259,773,48,-15132,-19606,-14463,-26430,3
2022-10-07 02:00:00,97235,180744,678,16338,4257,25687,2175,17388,25364,84724,0,0,4200,3317,11139,10869,11912,39101,-59360,0,-83509,883,270,-15660,-21430,-15213,-27189,3
2022-10-07 03:00:00,97699,198195,690,17945,4730,30203,2488,19795,23520,86692,0,0,4678,3768,12284,12577,11842,40893,-63172,0,-100496,910,-293,-17255,-25473,-17307,-29051,3
2022-10-07 04:00:00,114390,227478,726,20475,7379,34085,3441,21443,21900,98548,0,0,4863,4170,12823,13459,11691,45073,-76648,0,-113088,693,-636,-19749,-26706,-18002,-33382,3
2022-10-07 05:00:00,127309,242799,1524,20709,9990,36993,5157,22200,23716,110396,0,0,5029,4245,13025,13738,12302,50740,-86680,0,-115490,784,-713,-19185,-27003,-17043,-38438,3
2022-10-07 06:00:00,135227,250589,3755,19654,11797,38014,6058,22037,25552,112652,0,0,5227,4418,12767,13565,12157,51017,-87100,0,-115362,809,-798,-15899,-26217,-15979,-38860,3
2022-10-07 07:00:00,146322,252154,5762,18499,12094,37039,6651,21327,33008,114424,0,0,5558,4471,12826,13837,13005,47549,-81416,0,-105832,1087,-1011,-12737,-24945,-14676,-34544,3
2022-10-07 08:00:00,164818,254983,7122,17483,12665,36846,7896,21174,45128,115644,0,0,5879,4430,12779,13228,12878,44034,-70516,0,-90165,1449,-449,-10361,-24181,-13278,-31156,3
2022-10-07 09:00:00,195652,256630,7803,17050,12723,35103,9008,21054,53096,116252,0,0,6013,4329,12515,12731,13632,41674,-63156,0,-60978,1684,-216,-9247,-22380,-12046,-28042,3
2022-10-07 10:00:00,220911,254440,7802,17054,12406,34764,8597,20872,59492,117536,0,0,6099,4250,12617,12617,14220,39788,-58044,0,-33529,1849,0,-9252,-22358,-12275,-25568,3
2022-10-07 11:00:00,217055,248423,7318,17016,11630,35210,7473,20622,60828,117280,0,0,6019,4086,12571,12654,14585,39266,-56452,0,-31368,1933,-83,-9698,-23580,-13149,-24681,3
2022-10-07 12:00:00,199804,239477,6319,17608,10158,35682,6121,21006,60700,114680,0,0,5806,3972,12394,12968,15332,40089,-53980,0,-39673,1834,-574,-11289,-25524,-14885,-24757,3
2022-10-07 13:00:00,166359,232886,4734,18756,8432,36240,4255,21258,61544,111520,0,0,5463,4014,12121,13005,15423,42565,-49976,0,-66527,1449,-884,-14022,-27808,-17003,-27142,3
2022-10-07 14:00:00,130791,226328,2668,19799,6934,35980,2732,21244,58016,110660,0,0,5207,4221,12073,12877,15010,46745,-52644,0,-95537,986,-804,-17131,-29046,-18512,-31735,3
2022-10-07 15:00:00,109228,229485,1125,20445,6480,36346,2929,21989,52288,110576,0,0,5076,4195,12048,12843,14260,51799,-58288,0,-120257,881,-795,-19320,-29866,-19060,-37539,3
2022-10-07 16:00:00,109449,235019,925,21769,9440,38532,3622,22485,40704,109920,0,0,4930,4023,12094,12978,14330,52831,-69216,0,-125570,907,-884,-20844,-29092,-18863,-38501,3
2022-10-07 17:00:00,114563,236659,1090,21850,6775,36420,3703,21760,31908,113056,0,0,4942,3741,11712,12744,14905,53623,-81148,0,-122096,1201,-1032,-20760,-29645,-18057,-38718,3
2022-10-07 18:00:00,110997,221112,1080,20943,4174,33709,3783,20251,33564,117832,0,0,4556,3498,11012,12241,15301,51450,-84268,0,-110115,1058,-1229,-19863,-29535,-16468,-36149,3
2022-10-07 19:00:00,115935,206779,1044,19654,3279,30869,3831,18878,33152,111508,0,0,4142,3275,10166,11590,15831,48463,-78356,0,-90844,867,-1424,-18610,-27590,-15047,-32632,3
2022-10-07 20:00:00,118502,195259,1089,18863,3049,28570,3662,17647,32316,101708,0,0,3798,3087,9397,10650,15902,45574,-69392,0,-76757,711,-1253,-17774,-25521,-13985,-29672,3
2022-10-07 21:00:00,124171,182815,1082,18131,3154,26391,3305,16535,29676,94724,0,0,3507,2994,9307,10495,14051,43382,-65048,0,-58644,513,-1188,-17049,-23237,-13230,-29331,3
2022-10-07 22:00:00,123795,174105,1032,17209,2958,24980,3068,15741,27412,91268,0,0,3097,2835,9054,9950,11910,40878,-63856,0,-50310,262,-896,-16177,-22022,-12673,-28968,3
2022-10-07 23:00:00,125674,167806,983,16231,3183,24052,3081,15482,26048,87040,0,0,2951,2748,8863,9655,10443,39345,-60992,0,-42132,203,-792,-15248,-20869,-12401,-28902,3
2022-10-08 00:00:00,124194,164294,932,15616,2936,23652,3048,15422,27676,83860,0,0,2746,2691,9053,9710,9545,38927,-56184,0,-40100,55,-657,-14684,-20716,-12374,-29382,3
2022-10-08 01:00:00,123285,164728,882,15410,2868,23441,2909,15466,27816,81856,0,0,2581,2677,9162,9718,9809,38615,-54040,0,-41443,-96,-556,-14528,-20573,-12557,-28806,1
2022-10-08 02:00:00,116546,165386,803,15587,2914,23794,2819,15643,29808,80940,0,0,2470,2715,9304,10184,9536,38310,-51132,0,-48840,-245,-880,-14784,-20880,-12824,-28774,1
2022-10-08 03:00:00,110190,168411,829,16035,3431,25601,2753,16345,32456,80024,0,0,2274,2970,9565,10685,10288,38449,-47568,0,-58221,-696,-1120,-15206,-22170,-13592,-28161,1
2022-10-08 04:00:00,106566,176930,867,17074,5252,27530,2973,17227,35328,82812,0,0,2354,3090,10013,10732,10829,40129,-47484,0,-70364,-736,-719,-16207,-22278,-14254,-29300,1
2022-10-08 05:00:00,112122,186206,1813,17657,7109,29339,4026,18528,36508,87280,0,0,2405,3330,10464,10935,11784,42581,-50772,0,-74084,-925,-471,-15844,-22230,-14502,-30797,1
2022-10-08 06:00:00,123215,200252,3762,17468,8624,30231,4889,19108,36020,90640,0,0,2497,3469,10531,11426,11625,42521,-54620,0,-77037,-972,-895,-13706,-21607,-14219,-30896,1
2022-10-08 07:00:00,138430,208529,5422,16843,10149,29870,5331,19128,46608,96492,0,0,2906,3540,10810,11666,11012,39088,-49884,0,-70099,-634,-856,-11421,-19721,-13797,-28076,1
2022-10-08 08:00:00,158435,215097,6405,16314,11293,28918,6023,19159,68524,99452,0,0,3193,3489,10770,11199,11099,35664,-30928,0,-56662,-296,-429,-9909,-17625,-13136,-24565,1
2022-10-08 09:00:00,190954,220763,6721,16091,12204,28170,6702,19038,86568,100064,0,0,3619,3489,10877,10642,10862,34077,-13496,0,-29809,130,235,-9370,-15966,-12336,-23215,4
2022-10-08 10:00:00,204184,219177,6454,16031,12923,26738,6666,18780,90040,100764,0,0,4108,3511,11079,10636,10394,32106,-10724,0,-14993,597,443,-9577,-13815,-12114,-21712,3
2022-10-08 11:00:00,207102,211703,5670,16188,13167,26118,5820,18204,86600,101864,0,0,4273,3538,11229,11046,8846,30871,-15264,0,-4601,735,183,-10518,-12951,-12384,-22025,3
2022-10-08 12:00:00,200597,206756,4555,16704,12573,26795,4939,18291,81412,98628,0,0,4438,3572,11252,11219,7878,30984,-17216,0,-6159,866,33,-12149,-14222,-13352,-23106,3
2022-10-08 13:00:00,180983,204854,3279,17354,10431,27265,4115,18422,79400,94324,0,0,4337,3595,11147,11282,7223,32818,-14924,0,-23871,742,-135,-14075,-16834,-14307,-25595,3
2022-10-08 14:00:00,147380,202394,1841,18087,5653,27967,3695,18618,77836,93396,0,0,3869,3810,11259,12016,6758,37294,-15560,0,-55014,59,-757,-16246,-22314,-14923,-30536,3
2022-10-08 15:00:00,120945,203348,920,18687,5815,29665,4137,19489,72824,93764,0,0,3580,3785,11738,12363,6020,44399,-20940,0,-82403,-205,-625,-17767,-23850,-15352,-38379,1
2022-10-08 16:00:00,117630,209445,728,20213,9130,32143,4559,19768,55356,94192,0,0,3558,3712,11821,11999,4842,48569,-38836,0,-91815,-154,-178,-19485,-23013,-15209,-43727,1
2022-10-08 17:00:00,117081,211255,734,20283,7034,30434,4478,19192,35188,98008,0,0,3481,3510,11675,11784,3394,49572,-62820,0,-94174,-29,-109,-19549,-23400,-14714,-46178,1
2022-10-08 18:00:00,107637,198817,730,19246,4679,28105,4160,18144,34424,103180,0,0,3328,3337,11421,11265,2863,47832,-68756,0,-91180,-9,156,-18516,-23426,-13984,-44969,4
2022-10-08 19:00:00,97312,189196,734,18013,3457,26301,3981,16963,32940,99340,0,0,3082,3167,10969,10988,2300,45790,-66400,0,-91884,-85,-19,-17279,-22844,-12982,-43490,1
2022-10-08 20:00:00,86451,179789,780,16976,3207,24540,3869,15699,30908,92076,0,0,2845,3027,10396,10823,1883,43895,-61168,0,-93338,-182,-427,-16196,-21333,-11830,-42012,1
2022-10-08 21:00:00,79754,168259,937,16120,3437,23020,3851,14733,29860,86128,0,0,2613,2832,10113,10965,1480,42113,-56268,0,-88505,-219,-852,-15183,-19583,-10882,-40633,1
2022-10-08 22:00:00,75312,159367,1007,15196,3124,21646,3829,14147,24720,82032,0,0,2423,2725,9877,10716,1523,40453,-57312,0,-84055,-302,-839,-14189,-18522,-10318,-38930,1
2022-10-08 23:00:00,71535,153981,1051,14480,3048,20875,3648,13830,23596,78256,0,0,2203,2656,9720,10542,1854,38948,-54660,0,-82446,-453,-822,-13429,-17827,-10182,-37094,1
2022-10-09 00:00:00,68253,149784,1124,14031,3053,20616,3681,13566,25800,75112,0,0,1974,2607,9652,10557,1880,38299,-49312,0,-81531,-633,-905,-12907,-17563,-9885,-36419,1
2022-10-09 01:00:00,66284,149398,1293,13860,3049,20415,3568,13576,28204,73712,0,0,1698,2611,9746,10721,1510,37852,-45508,0,-83114,-913,-975,-12567,-17366,-10008,-36342,1
2022-10-09 02:00:00,61586,149754,1314,14067,3692,20898,3246,13712,29180,72800,0,0,1470,2653,9969,10845,1497,37674,-43620,0,-88168,-1183,-876,-12753,-17206,-10466,-36177,1
2022-10-09 03:00:00,54708,150764,1346,14450,3603,21654,3057,14192,28260,73092,0,0,1275,2792,10152,11324,1794,37527,-44832,0,-96056,-1517,-1172,-13104,-18051,-11135,-35733,1
2022-10-09 04:00:00,52863,152602,1367,15190,3871,22196,2958,14594,27336,74900,0,0,1170,2981,10055,11484,2442,38290,-47564,0,-99739,-1811,-1429,-13823,-18325,-11636,-35848,1
2022-10-09 05:00:00,59682,158599,1969,15983,5253,23262,3539,15595,25428,76840,0,0,1241,3168,10247,12004,3356,39980,-51412,0,-98917,-1927,-1757,-14014,-18009,-12056,-36624,1
2022-10-09 06:00:00,82806,173352,3484,16364,7860,24904,3961,16428,27556,77988,0,0,1461,3212,10336,12408,4300,39104,-50432,0,-90546,-1751,-2072,-12880,-17044,-12467,-34804,1
2022-10-09 07:00:00,114086,183659,5363,15938,8792,25316,4465,16581,36436,83516,0,0,1637,3136,10280,12457,4776,35202,-47080,0,-69573,-1499,-2177,-10575,-16524,-12116,-30426,1
2022-10-09 08:00:00,143792,191618,6741,15495,9521,25944,5372,16711,53148,87680,0,0,1896,3012,10099,11919,4877,31268,-34532,0,-47826,-1116,-1820,-8754,-16423,-11339,-26391,1
2022-10-09 09:00:00,174923,197301,6954,15238,9781,26266,5693,16736,62828,89352,0,0,2332,3058,10340,11589,5281,28299,-26524,0,-22378,-726,-1249,-8284,-16485,-11043,-23018,1
2022-10-09 10:00:00,193950,192785,6646,15053,9435,24855,5681,16943,65696,90904,0,0,2599,3273,10555,11610,5503,26233,-25208,0,1165,-674,-1055,-8407,-15420,-11262,-20730,2
2022-10-09 11:00:00,192828,185515,6270,15012,9322,24103,5106,16477,65640,93048,0,0,2713,3292,10724,11465,5023,25352,-27408,0,7313,-579,-741,-8742,-14781,-11371,-20329,2
2022-10-09 12:00:00,175581,180737,5442,15191,10479,24599,4410,16375,69620,90144,0,0,2685,3203,10793,11290,4422,26161,-20524,0,-5156,-518,-497,-9749,-14120,-11965,-21739,1
2022-10-09 13:00:00,147736,177475,4023,16056,8047,24740,2867,16491,70724,86656,0,0,2548,3360,10948,11991,3993,29025,-15932,0,-29739,-812,-1043,-12033,-16693,-13624,-25032,1
2022-10-09 14:00:00,107519,176094,2278,17191,5352,25253,1748,17195,67760,85492,0,0,2214,3752,10995,12895,4015,34575,-17732,0,-68575,-1538,-1900,-14913,-19901,-15447,-30560,1
2022-10-09 15:00:00,89655,184577,960,18160,6113,27001,1455,18552,58780,85988,0,0,1991,3824,11132,13539,4141,42957,-27208,0,-94922,-1833,-2407,-17200,-20888,-17097,-38816,1
2022-10-09 16:00:00,100541,195662,767,19952,7289,29523,1754,19274,38072,87836,0,0,2173,3748,11233,13152,4166,48094,-49764,0,-95121,-1575,-1919,-19185,-22234,-17520,-43928,1
2022-10-09 17:00:00,115017,198522,769,20155,5515,28646,1754,18833,26028,94032,0,0,2578,3530,11137,12408,4917,49324,-68004,0,-83505,-952,-1271,-19386,-23131,-17079,-44407,1
2022-10-09 18:00:00,124770,192821,754,19211,3915,26963,1575,17819,27784,101420,0,0,2869,3604,11238,11909,6737,47643,-73636,0,-68051,-735,-671,-18457,-23048,-16244,-40906,1
2022-10-09 19:00:00,132717,189766,749,17765,3437,25152,1609,16785,27748,98808,0,0,2908,3472,11201,11584,8021,45611,-71060,0,-57049,-564,-383,-17016,-21715,-15176,-37590,1
2022-10-09 20:00:00,133991,187095,748,16610,3428,23290,2194,15715,29536,92672,0,0,2978,3336,10904,11088,9023,43470,-63136,0,-53104,-358,-184,-15862,-19862,-13521,-34447,1
2022-10-09 21:00:00,140645,177150,881,15588,3750,21524,2814,14956,27216,86236,0,0,2814,3174,10711,10854,9332,41063,-59020,0,-36505,-360,-143,-14707,-17774,-12142,-31731,1
2022-10-09 22:00:00,145854,172648,1005,14810,3794,20624,3115,14596,23436,82308,0,0,2578,3129,10465,10816,9933,39542,-58872,0,-26794,-551,-351,-13805,-16830,-11481,-29609,1
2022-10-09 23:00:00,144252,169246,1069,14299,4179,20156,3278,14498,27236,78780,0,0,2415,3120,10192,10864,9509,38172,-51544,0,-24994,-705,-672,-13230,-15977,-11220,-28663,1
2022-10-10 00:00:00,140902,168124,1250,13971,4126,20040,3497,14576,32284,76488,0,0,2673,3036,9993,10923,10004,37534,-44204,0,-27222,-363,-930,-12721,-15914,-11079,-27530,1
2022-10-10 01:00:00,137665,171232,1202,14103,3625,20398,3794,14970,32828,75580,0,0,2751,3044,10053,10893,9689,37569,-42752,0,-33567,-293,-840,-12901,-16773,-11176,-27880,1
2022-10-10 02:00:00,131864,179288,1088,14827,3728,22298,3938,16123,32608,76152,0,0,3000,3243,10542,11167,9331,38132,-43544,0,-47424,-243,-625,-13739,-18570,-12185,-28801,1
2022-10-10 03:00:00,122263,197157,1074,16918,3758,27572,4394,19119,26532,81024,0,0,3487,3746,11667,12628,8158,40367,-54492,0,-74894,-259,-961,-15844,-23814,-14725,-32209,1
2022-10-10 04:00:00,113870,226365,1173,19854,5436,32504,5549,21188,20572,93244,0,0,3711,4110,12014,13653,7547,45222,-72672,0,-112495,-399,-1639,-18681,-27068,-15639,-37675,1
2022-10-10 05:00:00,127341,243997,2099,20225,8319,36555,6735,22042,20340,105804,0,0,3720,4084,12365,13654,7024,51165,-85464,0,-116656,-364,-1289,-18126,-28236,-15307,-44141,1
2022-10-10 06:00:00,133308,253027,3822,19528,8879,37943,7500,21811,21768,109744,0,0,3896,4142,12415,13643,6469,51311,-87976,0,-119719,-246,-1228,-15706,-29064,-14311,-44842,1
2022-10-10 07:00:00,139789,254800,5535,18418,8597,37915,8590,21070,26204,112704,0,0,4018,4252,12519,13831,6010,47394,-86500,0,-115011,-234,-1312,-12883,-29318,-12480,-41384,1
2022-10-10 08:00:00,149448,255886,6775,17592,8734,37836,9585,20971,31520,113780,0,0,4345,4237,12446,13282,6903,45072,-82260,0,-106438,108,-836,-10817,-29102,-11386,-38169,3
2022-10-10 09:00:00,159344,256522,7347,17274,8121,35682,9681,20854,35764,114808,0,0,4383,4284,12187,12623,7258,44237,-79044,0,-97178,99,-436,-9927,-27561,-11173,-36979,3
2022-10-10 10:00:00,177746,253393,7288,17283,8275,35241,9366,20976,40020,116068,0,0,4039,4279,12021,12556,7685,45266,-76048,0,-75647,-240,-535,-9995,-26966,-11610,-37581,1
2022-10-10 11:00:00,184429,249253,6730,17381,6853,35382,8658,20565,41664,115424,0,0,3456,4157,12010,12640,9527,47667,-73760,0,-64824,-701,-630,-10651,-28529,-11907,-38140,1
2022-10-10 12:00:00,175478,243963,5289,18387,6270,35642,7548,21020,42856,112684,0,0,2924,4022,11924,12826,10363,50023,-69828,0,-68485,-1098,-902,-13098,-29372,-13472,-39660,1
2022-10-10 13:00:00,150519,240699,3501,19508,6177,36024,5962,21240,40724,110464,0,0,2603,4005,11872,13477,11696,51645,-69740,0,-90180,-1402,-1605,-16007,-29847,-15278,-39949,1
2022-10-10 14:00:00,125657,237846,2124,20294,5447,35344,5056,21285,37244,110420,0,0,2487,4353,12078,13984,10545,50795,-73176,0,-112189,-1866,-1906,-18170,-29897,-16229,-40250,1
2022-10-10 15:00:00,116455,242358,1127,20926,5883,35711,5501,22271,33104,110132,0,0,2744,4298,12231,13979,10286,53263,-77028,0,-125903,-1554,-1748,-19799,-29828,-16770,-42977,1
2022-10-10 16:00:00,120645,249716,1010,22358,8762,37895,5875,22955,26420,109640,0,0,2980,4202,12133,13807,9463,54894,-83220,0,-129071,-1222,-1674,-21348,-29133,-17080,-45431,1
2022-10-10 17:00:00,118149,248462,1017,22238,6315,35960,5851,22297,22000,115068,0,0,3451,3901,11720,13502,8797,55648,-93068,0,-130313,-450,-1782,-21221,-29645,-16446,-46851,1
2022-10-10 18:00:00,110907,233846,981,21130,3982,33243,5262,20788,22664,119708,0,0,3897,3734,11050,12973,8186,53136,-97044,0,-122939,163,-1923,-20149,-29261,-15526,-44950,3
2022-10-10 19:00:00,111273,220328,966,19807,3534,30049,5013,19155,20560,112860,0,0,4073,3605,10205,12530,7526,50211,-92300,0,-109055,468,-2325,-18841,-26515,-14142,-42685,3
2022-10-10 20:00:00,107351,205597,956,18882,3392,27325,4840,17866,19368,102156,0,0,4081,3355,9349,11491,6395,47113,-82788,0,-98246,726,-2142,-17926,-23933,-13026,-40718,3
2022-10-10 21:00:00,108074,192680,933,18064,3554,25213,4570,16856,17088,94192,0,0,3628,3356,8678,11057,5450,44465,-77104,0,-84606,272,-2379,-17131,-21659,-12286,-39015,3
2022-10-10 22:00:00,115092,183038,877,17058,3847,23969,4473,16410,14756,89740,0,0,4148,3229,8301,10983,4535,42284,-74984,0,-67946,919,-2682,-16181,-20122,-11937,-37749,3
2022-10-10 23:00:00,113768,177817,797,16165,3991,23187,4567,16109,11868,85880,0,0,4221,3150,8039,10853,3792,40810,-74012,0,-64049,1071,-2814,-15368,-19196,-11542,-37018,3
2022-10-11 00:00:00,106539,173597,774,15652,4142,22994,4599,16152,11304,83076,0,0,4204,3000,7939,10770,3089,40045,-71772,0,-67058,1204,-2831,-14878,-18852,-11553,-36956,3
2022-10-11 01:00:00,104946,175344,752,15653,4264,23341,4506,16599,11772,81656,0,0,4110,2996,7867,10970,2424,39787,-69884,0,-70398,1114,-3103,-14901,-19077,-12093,-37363,3
2022-10-11 02:00:00,97455,182315,738,16316,4468,24834,4132,17416,13308,82428,0,0,3957,3202,8433,11218,2247,40184,-69120,0,-84860,755,-2785,-15578,-20366,-13284,-37937,3
2022-10-11 03:00:00,81222,197217,740,18001,4753,29374,3877,19935,16172,85560,0,0,4056,3672,9884,12692,1760,41892,-69388,0,-115995,384,-2808,-17261,-24621,-16058,-40132,3
2022-10-11 04:00:00,81214,227210,754,20736,6161,34013,4028,21537,18368,96220,0,0,3943,4196,10778,13619,1959,46635,-77852,0,-145996,-253,-2841,-19982,-27852,-17509,-44676,1
2022-10-11 05:00:00,89642,245030,1130,21088,9229,37600,4609,22417,17172,107924,0,0,3901,4300,11533,13963,2005,52982,-90752,0,-155388,-399,-2430,-19958,-28371,-17808,-50977,1
2022-10-11 06:00:00,96380,250821,2155,20589,10916,38621,5231,22477,20452,111928,0,0,4055,4274,11601,13802,1732,53090,-91476,0,-154441,-219,-2201,-18434,-27705,-17246,-51358,1
2022-10-11 07:00:00,102076,250983,3452,19952,12131,38228,5906,21965,27400,113936,0,0,4429,4289,11606,13547,2074,48391,-86536,0,-148907,140,-1941,-16500,-26097,-16059,-46317,3
2022-10-11 08:00:00,116530,255787,4564,19281,12538,37240,6715,21959,36768,114728,0,0,5203,4558,11814,13243,2204,42230,-77960,0,-139257,645,-1429,-14717,-24702,-15244,-40026,3
2022-10-11 09:00:00,135640,259659,5278,18674,12533,35109,7304,21952,41892,114928,0,0,5089,4240,11717,12954,2481,37868,-73036,0,-124019,849,-1237,-13396,-22576,-14648,-35387,3
2022-10-11 10:00:00,151499,257637,5379,18782,12154,34728,7373,21718,47276,115920,0,0,4460,3842,11823,13032,2593,35440,-68644,0,-106138,618,-1209,-13403,-22574,-14345,-32847,3
2022-10-11 11:00:00,148403,251042,4938,18726,11103,35013,6967,21239,46108,115544,0,0,4282,4313,11545,12708,2286,36209,-69436,0,-102639,-31,-1163,-13788,-23910,-14272,-33923,1
2022-10-11 12:00:00,130712,244852,4130,19250,10144,35945,5882,21186,47296,112728,0,0,3804,4045,11548,13113,2181,37606,-65432,0,-114140,-241,-1565,-15120,-25801,-15304,-35425,1
2022-10-11 13:00:00,106113,237003,3012,19969,8572,36500,4651,21634,47580,110064,0,0,3395,3991,11494,13386,1917,40306,-62484,0,-130890,-596,-1892,-16957,-27928,-16983,-38389,1
2022-10-11 14:00:00,75721,234185,1755,20648,6132,35381,2650,21827,45588,109428,0,0,2814,4284,11702,14163,1417,45074,-63840,0,-158464,-1470,-2461,-18893,-29249,-19177,-43657,1
2022-10-11 15:00:00,57805,234688,929,21215,6316,36052,2940,22854,38680,109388,0,0,2302,4253,11888,14554,1055,51735,-70708,0,-176883,-1951,-2666,-20286,-29736,-19914,-50680,1
2022-10-11 16:00:00,59569,240720,821,22549,11488,38336,3273,23410,28280,108680,0,0,1987,4088,12418,14382,797,54950,-80400,0,-181151,-2101,-1964,-21728,-26848,-20137,-54153,1
2022-10-11 17:00:00,61307,241848,823,22373,6118,36225,3371,22835,25632,112792,0,0,1958,3830,11797,13658,675,55637,-87160,0,-180541,-1872,-1861,-21550,-30107,-19464,-54962,1
2022-10-11 18:00:00,54248,226922,824,21173,4213,33448,2818,21185,27852,116416,0,0,1704,3656,11524,13169,603,53010,-88564,0,-172674,-1952,-1645,-20349,-29235,-18367,-52407,1
2022-10-11 19:00:00,42938,211650,821,19677,3717,30476,2382,19699,26740,110116,0,0,1646,3425,10805,12734,596,50030,-83376,0,-168712,-1779,-1929,-18856,-26759,-17317,-49434,1
2022-10-11 20:00:00,38558,197319,820,18757,3631,27885,2230,18381,24012,99616,0,0,1443,3208,9962,12370,609,46983,-75604,0,-158761,-1765,-2408,-17937,-24254,-16151,-46374,1
2022-10-11 21:00:00,35973,182585,809,18017,3446,25584,2026,17403,20736,92120,0,0,1570,3078,10038,12127,777,44124,-71384,0,-146612,-1508,-2089,-17208,-22138,-15377,-43347,1
2022-10-11 22:00:00,41788,174653,784,17107,4135,24265,1835,16933,20256,88088,0,0,1676,2990,9794,11828,907,41901,-67832,0,-132865,-1314,-2034,-16323,-20130,-15098,-40994,1
2022-10-11 23:00:00,50755,169591,786,16207,4559,23664,1737,16579,18684,83656,0,0,1558,2976,9627,11349,1018,40267,-64972,0,-118836,-1418,-1722,-15421,-19105,-14842,-39249,1
2022-10-12 00:00:00,53534,167396,813,15652,4719,23428,1571,16677,17160,80532,0,0,1554,2963,9868,11668,1006,39523,-63372,0,-113862,-1409,-1800,-14839,-18709,-15106,-38517,1
2022-10-12 01:00:00,53806,170409,756,15577,4871,23701,1358,16918,18304,78756,0,0,1684,3000,10040,12069,1145,39229,-60452,0,-116603,-1316,-2029,-14821,-18830,-15560,-38084,1
2022-10-12 02:00:00,49621,177609,753,16206,3744,25066,1166,17702,20088,78244,0,0,1635,3185,10976,12646,1327,39531,-58156,0,-127988,-1550,-1670,-15453,-21322,-16536,-38204,1
2022-10-12 03:00:00,40829,193165,749,17889,3651,29482,1169,20412,20588,77244,0,0,1441,3751,11277,13855,1327,41416,-56656,0,-152336,-2310,-2578,-17140,-25831,-19243,-40089,1
2022-10-12 04:00:00,48892,222895,779,20605,6373,33967,1742,21887,20660,78792,0,0,1456,4171,11378,14893,1395,46450,-58132,0,-174003,-2715,-3515,-19826,-27594,-20145,-45055,1
2022-10-12 05:00:00,61632,239380,1183,21054,8804,37228,2841,22879,22416,81568,0,0,1498,4310,11092,14596,1620,52574,-59152,0,-177748,-2812,-3504,-19871,-28424,-20038,-50954,1
2022-10-12 06:00:00,70480,245576,2137,20748,9866,38096,3803,22783,23580,83240,0,0,1600,4284,10659,14329,2044,53702,-59660,0,-175096,-2684,-3670,-18611,-28230,-18980,-51658,1
2022-10-12 07:00:00,89411,247784,3188,20168,10219,37293,4603,21741,34788,88396,0,0,1887,4454,10295,14531,2357,49653,-53608,0,-158373,-2567,-4236,-16980,-27074,-17138,-47296,1
2022-10-12 08:00:00,108700,249614,4054,19681,11061,36592,5389,21623,52336,91864,0,0,2170,4438,10134,14113,2786,42889,-39528,0,-140914,-2268,-3979,-15627,-25531,-16234,-40103,1
2022-10-12 09:00:00,121459,251253,4579,19448,11420,34763,5534,21563,66288,92612,0,0,2509,4388,10186,13874,3009,37731,-26324,0,-129794,-1879,-3688,-14869,-23343,-16029,-34722,1
2022-10-12 10:00:00,133120,248613,4323,19520,11536,34582,4684,21580,67940,92980,0,0,2979,4477,10164,13030,3433,35365,-25040,0,-115493,-1498,-2866,-15197,-23046,-16896,-31932,1
2022-10-12 11:00:00,134453,243401,4041,19310,10537,35679,4084,21763,68276,94668,0,0,3214,4550,10368,12862,3536,37101,-26392,0,-108948,-1336,-2494,-15269,-25142,-17679,-33565,1
2022-10-12 12:00:00,124346,237717,3590,19684,8371,35979,3075,21776,67180,92040,0,0,2918,4345,10395,12892,3686,40545,-24860,0,-113371,-1427,-2497,-16094,-27608,-18701,-36859,1
2022-10-12 13:00:00,106201,233069,2560,20232,6433,36184,1937,21982,66248,88280,0,0,2685,4109,10528,13022,3497,42743,-22032,0,-126868,-1424,-2494,-17672,-29751,-20045,-39246,1
2022-10-12 14:00:00,78226,229883,1613,20746,5034,35377,1145,22073,66384,86872,0,0,2291,4302,10829,13005,3168,47308,-20488,0,-151657,-2011,-2176,-19133,-30343,-20928,-44140,1
2022-10-12 15:00:00,62209,234141,892,21304,6043,36445,1586,22917,61848,87700,0,0,2183,4227,11025,13435,2592,53239,-25852,0,-171932,-2044,-2410,-20412,-30402,-21331,-50647,1
2022-10-12 16:00:00,65741,242509,761,22670,8130,38291,2132,23421,42500,88768,0,0,2450,4071,11390,13482,2814,55314,-46268,0,-176768,-1621,-2092,-21909,-30161,-21289,-52500,1
2022-10-12 17:00:00,69359,243423,776,22426,5382,36072,1765,22806,26168,95252,0,0,2697,3855,11449,13001,2676,55712,-69084,0,-174064,-1158,-1552,-21650,-30690,-21041,-53036,1
2022-10-12 18:00:00,66137,229352,774,21359,4263,33444,1586,21293,25532,101496,0,0,2700,3666,11446,12346,2729,52684,-75964,0,-163215,-966,-900,-20585,-29181,-19707,-49955,1
2022-10-12 19:00:00,65054,216801,775,19897,3629,30332,1433,19759,23544,98376,0,0,2875,3457,11357,11913,3306,49663,-74832,0,-151747,-582,-556,-19122,-26703,-18326,-46357,1
2022-10-12 20:00:00,66646,202237,782,18972,3370,27870,1559,18429,20804,92352,0,0,3020,3236,10859,11540,3957,46149,-71548,0,-135591,-216,-681,-18190,-24500,-16870,-42192,1
2022-10-12 21:00:00,70605,188743,816,18155,3064,25616,1771,17340,18036,86556,0,0,2689,3093,10063,11345,6016,43476,-68520,0,-118138,-404,-1282,-17339,-22552,-15569,-37460,1
2022-10-12 22:00:00,81092,179201,837,17203,3463,24359,1928,16771,17164,82420,0,0,2541,3018,9502,11173,6146,41105,-65256,0,-98109,-477,-1671,-16366,-20896,-14843,-34959,1
2022-10-12 23:00:00,89560,172934,846,16265,3728,23803,2097,16424,17888,78944,0,0,2390,2984,9230,11119,6985,39228,-61056,0,-83374,-594,-1889,-15419,-20075,-14327,-32243,1
2022-10-13 00:00:00,86278,170220,825,15768,3715,23662,2093,16400,16736,76820,0,0,2422,2918,9063,11049,5976,38371,-60084,0,-83942,-496,-1986,-14943,-19947,-14307,-32395,1
2022-10-13 01:00:00,81236,170801,833,15760,3803,23840,2075,16802,15428,76064,0,0,2247,2973,9407,11371,5426,38090,-60636,0,-89565,-726,-1964,-14927,-20037,-14727,-32664,1
2022-10-13 02:00:00,76264,178102,856,16379,3648,25039,2161,17678,15384,77240,0,0,2265,3181,10157,11330,4758,38358,-61856,0,-101838,-916,-1173,-15523,-21391,-15517,-33600,1
2022-10-13 03:00:00,67436,195194,882,18139,3561,29390,2492,20240,14396,81148,0,0,2043,3713,11000,12617,4594,40300,-66752,0,-127758,-1670,-1617,-17257,-25829,-17748,-35706,1
2022-10-13 04:00:00,71496,222925,913,20804,5294,33904,3020,21750,16600,93244,0,0,2114,4189,11467,13480,4682,45424,-76644,0,-151429,-2075,-2013,-19891,-28610,-18730,-40742,1
2022-10-13 05:00:00,84315,238932,1497,21040,6811,36983,4427,22512,19584,105800,0,0,2121,4308,11581,13789,4277,51886,-86216,0,-154617,-2187,-2208,-19543,-30172,-18085,-47609,1
2022-10-13 06:00:00,94381,246018,3138,20295,7057,37667,5421,22362,19764,109064,0,0,2132,4323,11599,13903,4954,54643,-89300,0,-151637,-2191,-2304,-17157,-30610,-16941,-49689,1
2022-10-13 07:00:00,95378,248118,4956,19230,7611,37424,6100,21577,32964,110212,0,0,2066,4459,11486,13950,5047,54471,-77248,0,-152740,-2393,-2464,-14274,-29813,-15477,-49424,1
2022-10-13 08:00:00,99385,251267,6205,18428,8645,37414,7198,21375,53180,111240,0,0,2147,4489,11405,14076,4760,53315,-58060,0,-151882,-2342,-2671,-12223,-28769,-14177,-48555,1
2022-10-13 09:00:00,100595,253157,6863,17943,9959,36367,7581,21046,65124,112432,0,0,2191,4433,11166,13603,3966,52813,-47308,0,-152562,-2242,-2437,-11080,-26408,-13465,-48847,1
2022-10-13 10:00:00,105671,252256,7155,17748,9591,36015,7274,21170,69952,112372,0,0,1915,4404,10913,13235,3078,52123,-42420,0,-146585,-2489,-2322,-10593,-26424,-13896,-49045,1
2022-10-13 11:00:00,105495,248437,6666,17649,8768,36684,6256,20888,72660,111648,0,0,1737,4285,10612,13156,2727,52343,-38988,0,-142942,-2548,-2544,-10983,-27916,-14632,-49616,1
2022-10-13 12:00:00,94781,244910,5569,18259,8138,36747,4831,21241,74452,110508,0,0,1557,4180,10346,13178,1829,52591,-36056,0,-150129,-2623,-2832,-12690,-28609,-16410,-50762,1
2022-10-13 13:00:00,79899,239231,4089,19173,7801,36998,3145,21564,75004,109032,0,0,1299,4183,10103,13105,1474,53383,-34028,0,-159332,-2884,-3002,-15084,-29197,-18419,-51909,1
2022-10-13 14:00:00,68048,234754,2233,20173,7920,36346,2130,21791,70916,109632,0,0,1252,4263,10208,13392,1032,54513,-38716,0,-166706,-3011,-3184,-17940,-28426,-19661,-53481,1
2022-10-13 15:00:00,65356,236451,962,21022,8163,36797,2886,22742,61288,109764,0,0,1242,4230,10375,13432,861,56623,-48476,0,-171095,-2988,-3057,-20060,-28634,-19856,-55762,1
2022-10-13 16:00:00,73014,243535,836,22632,9658,38383,3746,23217,44796,110244,0,0,1251,4103,10412,13168,724,56948,-65448,0,-170521,-2852,-2756,-21796,-28725,-19471,-56224,1
2022-10-13 17:00:00,69743,240346,887,22445,7131,36261,3840,22544,30160,115320,0,0,1353,3840,10307,12804,806,56721,-85160,0,-170603,-2487,-2497,-21558,-29130,-18704,-55915,1
2022-10-13 18:00:00,61680,226031,930,21255,6482,33630,3709,21002,32668,119620,0,0,1431,3651,9997,12385,905,53920,-86952,0,-164351,-2220,-2388,-20325,-27148,-17293,-53015,1
2022-10-13 19:00:00,58295,213398,936,19737,6009,30369,3291,19436,31124,112916,0,0,1311,3406,9561,11872,928,51063,-81792,0,-155103,-2095,-2311,-18801,-24360,-16145,-50135,1
2022-10-13 20:00:00,56139,198524,938,18839,5561,27798,3037,18035,27924,101972,0,0,1120,3204,9070,11483,1017,47657,-74048,0,-142385,-2084,-2413,-17901,-22237,-14998,-46640,1
2022-10-13 21:00:00,54719,184182,1002,18089,5398,25714,2619,17152,26460,94264,0,0,1025,3112,8551,11146,1196,44942,-67804,0,-129463,-2087,-2595,-17087,-20316,-14533,-43746,1
2022-10-13 22:00:00,56196,175264,989,17091,5629,24403,2235,16621,25340,89568,0,0,931,3049,8323,10875,1320,43106,-64228,0,-119068,-2118,-2552,-16102,-18774,-14386,-41786,1
2022-10-13 23:00:00,62874,169934,975,16180,6155,23732,1930,16326,23112,85324,0,0,886,3002,8083,10435,1518,41499,-62212,0,-107060,-2116,-2352,-15205,-17577,-14396,-39981,1
2022-10-14 00:00:00,64750,167213,992,15747,6423,23557,1761,16313,24476,82828,0,0,828,2953,8219,10312,1688,40588,-58352,0,-102463,-2125,-2093,-14755,-17134,-14552,-38900,1
2022-10-14 01:00:00,65930,168374,986,15792,6450,23660,1714,16699,25644,81772,0,0,737,2951,8584,10390,1879,40304,-56128,0,-102444,-2214,-1806,-14806,-17210,-14985,-38425,1
2022-10-14 02:00:00,62977,173984,958,16422,6639,25224,1695,17594,26464,81796,0,0,849,3138,8970,11005,2298,40615,-55332,0,-111007,-2289,-2035,-15464,-18585,-15899,-38317,1
2022-10-14 03:00:00,55040,191120,899,18106,7270,29645,1663,19994,26532,85064,0,0,939,3599,9645,12135,2048,41879,-58532,0,-136080,-2660,-2490,-17207,-22375,-18331,-39831,1
2022-10-14 04:00:00,52102,219958,879,20636,8746,34198,1969,21683,26440,95160,0,0,1060,4149,9773,13091,2138,46344,-68720,0,-167856,-3089,-3318,-19757,-25452,-19714,-44206,1
2022-10-14 05:00:00,68171,237496,1264,21163,11305,37258,2895,22680,29564,107216,0,0,1222,4324,9723,13138,2058,52362,-77652,0,-169325,-3102,-3415,-19899,-25953,-19785,-50304,1
2022-10-14 06:00:00,77722,243748,2443,20683,12293,38249,3500,22788,32440,110560,0,0,1408,4381,9715,12871,2541,55452,-78120,0,-166026,-2973,-3156,-18240,-25956,-19288,-52911,1
2022-10-14 07:00:00,85980,246276,3744,19853,13211,37820,3884,22230,41644,109912,0,0,1523,4374,9769,12844,2987,56217,-68268,0,-160296,-2851,-3075,-16109,-24609,-18346,-53230,1
2022-10-14 08:00:00,89040,249956,5254,18961,14319,37150,4634,22288,57900,111608,0,0,1916,4446,10102,12924,3319,55385,-53708,0,-160916,-2530,-2822,-13707,-22831,-17654,-52066,1
2022-10-14 09:00:00,99691,250956,6247,18401,14387,35316,4661,22093,72512,113852,0,0,2277,4393,10177,12670,3217,55053,-41340,0,-151265,-2116,-2493,-12154,-20929,-17432,-51836,1
2022-10-14 10:00:00,101662,250163,6768,18105,14225,35085,4456,21913,76796,114636,0,0,2459,4374,10279,12431,3009,54141,-37840,0,-148501,-1915,-2152,-11337,-20860,-17457,-51132,1
2022-10-14 11:00:00,97695,242411,6060,18117,14079,35964,3945,21896,77300,114220,0,0,2366,4180,10228,12333,2835,53361,-36920,0,-144716,-1814,-2105,-12057,-21885,-17951,-50526,1
2022-10-14 12:00:00,91740,236649,4877,18729,12757,36237,2843,21861,76788,112264,0,0,2220,4084,10211,12302,3302,52306,-35476,0,-144909,-1864,-2091,-13852,-23480,-19018,-49004,1
2022-10-14 13:00:00,77727,231932,3575,19570,10502,35860,1715,21902,75596,109708,0,0,1880,4034,10089,12299,3497,51188,-34112,0,-154205,-2154,-2210,-15995,-25358,-20187,-47691,1
2022-10-14 14:00:00,67708,229315,1958,20475,8088,35070,1422,21938,73780,110240,0,0,1610,4130,10067,12603,3248,52165,-36460,0,-161607,-2520,-2536,-18517,-26982,-20516,-48917,1
2022-10-14 15:00:00,65970,231408,891,21157,7653,35945,1990,22789,67632,110764,0,0,1742,4018,10032,12751,3979,55498,-43132,0,-165438,-2276,-2719,-20266,-28292,-20799,-51519,1
2022-10-14 16:00:00,75900,238104,779,22478,8904,37789,2553,22875,48764,109548,0,0,1906,3842,10298,12303,3582,55618,-60784,0,-162204,-1936,-2005,-21699,-28885,-20322,-52036,1
2022-10-14 17:00:00,78280,234999,793,22169,6824,35795,2441,22203,34808,114088,0,0,2082,3582,10263,11670,3583,54816,-79280,0,-156719,-1500,-1407,-21376,-28971,-19762,-51233,1
2022-10-14 18:00:00,74011,222452,789,21139,5423,32963,2549,20646,33716,117016,0,0,2154,3332,10221,11201,3733,52070,-83300,0,-148441,-1178,-980,-20350,-27540,-18097,-48337,1
2022-10-14 19:00:00,74539,209037,859,19638,4731,30173,2673,19235,35492,111168,0,0,2199,3140,10193,11255,4202,49373,-75676,0,-134498,-941,-1062,-18779,-25442,-16562,-45171,1
2022-10-14 20:00:00,75658,197467,893,18770,4428,27859,2745,17927,31608,100400,0,0,2243,3071,9811,11043,4678,46585,-68792,0,-121809,-828,-1232,-17877,-23431,-15182,-41907,1
2022-10-14 21:00:00,74882,184170,774,18023,4291,25801,2704,16870,29676,93280,0,0,1942,2903,9566,10752,5608,44370,-63604,0,-109288,-961,-1186,-17249,-21510,-14166,-38762,1
2022-10-14 22:00:00,74247,172358,795,17026,4191,24194,2794,16257,29628,89428,0,0,1763,2761,9360,10353,5480,41811,-59800,0,-98111,-998,-993,-16231,-20003,-13463,-36331,1
2022-10-14 23:00:00,73017,165006,912,16124,4174,23342,2876,15839,28736,85452,0,0,1739,2717,9116,10286,5239,39839,-56716,0,-91989,-978,-1170,-15212,-19168,-12963,-34600,1
2022-10-15 00:00:00,73647,162563,914,15574,3942,23038,2747,15727,27144,81988,0,0,1757,2732,9042,10073,4040,38626,-54844,0,-88916,-975,-1031,-14660,-19096,-12980,-34586,1
2022-10-15 01:00:00,72466,161350,999,15467,3702,22929,2722,15741,26736,79940,0,0,1563,2760,8917,10212,3686,38216,-53204,0,-88884,-1197,-1295,-14468,-19227,-13019,-34530,1
2022-10-15 02:00:00,65064,161534,998,15805,3644,23402,2856,15885,26180,79252,0,0,1266,2784,9211,10138,3833,38385,-53072,0,-96470,-1518,-927,-14807,-19758,-13029,-34552,1
2022-10-15 03:00:00,58870,163429,1039,16758,3900,25284,2976,16652,26444,78692,0,0,1041,2896,9382,10328,4037,38811,-52248,0,-104559,-1855,-946,-15719,-21384,-13676,-34774,1
2022-10-15 04:00:00,57425,172023,1059,18467,5286,27446,3208,17462,25900,81732,0,0,803,3151,9764,10623,3922,40473,-55832,0,-114598,-2348,-859,-17408,-22160,-14254,-36551,1
2022-10-15 05:00:00,61823,181787,1559,19101,7400,29404,3672,18716,24828,85824,0,0,847,3299,10249,11142,4859,43106,-60996,0,-119964,-2452,-893,-17542,-22004,-15044,-38247,1
2022-10-15 06:00:00,69591,195845,3060,18763,9324,30631,4134,19352,26728,88784,0,0,1044,3515,10712,11666,6152,45110,-62056,0,-126254,-2471,-954,-15703,-21307,-15218,-38958,1
2022-10-15 07:00:00,80460,204534,4726,18149,10954,30451,4615,19422,38492,93084,0,0,1167,3654,10962,12252,7121,45022,-54592,0,-124074,-2487,-1290,-13423,-19497,-14807,-37901,1
2022-10-15 08:00:00,97645,209596,5859,17720,12268,29182,4892,19408,55308,93928,0,0,1399,3704,10975,12642,7231,44174,-38620,0,-111951,-2305,-1667,-11861,-16914,-14516,-36943,1
2022-10-15 09:00:00,118520,214562,6045,17446,13094,28034,5014,19355,65228,93780,0,0,1850,3701,10782,12766,7986,44522,-28552,0,-96042,-1851,-1984,-11401,-14940,-14341,-36536,1
2022-10-15 10:00:00,140605,211623,6025,17619,13221,26777,4812,19135,73152,94180,0,0,2270,3712,10562,12454,8722,44731,-21028,0,-71018,-1442,-1892,-11594,-13556,-14323,-36009,1
2022-10-15 11:00:00,151201,205131,4847,17986,12715,26298,4115,18815,76720,95512,0,0,2690,3688,10065,12272,10178,44296,-18792,0,-53930,-998,-2207,-13139,-13583,-14700,-34118,1
2022-10-15 12:00:00,152453,200898,3478,18457,10904,26628,3231,18770,79956,92516,0,0,2853,3602,9825,12287,10785,42598,-12560,0,-48445,-749,-2462,-14979,-15724,-15539,-31813,1
2022-10-15 13:00:00,141460,198540,2185,19225,7934,27120,2527,18652,82732,89152,0,0,2930,3648,9491,12130,11379,40992,-6420,0,-57080,-718,-2639,-17040,-19186,-16125,-29613,1
2022-10-15 14:00:00,119521,196421,1170,19815,4791,27680,2783,19013,81608,88540,0,0,3230,3784,9757,12575,13609,42917,-6932,0,-76900,-554,-2818,-18645,-22889,-16230,-29308,1
2022-10-15 15:00:00,103929,202141,629,20014,5500,29830,3702,19809,73468,90900,0,0,3672,3860,10073,12592,14781,47587,-17432,0,-98212,-188,-2519,-19385,-24330,-16107,-32806,1
2022-10-15 16:00:00,109025,210038,626,20752,7707,32390,3929,19835,52228,92812,0,0,4097,3618,10138,12172,14366,50508,-40584,0,-101013,479,-2034,-20126,-24683,-15906,-36142,3
2022-10-15 17:00:00,117090,207175,587,20436,5857,30526,3619,19176,37036,98336,0,0,4118,3399,9759,11756,14933,50094,-61300,0,-90085,719,-1997,-19849,-24669,-15557,-35161,3
2022-10-15 18:00:00,121422,197692,627,19473,3783,28275,3451,18095,37824,102716,0,0,3812,3238,9609,11706,15926,47948,-64892,0,-76270,574,-2097,-18846,-24492,-14644,-32022,3
2022-10-15 19:00:00,120966,190118,710,18332,3311,26164,3440,16984,34500,99116,0,0,3562,3103,9181,11306,16549,45820,-64616,0,-69152,459,-2125,-17622,-22853,-13544,-29271,3
2022-10-15 20:00:00,117985,180786,798,17635,3046,24409,3506,15764,34016,91792,0,0,3143,2990,8490,11037,16124,43849,-57776,0,-62801,153,-2547,-16837,-21363,-12258,-27725,3
2022-10-15 21:00:00,113506,170069,909,17014,3086,22973,3460,14741,33308,86116,0,0,2583,2873,7996,10591,16104,41807,-52808,0,-56563,-290,-2595,-16105,-19887,-11281,-25703,1
2022-10-15 22:00:00,117074,161051,950,16073,2757,21436,3407,14129,30732,81180,0,0,2223,2774,7734,10283,16030,39964,-50448,0,-43977,-551,-2549,-15123,-18679,-10722,-23934,1
2022-10-15 23:00:00,122129,156805,947,15207,2906,20740,3382,13867,31944,77008,0,0,2108,2688,7989,10251,15860,38385,-45064,0,-34676,-580,-2262,-14260,-17834,-10485,-22525,1
2022-10-16 00:00:00,126143,153333,891,14655,3095,20289,3314,13630,33208,73880,0,0,2245,2608,8015,9811,15783,37403,-40672,0,-27190,-363,-1796,-13764,-17194,-10316,-21620,1
2022-10-16 01:00:00,123056,150755,902,14406,3343,20131,3345,13646,34504,72064,0,0,2496,2684,8321,9568,15684,36833,-37560,0,-27699,-188,-1247,-13504,-16788,-10301,-21149,1
2022-10-16 02:00:00,117088,152065,922,14526,3046,20421,3274,13787,35688,71572,0,0,2617,2846,8748,10051,14876,36671,-35884,0,-34977,-229,-1303,-13604,-17375,-10513,-21795,1
2022-10-16 03:00:00,119971,154999,1017,14714,2968,21304,3305,14268,36280,71764,0,0,3481,2896,9338,10416,14013,36737,-35484,0,-35028,585,-1078,-13697,-18336,-10963,-22724,3
2022-10-16 04:00:00,123541,161299,1063,15470,3919,22216,3361,14548,35216,73808,0,0,4099,3076,9517,10358,14980,37682,-38592,0,-37758,1023,-841,-14407,-18297,-11187,-22702,3
2022-10-16 05:00:00,118371,169417,1776,16087,6033,23470,3838,15544,34804,76256,0,0,4475,3239,9961,10893,14849,39755,-41452,0,-51046,1236,-932,-14311,-17437,-11706,-24906,3
2022-10-16 06:00:00,126619,180798,3784,16277,8144,24957,4510,16395,36340,77688,0,0,5158,3514,9973,11103,15613,40735,-41348,0,-54179,1644,-1130,-12493,-16813,-11885,-25122,3
2022-10-16 07:00:00,142857,191957,5503,15989,10225,25449,4977,16779,50160,82660,0,0,5714,3643,10018,11897,15118,38255,-32500,0,-49100,2071,-1879,-10486,-15224,-11802,-23137,3
2022-10-16 08:00:00,173209,202875,6831,15621,11530,25458,5148,16705,64352,86424,0,0,6225,3759,9931,12148,12700,34258,-22072,0,-29666,2466,-2217,-8790,-13928,-11557,-21558,3
2022-10-16 09:00:00,199171,210574,7498,15261,11692,25145,5315,16711,74184,88228,0,0,6342,3980,9288,12011,11370,31465,-14044,0,-11403,2362,-2723,-7763,-13453,-11396,-20095,3
2022-10-16 10:00:00,209112,207111,7547,14736,11343,23988,5035,16646,82432,89432,0,0,6709,4000,8393,11990,10081,30380,-7000,0,2001,2709,-3597,-7189,-12645,-11611,-20299,3
2022-10-16 11:00:00,201645,197988,6977,14542,10998,23674,4822,16589,87368,92772,0,0,6563,3908,8773,12219,8285,29679,-5404,0,3657,2655,-3446,-7565,-12676,-11767,-21394,2
2022-10-16 12:00:00,192917,192382,5925,15006,9544,23633,4135,16535,89984,91608,0,0,6432,3781,9293,12073,6678,31070,-1624,0,535,2651,-2780,-9081,-14089,-12400,-24392,3
2022-10-16 13:00:00,163906,189341,4447,16020,6830,23981,3283,16605,89004,87444,0,0,5892,3857,9685,11921,5531,35170,1560,0,-25435,2035,-2236,-11573,-17151,-13322,-29639,3
2022-10-16 14:00:00,115272,187636,2451,17281,4235,24758,2896,17167,81540,85812,0,0,4866,4051,10823,12784,3995,41146,-4272,0,-72364,815,-1961,-14830,-20523,-14271,-37151,3
2022-10-16 15:00:00,88796,193490,1119,18414,4455,27237,3643,18398,69848,86592,0,0,5057,3922,10993,13419,2864,47451,-16744,0,-104694,1135,-2426,-17295,-22782,-14755,-44587,3
2022-10-16 16:00:00,86874,203764,1080,20237,7412,29910,3970,18680,58656,88952,0,0,4618,3623,10973,13020,2583,49958,-30296,0,-116890,995,-2047,-19157,-22498,-14710,-47375,3
2022-10-16 17:00:00,82390,201294,1160,20217,5251,28907,4120,18223,53004,96508,0,0,4013,3443,10556,12665,2997,49698,-43504,0,-118904,570,-2109,-19057,-23656,-14103,-46701,3
2022-10-16 18:00:00,71075,190218,1236,19187,3560,27270,3722,17393,57068,102368,0,0,3305,3271,10461,11813,2752,47725,-45300,0,-119143,34,-1352,-17951,-23710,-13671,-44973,3
2022-10-16 19:00:00,58851,183475,1140,17802,3074,25320,3012,16498,55288,99192,0,0,2796,3149,10230,11412,4407,45304,-43904,0,-124624,-353,-1182,-16662,-22246,-13486,-40897,1
2022-10-16 20:00:00,56279,176017,1121,16622,2997,23473,2486,15618,52316,92452,0,0,2173,3000,9762,11135,5998,42991,-40136,0,-119738,-827,-1373,-15501,-20476,-13132,-36993,1
2022-10-16 21:00:00,56829,164546,1123,15585,3564,21825,2036,14781,53468,85868,0,0,1701,2917,10302,10773,6365,40747,-32400,0,-107717,-1216,-471,-14462,-18261,-12745,-34382,1
2022-10-16 22:00:00,69666,156371,1067,14786,3998,20704,1574,14512,50224,81796,0,0,1270,2894,10037,10550,6941,39124,-31572,0,-86705,-1624,-513,-13719,-16706,-12938,-32183,1
2022-10-16 23:00:00,81897,150673,1035,14249,4095,20219,1192,14316,43212,78604,0,0,791,2839,10041,10115,7756,37870,-35392,0,-68776,-2048,-74,-13214,-16124,-13124,-30114,1
2022-10-17 00:00:00,91962,150575,1040,13930,4206,20093,1048,14389,41488,75872,0,0,629,2848,10079,10086,8031,36611,-34384,0,-58613,-2219,-7,-12890,-15887,-13341,-28580,1
2022-10-17 01:00:00,103423,156705,1017,13984,4219,20483,972,14864,43756,74812,0,0,749,2933,10138,10493,8436,36672,-31056,0,-53282,-2184,-355,-12967,-16264,-13892,-28236,1
2022-10-17 02:00:00,116349,165165,992,14778,3732,22580,1007,16011,44512,75912,0,0,1082,3094,10338,11074,10692,37606,-31400,0,-48816,-2012,-736,-13786,-18848,-15004,-26914,1
2022-10-17 03:00:00,118367,184951,1041,16869,3634,27751,1465,19227,38848,80396,0,0,1514,3560,11453,13013,12031,40246,-41548,0,-66584,-2046,-1560,-15828,-24117,-17762,-28215,1
2022-10-17 04:00:00,114636,218496,1107,19891,6288,32808,2278,21052,38280,93276,0,0,2043,4057,12223,14546,12710,45059,-54996,0,-103860,-2014,-2323,-18784,-26520,-18774,-32349,1
2022-10-17 05:00:00,127639,238720,1931,20254,8330,35905,3359,21961,39404,106504,0,0,2438,4278,11875,14367,11571,50447,-67100,0,-111081,-1840,-2492,-18323,-27575,-18602,-38876,1
2022-10-17 06:00:00,141376,245648,4080,19350,9336,36761,4510,21910,44036,110648,0,0,3009,4431,11518,14262,13252,53423,-66612,0,-104272,-1422,-2744,-15270,-27425,-17400,-40171,1
2022-10-17 07:00:00,154072,247008,5871,18366,9480,35835,5227,21340,51288,112272,0,0,3335,4428,10987,14356,11340,54199,-60984,0,-92936,-1093,-3369,-12495,-26355,-16113,-42859,1
2022-10-17 08:00:00,165100,248610,7060,17584,10615,35394,5770,21418,61108,113496,0,0,3614,4464,10496,13468,11605,56026,-52388,0,-83510,-850,-2972,-10524,-24779,-15648,-44421,1
2022-10-17 09:00:00,183187,253730,7713,17329,11313,33524,6233,21292,71644,114932,1670,0,3773,4415,10450,13594,8944,56197,-43288,1670,-70543,-642,-3144,-9616,-22211,-15059,-47253,1
2022-10-17 10:00:00,196043,246662,7810,17361,11433,33535,6346,21271,76628,115804,3338,0,3970,4420,10488,13678,8381,55476,-39176,3338,-50619,-450,-3190,-9551,-22102,-14925,-47095,1
2022-10-17 11:00:00,186186,249413,7348,17282,10665,34520,5869,20908,80724,115412,3064,0,3835,4317,10493,13547,8779,54160,-34688,3064,-63227,-482,-3054,-9934,-23855,-15039,-45381,1
2022-10-17 12:00:00,164296,240075,6432,17968,9278,35119,4987,21307,81812,113176,2867,0,3500,4161,10699,13524,8641,53568,-31364,2867,-75779,-661,-2825,-11536,-25841,-16320,-44927,1
2022-10-17 13:00:00,138329,238491,4838,18845,7851,35670,3882,21387,82744,110692,3112,0,3372,4069,10679,13310,8752,52815,-27948,3112,-100162,-697,-2631,-14007,-27819,-17505,-44063,1
2022-10-17 14:00:00,120782,236431,2593,19918,6628,35390,3908,21508,80724,110768,1442,0,3282,4311,11243,13817,7959,53639,-30044,1442,-115649,-1029,-2574,-17325,-28762,-17600,-45680,1
2022-10-17 15:00:00,107583,240895,1161,20871,7532,36575,5250,22591,70480,110680,0,0,3555,4290,11396,13856,7519,56285,-40200,0,-133312,-735,-2460,-19710,-29043,-17341,-48766,1
2022-10-17 16:00:00,110038,252663,1126,22384,9238,37945,6077,22965,52904,110360,0,0,3592,4031,11513,13463,7089,56264,-57456,0,-142625,-439,-1950,-21258,-28707,-16888,-49175,1
2022-10-17 17:00:00,108443,248557,1229,22094,6573,36084,6096,22243,42580,116888,0,0,3532,3768,11362,12956,7407,55387,-74308,0,-140114,-236,-1594,-20865,-29511,-16147,-47980,1
2022-10-17 18:00:00,90681,234280,1326,20973,4557,33258,5708,20674,45000,120712,0,0,3495,3539,10928,12408,7487,52851,-75712,0,-143599,-44,-1480,-19647,-28701,-14966,-45364,1
2022-10-17 19:00:00,85198,218492,1319,19452,3404,30231,5546,18998,43620,112860,0,0,3339,3333,10665,11944,6747,49885,-69240,0,-133294,6,-1279,-18133,-26827,-13452,-43138,3
2022-10-17 20:00:00,80115,203212,1357,18554,3370,27776,5356,17600,39164,101696,0,0,3231,3179,10242,11331,5680,47079,-62532,0,-123097,52,-1089,-17197,-24406,-12244,-41399,3
2022-10-17 21:00:00,79076,189316,1213,17836,2969,25657,4677,16557,36556,93424,0,0,3155,3045,9906,11111,4479,44523,-56868,0,-110240,110,-1205,-16623,-22688,-11880,-40044,3
2022-10-17 22:00:00,80658,179796,1130,16837,3882,24337,4181,16109,39728,89800,0,0,3334,3024,9640,10716,4069,42161,-50072,0,-99138,310,-1076,-15707,-20455,-11928,-38092,3
2022-10-17 23:00:00,77489,173846,1046,15979,3902,23602,3895,15816,40732,86700,0,0,3417,2966,9473,10609,3771,40665,-45968,0,-96357,451,-1136,-14933,-19700,-11921,-36894,3
2022-10-18 00:00:00,75562,171040,1043,15511,3853,23373,3398,15782,41292,84124,0,0,3378,2924,9465,10435,3038,39881,-42832,0,-95478,454,-970,-14468,-19520,-12384,-36843,3
2022-10-18 01:00:00,71904,170854,992,15544,3884,23579,3089,16159,43052,82904,0,0,3448,2936,9573,10358,2351,39348,-39852,0,-98950,512,-785,-14552,-19695,-13070,-36997,3
2022-10-18 02:00:00,64843,176636,971,16219,3345,25106,2674,17148,44424,83896,0,0,3441,3106,10067,10827,1935,39484,-39472,0,-111793,335,-760,-15248,-21761,-14474,-37549,3
2022-10-18 03:00:00,51780,194829,990,17969,3295,29605,2474,19811,45572,87080,0,0,3613,3540,11109,12315,1743,41421,-41508,0,-143049,73,-1206,-16979,-26310,-17337,-39678,3
2022-10-18 04:00:00,61552,225599,986,20750,6504,34196,2713,21300,45604,97460,0,0,3642,3988,11663,13638,1861,45771,-51856,0,-164047,-346,-1975,-19764,-27692,-18587,-43910,1
2022-10-18 05:00:00,71936,244758,1715,21018,9108,37128,3118,22130,51312,109720,0,0,3697,4135,11633,13839,1998,51980,-58408,0,-172822,-438,-2206,-19303,-28020,-19012,-49982,1
2022-10-18 06:00:00,76845,251503,3849,19928,9843,37779,3311,22131,54260,113552,0,0,3840,4253,11571,13799,2030,53721,-59292,0,-174658,-413,-2228,-16079,-27936,-18820,-51691,1
2022-10-18 07:00:00,83642,254599,5688,18873,11227,37179,3612,21664,61776,114112,0,0,4008,4264,11346,13696,2109,49677,-52336,0,-170957,-256,-2350,-13185,-25952,-18052,-47568,1
2022-10-18 08:00:00,89876,257448,6932,18035,12236,36573,3893,21744,71372,114196,0,0,4062,4236,11331,13964,2268,43379,-42824,0,-167572,-174,-2633,-11103,-24337,-17851,-41111,1
2022-10-18 09:00:00,105146,259852,7586,17608,12101,34438,3958,21878,81628,114360,0,0,3900,4368,11246,14441,2762,38421,-32732,0,-154706,-468,-3195,-10022,-22337,-17920,-35659,1
2022-10-18 10:00:00,127612,259451,7637,17598,12231,34200,3719,21855,91036,116536,0,0,4383,4340,10671,14002,3379,35676,-25500,0,-131839,43,-3331,-9961,-21969,-18136,-32297,3
2022-10-18 11:00:00,143059,254556,7216,17567,11032,35238,3430,21710,97560,116656,0,0,4154,4298,10956,14047,3529,34879,-19096,0,-111497,-144,-3091,-10351,-24206,-18280,-31350,1
2022-10-18 12:00:00,144852,248155,6122,17808,9654,35761,3203,21895,98876,114628,0,0,4083,4140,10748,13645,3446,35487,-15752,0,-103303,-57,-2897,-11686,-26107,-18692,-32041,1
2022-10-18 13:00:00,127339,245368,4579,18871,7913,36327,2759,22017,95164,112684,0,0,4024,3980,11183,13806,3097,38989,-17520,0,-118029,44,-2623,-14292,-28414,-19258,-35892,3
2022-10-18 14:00:00,100351,242530,2357,20007,5417,35909,3029,22352,92048,112728,0,0,3806,4157,11660,13990,2559,45060,-20680,0,-142179,-351,-2330,-17650,-30492,-19323,-42501,1
2022-10-18 15:00:00,87261,245430,905,21085,6571,37033,3605,23081,76792,113228,0,0,3496,4197,11898,13913,2262,52533,-36436,0,-158169,-701,-2015,-20180,-30462,-19476,-50271,1
2022-10-18 16:00:00,91437,254014,832,22601,9190,38629,3723,23146,58608,113140,0,0,3259,3901,12046,13646,2457,55289,-54532,0,-162577,-642,-1600,-21769,-29439,-19423,-52832,1
2022-10-18 17:00:00,90040,250860,821,22296,6190,36429,3719,22425,51428,119132,0,0,3068,3718,12175,13867,2225,54926,-67704,0,-160820,-650,-1692,-21475,-30239,-18706,-52701,1
2022-10-18 18:00:00,80901,236799,830,21157,4098,33794,3918,20742,53840,122584,0,0,2665,3528,11836,13563,2403,52459,-68744,0,-155898,-863,-1727,-20327,-29696,-16824,-50056,1
2022-10-18 19:00:00,75185,220983,846,19598,3465,30669,3751,19140,54124,115148,0,0,2515,3361,11489,12686,3037,49616,-61024,0,-145798,-846,-1197,-18752,-27204,-15389,-46579,1
2022-10-18 20:00:00,74617,204532,838,18713,3177,28154,3998,17893,48176,103584,0,0,2326,3149,11244,12065,3095,46658,-55408,0,-129915,-823,-821,-17875,-24977,-13895,-43563,1
2022-10-18 21:00:00,78401,188895,850,18041,3569,26138,3893,16727,44716,95600,0,0,2243,3086,10942,11795,3046,43974,-50884,0,-110494,-843,-853,-17191,-22569,-12834,-40928,1
2022-10-18 22:00:00,81373,178748,953,17031,4067,24731,3992,16205,46852,91900,0,0,1899,3035,10760,11765,3570,41808,-45048,0,-97375,-1136,-1005,-16078,-20664,-12213,-38238,1
2022-10-18 23:00:00,83756,174860,958,16089,4343,24068,3960,15923,45348,88260,0,0,1587,2988,10554,11901,4388,40114,-42912,0,-91104,-1401,-1347,-15131,-19725,-11963,-35726,1
2022-10-19 00:00:00,83250,174408,1082,15609,4599,23840,3971,15866,47316,85968,0,0,1364,2883,10413,11736,5096,39244,-38652,0,-91158,-1519,-1323,-14527,-19241,-11895,-34148,1
2022-10-19 01:00:00,77844,174714,1253,15566,5044,24072,3971,16155,49336,85044,0,0,1156,2889,10479,11682,5181,38944,-35708,0,-96870,-1733,-1203,-14313,-19028,-12184,-33763,1
2022-10-19 02:00:00,71650,179871,1245,16231,4785,25495,3737,16975,52848,85496,0,0,960,3074,11041,12165,5829,39470,-32648,0,-108221,-2114,-1124,-14986,-20710,-13238,-33641,1
2022-10-19 03:00:00,64798,197440,1279,17919,5182,30127,3451,19723,58628,89144,0,0,870,3541,11860,13425,6582,41137,-30516,0,-132642,-2671,-1565,-16640,-24945,-16272,-34555,1
2022-10-19 04:00:00,60025,226105,1209,20688,6770,34767,3583,21328,60500,100404,0,0,738,4057,11828,13972,7281,45683,-39904,0,-166080,-3319,-2144,-19479,-27997,-17745,-38402,1
2022-10-19 05:00:00,68341,243659,1513,21110,9110,37531,4307,22075,59812,112616,0,0,725,4244,11692,14160,8008,51606,-52804,0,-175318,-3519,-2468,-19597,-28421,-17768,-43598,1
2022-10-19 06:00:00,69931,248591,2928,20314,11355,38067,4944,22212,63120,116864,0,0,910,4203,11349,14356,8788,53470,-53744,0,-178660,-3293,-3007,-17386,-26712,-17268,-44682,1
2022-10-19 07:00:00,74606,250461,4695,19310,11550,37166,5694,22006,68580,117844,0,0,1251,4224,10936,14097,9482,49567,-49264,0,-175855,-2973,-3161,-14615,-25616,-16312,-40085,1
2022-10-19 08:00:00,85380,252749,6235,18405,12482,36540,6470,22334,71016,118384,0,0,1500,4197,11013,14132,9571,43917,-47368,0,-167369,-2697,-3119,-12170,-24058,-15864,-34346,1
2022-10-19 09:00:00,96538,255783,7159,18040,12926,34718,6977,22671,77356,118752,0,0,1586,4129,12360,15937,10828,39771,-41396,0,-159245,-2543,-3577,-10881,-21792,-15694,-28943,1
2022-10-19 10:00:00,103722,252113,7001,18308,13428,34546,6672,22428,81420,119988,0,0,1480,4122,12082,15290,11019,37253,-38568,0,-148391,-2642,-3208,-11307,-21118,-15756,-26234,1
2022-10-19 11:00:00,108417,244045,6285,18284,13336,35509,6311,22081,82080,120388,0,0,1321,4038,11928,14998,9938,35569,-38308,0,-135628,-2717,-3070,-11999,-22173,-15770,-25631,1
2022-10-19 12:00:00,105218,239446,5580,18763,11617,36094,5741,21974,80644,117816,0,0,1134,3923,11910,14896,9887,36386,-37172,0,-134228,-2789,-2986,-13183,-24477,-16233,-26499,1
2022-10-19 13:00:00,91050,233529,4380,19492,9441,36548,4279,21597,77716,115872,0,0,801,3935,12052,15141,10382,40251,-38156,0,-142479,-3134,-3089,-15112,-27107,-17318,-29869,1
2022-10-19 14:00:00,75073,229819,2627,20550,6904,35897,3106,21812,73044,114820,0,0,461,4192,12059,15730,10073,46289,-41776,0,-154746,-3731,-3671,-17923,-28993,-18706,-36216,1
2022-10-19 15:00:00,70453,236457,1447,21457,7009,37292,3237,22883,63560,114748,0,0,383,4292,12281,15947,10441,53501,-51188,0,-166004,-3909,-3666,-20010,-30283,-19646,-43060,1
2022-10-19 16:00:00,81858,245677,1343,22870,9057,38895,3371,23039,56748,114648,0,0,450,4108,12157,15538,11995,55341,-57900,0,-163819,-3658,-3381,-21527,-29838,-19668,-43346,1
2022-10-19 17:00:00,89047,242445,1310,22507,7449,36789,2870,22438,58172,120664,0,0,593,3890,12154,15059,13832,54912,-62492,0,-153398,-3297,-2905,-21197,-29340,-19568,-41080,1
2022-10-19 18:00:00,90655,230415,1257,21403,5998,33929,2165,20967,61588,123944,0,0,828,3721,12092,14455,14675,52306,-62356,0,-139760,-2893,-2363,-20146,-27931,-18802,-37631,1
2022-10-19 19:00:00,97665,219712,1334,19881,5534,30737,1858,19492,60820,116196,0,0,1027,3576,12103,14156,15552,49391,-55376,0,-122047,-2549,-2053,-18547,-25203,-17634,-33839,1
2022-10-19 20:00:00,106556,205298,1330,18996,5931,28335,1537,18162,51504,105072,0,0,1255,3472,11716,13940,15715,46331,-53568,0,-98742,-2217,-2224,-17666,-22404,-16625,-30616,1
2022-10-19 21:00:00,119703,192025,1153,18231,5776,26202,1324,17065,43920,97268,0,0,1446,3294,11360,13561,14993,43690,-53348,0,-72322,-1848,-2201,-17078,-20426,-15741,-28697,1
2022-10-19 22:00:00,129610,180206,1156,17199,5737,24896,1204,16591,48552,92836,0,0,1612,3288,11165,13325,13280,41572,-44284,0,-50596,-1676,-2160,-16043,-19159,-15387,-28292,1
2022-10-19 23:00:00,136849,175241,1053,16431,5667,24363,1128,16312,43728,88440,0,0,1771,3248,11276,13418,12299,39629,-44712,0,-38392,-1477,-2142,-15378,-18696,-15184,-27330,1
2022-10-20 00:00:00,142135,173505,949,16021,5651,23921,1094,16350,45832,85880,0,0,1823,3187,11266,13261,12242,38634,-40048,0,-31370,-1364,-1995,-15072,-18270,-15256,-26392,1
2022-10-20 01:00:00,144582,177254,864,15951,5859,24211,1121,16745,47720,84316,0,0,1730,3190,11398,13516,12000,38467,-36596,0,-32672,-1460,-2118,-15087,-18352,-15624,-26467,1
2022-10-20 02:00:00,145390,183285,768,16644,6083,25531,1153,17552,51064,85048,0,0,1889,3325,11736,14218,11953,38608,-33984,0,-37895,-1436,-2482,-15876,-19448,-16399,-26655,1
2022-10-20 03:00:00,139452,199931,707,18378,5409,29895,1550,20368,52780,88708,0,0,2081,3754,12178,15992,11253,40633,-35928,0,-60479,-1673,-3814,-17671,-24486,-18818,-29380,1
2022-10-20 04:00:00,136472,226641,717,21165,7194,34831,2005,22160,53584,99240,0,0,2044,4352,12204,17176,11128,45154,-45656,0,-90169,-2308,-4972,-20448,-27637,-20155,-34026,1
2022-10-20 05:00:00,154660,247870,1465,21417,9023,37512,2964,22940,58000,111680,0,0,2162,4405,12212,17340,10065,50881,-53680,0,-93210,-2243,-5128,-19952,-28489,-19976,-40816,1
2022-10-20 06:00:00,162505,254908,3815,20377,10471,38204,4102,22861,62324,116736,0,0,2573,4350,12029,16982,9645,53610,-54412,0,-92403,-1777,-4953,-16562,-27733,-18759,-43965,1
2022-10-20 07:00:00,165697,258126,5841,19250,11429,37892,4875,22214,65436,118536,0,0,2962,4361,11824,16681,9674,52598,-53100,0,-92429,-1399,-4857,-13409,-26463,-17339,-42924,1
2022-10-20 08:00:00,174159,259957,7104,18456,12301,36921,5569,21778,68920,119452,0,0,3328,4290,11701,16125,7930,50120,-50532,0,-85798,-962,-4424,-11352,-24620,-16209,-42190,1
2022-10-20 09:00:00,185737,263486,7796,18005,12242,34805,6218,21908,72644,120972,0,0,3739,4236,11594,15725,7442,50296,-48328,0,-77749,-497,-4131,-10209,-22563,-15690,-42854,1
2022-10-20 10:00:00,187389,259826,7634,18012,11837,34794,6233,21837,77616,122540,0,0,4207,4249,11521,15320,8213,51637,-44924,0,-72437,-42,-3799,-10378,-22957,-15604,-43424,1
2022-10-20 11:00:00,175467,253176,7175,17916,10588,35778,5841,21612,78964,121968,0,0,4500,4326,11505,15227,8496,52101,-43004,0,-77709,174,-3722,-10741,-25190,-15771,-43605,3
2022-10-20 12:00:00,166171,247416,6336,18435,8865,36503,4847,21810,76300,119912,0,0,4374,4286,11493,15149,8426,50411,-43612,0,-81245,88,-3656,-12099,-27638,-16963,-41985,3
2022-10-20 13:00:00,145861,244997,4713,19277,7434,36957,3171,21907,72204,117224,0,0,4362,4285,11580,15111,8626,48904,-45020,0,-99136,77,-3531,-14564,-29523,-18736,-40278,3
2022-10-20 14:00:00,131995,244483,2507,20531,6053,36202,2334,22242,71168,115552,0,0,4343,4492,11851,15776,8205,50633,-44384,0,-112488,-149,-3925,-18024,-30149,-19908,-42428,1
2022-10-20 15:00:00,133068,250846,1141,21798,6415,37402,3438,23173,71248,115140,0,0,4653,4244,12133,16177,8222,54802,-43892,0,-117778,409,-4044,-20657,-30987,-19735,-46580,3
2022-10-20 16:00:00,138343,259330,1244,23101,8226,38747,4311,23294,68196,115332,0,0,4561,4054,12325,15738,7906,56042,-47136,0,-120987,507,-3413,-21857,-30521,-18983,-48136,3
2022-10-20 17:00:00,138157,255498,1445,22823,5390,36343,5010,22835,67660,120980,0,0,4346,3834,12297,15157,8217,55461,-53320,0,-117341,512,-2860,-21378,-30953,-17825,-47244,3
2022-10-20 18:00:00,127631,239526,1476,21694,3696,33983,5333,21223,67096,124228,0,0,4173,3613,12223,14766,7964,52576,-57132,0,-111895,560,-2543,-20218,-30287,-15890,-44612,3
2022-10-20 19:00:00,115350,221509,1473,20161,3105,30938,4976,19607,64376,116296,0,0,3922,3431,12183,14428,7009,49528,-51920,0,-106159,491,-2245,-18688,-27833,-14631,-42519,3
2022-10-20 20:00:00,109507,204898,1468,19242,2890,28265,4934,18284,60984,104980,0,0,3585,3254,11706,13835,6689,46351,-43996,0,-95391,331,-2129,-17774,-25375,-13350,-39662,3
2022-10-20 21:00:00,110455,191883,1404,18606,3067,26294,5071,17331,60732,97008,0,0,3085,3138,11228,13104,6764,43741,-36276,0,-81428,-53,-1876,-17202,-23227,-12260,-36977,1
2022-10-20 22:00:00,113869,186173,1443,17716,3868,25045,5064,16758,64100,93284,0,0,2770,3069,10956,12837,6636,41499,-29184,0,-72304,-299,-1881,-16273,-21177,-11694,-34863,1
2022-10-20 23:00:00,115753,180764,1471,16814,3942,24308,4908,16365,62608,89424,0,0,2406,3037,10926,12920,6089,40002,-26816,0,-65011,-631,-1994,-15343,-20366,-11457,-33913,1
2022-10-21 00:00:00,110949,175606,1575,16318,3935,24107,4796,16449,62152,86664,0,0,2074,3011,10935,12807,5497,38957,-24512,0,-64657,-937,-1872,-14743,-20172,-11653,-33460,1
2022-10-21 01:00:00,103792,174145,1611,16297,4060,24236,4472,16803,60196,85196,0,0,1790,2945,10990,12879,5328,38492,-25000,0,-70353,-1155,-1889,-14686,-20176,-12331,-33164,1
2022-10-21 02:00:00,102974,182703,1612,16943,4198,25556,4186,17709,58832,86012,0,0,1659,3111,11529,13540,4231,38965,-27180,0,-79729,-1452,-2011,-15331,-21358,-13523,-34734,1
2022-10-21 03:00:00,95068,197596,1489,18670,3184,30007,3929,20271,56848,89068,0,0,1644,3464,12153,15078,3553,40393,-32220,0,-102528,-1820,-2925,-17181,-26823,-16342,-36840,1
2022-10-21 04:00:00,87226,224414,1330,21459,4725,34640,3903,22023,51144,99920,0,0,1476,3978,12462,16499,3611,44407,-48776,0,-137188,-2502,-4037,-20129,-29915,-18120,-40796,1
2022-10-21 05:00:00,93463,244114,1852,21739,7735,37770,4476,22623,52568,112180,0,0,1352,4214,12173,16400,3910,50243,-59612,0,-150651,-2862,-4227,-19887,-30035,-18147,-46333,1
2022-10-21 06:00:00,98242,250560,3560,20885,8379,38753,5036,22813,53524,116180,0,0,1413,4312,12090,16265,3804,53048,-62656,0,-152318,-2899,-4175,-17325,-30374,-17777,-49244,1
2022-10-21 07:00:00,96573,255706,5368,19931,8952,38847,5090,22386,55744,117292,0,0,1483,4428,11955,16344,4464,52348,-61548,0,-159133,-2945,-4389,-14563,-29895,-17296,-47884,1
2022-10-21 08:00:00,99477,257083,6239,19437,9256,38669,4977,22580,61680,117592,0,0,1230,4348,11829,16335,5672,51281,-55912,0,-157606,-3118,-4506,-13198,-29413,-17603,-45609,1
2022-10-21 09:00:00,94087,256872,6177,19598,10179,36702,4560,22514,65116,117640,0,0,1262,4216,11789,16181,5410,49627,-52524,0,-162785,-2954,-4392,-13421,-26523,-17954,-44217,1
2022-10-21 10:00:00,87762,252511,5538,19822,10046,36712,4369,22508,69692,118796,0,0,1296,4189,11658,15792,4926,45523,-49104,0,-164749,-2893,-4134,-14284,-26666,-18139,-40597,1
2022-10-21 11:00:00,86952,243133,4632,20057,8875,37016,3884,22133,72216,117876,0,0,1164,4099,11527,15614,4557,42789,-45660,0,-156181,-2935,-4087,-15425,-28141,-18249,-38232,1
2022-10-21 12:00:00,83802,236773,3349,20748,7856,37056,3075,22074,75444,115576,0,0,1273,4022,11418,15518,4782,42585,-40132,0,-152971,-2749,-4100,-17399,-29200,-18999,-37803,1
2022-10-21 13:00:00,81465,233602,2313,21388,7366,36875,2711,22040,72660,112792,0,0,1351,4070,11419,15434,4463,42855,-40132,0,-152137,-2719,-4015,-19075,-29509,-19329,-38392,1
2022-10-21 14:00:00,70429,230894,1590,21796,6321,36120,2905,22280,67576,111256,0,0,1423,4266,11451,15976,4431,46463,-43680,0,-160465,-2843,-4525,-20206,-29799,-19375,-42032,1
2022-10-21 15:00:00,71436,234859,1132,22346,6967,37010,3348,22931,59280,110492,0,0,1433,4212,11604,15917,5066,52680,-51212,0,-163423,-2779,-4313,-21214,-30043,-19583,-47614,1
2022-10-21 16:00:00,79286,241242,1021,23081,8026,37752,3494,22893,57192,110044,0,0,1395,3933,11747,15456,6375,54422,-52852,0,-161956,-2538,-3709,-22060,-29726,-19399,-48047,1
2022-10-21 17:00:00,75815,233582,886,22495,6826,35425,3176,22296,53164,115868,0,0,1332,3676,11549,14667,8270,53331,-62704,0,-157767,-2344,-3118,-21609,-28599,-19120,-45061,1
2022-10-21 18:00:00,70589,216964,749,21388,5611,32696,2734,20876,55628,117876,0,0,946,3501,11230,14042,9269,50685,-62248,0,-146375,-2555,-2812,-20639,-27085,-18142,-41416,1
2022-10-21 19:00:00,67031,202090,679,19941,5337,29950,2613,19338,52584,110864,0,0,923,3317,10862,13532,10795,47724,-58280,0,-135059,-2394,-2670,-19262,-24613,-16725,-36929,1
2022-10-21 20:00:00,63822,189856,630,19133,5627,27542,2361,18059,46472,100668,0,0,901,3149,10686,13014,11292,45087,-54196,0,-126034,-2248,-2328,-18503,-21915,-15698,-33795,1
2022-10-21 21:00:00,59153,176196,634,18379,6016,25542,2044,16941,43132,93412,0,0,695,3025,11018,12604,11012,42870,-50280,0,-117043,-2330,-1586,-17745,-19526,-14897,-31858,1
2022-10-21 22:00:00,58883,167176,626,17341,6214,24243,1806,16303,40700,89224,0,0,625,2943,10952,12340,9788,40805,-48524,0,-108293,-2318,-1388,-16715,-18029,-14497,-31017,1
2022-10-21 23:00:00,64776,158634,622,16367,6433,23214,1728,16001,39928,85328,0,0,517,2849,10980,12205,9957,39044,-45400,0,-93858,-2332,-1225,-15745,-16781,-14273,-29087,1
2022-10-22 00:00:00,72319,155392,618,15772,6570,22826,1708,15910,39368,81884,0,0,423,2797,10961,11991,11062,37735,-42516,0,-83073,-2374,-1030,-15154,-16256,-14202,-26673,1
2022-10-22 01:00:00,76744,154982,624,15568,7208,22651,1568,15958,39688,80128,0,0,505,2753,11044,12197,11893,37222,-40440,0,-78238,-2248,-1153,-14944,-15443,-14390,-25329,1
2022-10-22 02:00:00,73800,157273,620,15752,7512,22983,1511,16196,39472,79180,0,0,543,2782,11246,12439,11877,36931,-39708,0,-83473,-2239,-1193,-15132,-15471,-14685,-25054,1
2022-10-22 03:00:00,71280,160369,625,16176,7394,24971,1343,17028,38680,79160,0,0,549,2918,11044,12956,12368,37466,-40480,0,-89089,-2369,-1912,-15551,-17577,-15685,-25098,1
2022-10-22 04:00:00,67882,169376,664,17346,8406,27259,1441,17891,38072,82224,0,0,569,3195,11107,13474,12404,39148,-44152,0,-101494,-2626,-2367,-16682,-18853,-16450,-26744,1
2022-10-22 05:00:00,71306,183121,1063,18081,9944,29086,1653,19165,39908,86572,0,0,582,3381,11179,13722,12291,41885,-46664,0,-111815,-2799,-2543,-17018,-19142,-17512,-29594,1
2022-10-22 06:00:00,81735,196555,2153,18399,11778,30642,1933,19921,41852,90780,0,0,636,3533,11278,14306,11734,43601,-48928,0,-114820,-2897,-3028,-16246,-18864,-17988,-31867,1
2022-10-22 07:00:00,97919,207011,3435,18206,12544,30633,2189,20338,47036,96196,0,0,626,3663,11203,14454,11951,43048,-49160,0,-109092,-3037,-3251,-14771,-18089,-18149,-31097,1
2022-10-22 08:00:00,115667,213291,4400,18152,13072,29650,2171,20669,60720,99432,0,0,732,3692,10961,14289,11214,41440,-38712,0,-97624,-2960,-3328,-13752,-16578,-18498,-30226,1
2022-10-22 09:00:00,134536,214721,4203,18458,14026,28790,2073,20634,75088,99296,0,0,797,3659,10803,14074,10288,40473,-24208,0,-80185,-2862,-3271,-14255,-14764,-18561,-30185,1
2022-10-22 10:00:00,159151,212953,3088,18879,14444,27673,1945,20429,87908,99064,0,0,900,3648,10844,14343,9091,38535,-11156,0,-53802,-2748,-3499,-15791,-13229,-18484,-29444,1
2022-10-22 11:00:00,170770,205447,2148,18891,14629,26934,1854,19893,91924,100040,0,0,865,3612,10905,14600,8588,36652,-8116,0,-34677,-2747,-3695,-16743,-12305,-18039,-28064,1
2022-10-22 12:00:00,165830,200768,1413,19149,13465,26628,1768,19696,94336,97944,0,0,897,3564,10896,14279,8133,35799,-3608,0,-34938,-2667,-3383,-17736,-13163,-17928,-27666,1
2022-10-22 13:00:00,139220,197110,932,19325,10588,26483,1834,19621,94420,94344,0,0,906,3629,10998,14171,7871,36594,76,0,-57890,-2723,-3173,-18393,-15895,-17787,-28723,0
2022-10-22 14:00:00,100263,195792,721,19652,8391,27342,2120,19800,91004,92452,0,0,915,3865,11398,14375,6725,40998,-1448,0,-95529,-2950,-2977,-18931,-18951,-17680,-34273,1
2022-10-22 15:00:00,82455,202508,738,20165,9268,30216,2458,20495,84536,93172,0,0,948,3928,11795,14512,5071,47090,-8636,0,-120053,-2980,-2717,-19427,-20948,-18037,-42019,1
2022-10-22 16:00:00,92995,212529,766,20778,9875,31758,2631,20366,68432,94056,0,0,1059,3664,12020,14096,4020,49662,-25624,0,-119534,-2605,-2076,-20012,-21883,-17735,-45642,1
2022-10-22 17:00:00,92866,205840,811,20453,8429,29919,2180,19648,63148,100392,0,0,1166,3400,12161,13854,3548,49021,-37244,0,-112974,-2234,-1693,-19642,-21490,-17468,-45473,1
2022-10-22 18:00:00,83661,192281,827,19422,7279,27792,2247,18467,67144,103456,0,0,1271,3215,12180,13204,2713,46919,-36312,0,-108620,-1944,-1024,-18595,-20513,-16220,-44206,1
2022-10-22 19:00:00,83187,180947,857,18168,6805,25934,2311,17304,71080,100096,0,0,1306,3066,11956,12752,2522,44893,-29016,0,-97760,-1760,-796,-17311,-19129,-14993,-42371,1
2022-10-22 20:00:00,75117,172660,900,17074,6564,24099,2404,16190,73652,92068,0,0,1543,2924,11587,12273,2539,43035,-18416,0,-97543,-1381,-686,-16174,-17535,-13786,-40496,1
2022-10-22 21:00:00,68908,161522,907,16138,6336,22498,2496,15134,67144,86036,0,0,1542,2846,11354,12468,2936,41176,-18892,0,-92614,-1304,-1114,-15231,-16162,-12638,-38240,1
2022-10-22 22:00:00,64886,151327,791,15334,5952,21190,2420,14503,63632,81712,0,0,1420,2798,11336,12334,2939,39720,-18080,0,-86441,-1378,-998,-14543,-15238,-12083,-36781,1
2022-10-22 23:00:00,65509,146342,767,14557,5581,20394,2243,14171,65724,78144,0,0,1387,2724,11188,12156,2543,38166,-12420,0,-80833,-1337,-968,-13790,-14813,-11928,-35623,1
2022-10-23 00:00:00,64717,143637,724,14132,5817,20075,2093,13891,71088,75504,0,0,1505,2666,11101,11989,2276,37093,-4416,0,-78920,-1161,-888,-13408,-14258,-11798,-34817,1
2022-10-23 01:00:00,63951,143536,650,13889,5738,19883,1974,13937,73320,73864,0,0,1489,2656,10923,11993,2403,36454,-544,0,-79585,-1167,-1070,-13239,-14145,-11963,-34051,1
2022-10-23 02:00:00,62345,144885,649,13937,5662,20283,1932,14080,72104,73152,0,0,1286,2680,10919,12184,2401,36132,-1048,0,-82540,-1394,-1265,-13288,-14621,-12148,-33731,1
2022-10-23 03:00:00,58120,145060,630,14064,5303,21162,1948,14475,71556,73192,0,0,1128,2775,11088,12701,3211,36227,-1636,0,-86940,-1647,-1613,-13434,-15859,-12527,-33016,1
2022-10-23 04:00:00,54146,149249,644,14846,5880,22020,1978,14927,73096,75468,0,0,1002,3027,11301,13289,3373,36795,-2372,0,-95103,-2025,-1988,-14202,-16140,-12949,-33422,1
2022-10-23 05:00:00,56729,157685,934,15700,6836,23212,2269,15852,75000,78176,0,0,874,3256,11311,13597,3968,38416,-3176,0,-100956,-2382,-2286,-14766,-16376,-13583,-34448,1
2022-10-23 06:00:00,74054,169214,1953,16471,8711,24961,2946,16735,76436,80124,0,0,915,3450,11440,13978,6072,40330,-3688,0,-95160,-2535,-2538,-14518,-16250,-13789,-34258,1
2022-10-23 07:00:00,98351,181064,2924,16770,9978,25293,3662,17225,80260,85116,0,0,963,3584,11529,14016,8235,40840,-4856,0,-82713,-2621,-2487,-13846,-15315,-13563,-32605,1
2022-10-23 08:00:00,116902,189748,3680,16767,11125,25554,4258,17419,86832,89844,0,0,1043,3599,11481,13925,8771,40879,-3012,0,-72846,-2556,-2444,-13087,-14429,-13161,-32108,1
2022-10-23 09:00:00,129760,196239,4650,16374,11880,25615,4543,17351,85352,91796,0,0,1064,3604,11474,13900,8688,41113,-6444,0,-66479,-2540,-2426,-11724,-13735,-12808,-32425,1
2022-10-23 10:00:00,140818,192364,4932,15622,12989,24782,4578,17251,87416,93204,0,0,1150,3576,11300,13743,9240,41149,-5788,0,-51546,-2426,-2443,-10690,-11793,-12673,-31909,1
2022-10-23 11:00:00,144130,184727,4768,15131,12355,24088,4166,17023,91028,95008,0,0,1126,3578,11176,13784,6871,38644,-3980,0,-40597,-2452,-2608,-10363,-11733,-12857,-31773,1
2022-10-23 12:00:00,129642,178607,3916,15588,9960,23817,2971,16828,93164,93664,0,0,946,3594,11304,14123,7384,38528,-500,0,-48965,-2648,-2819,-11672,-13857,-13857,-31144,1
2022-10-23 13:00:00,107656,178815,2616,16576,8467,24293,1653,17010,88736,88428,0,0,853,3675,11436,14323,8420,38853,308,0,-71159,-2822,-2887,-13960,-15826,-15357,-30433,0
2022-10-23 14:00:00,104707,183042,1389,17516,6718,25360,1187,17708,83104,86120,0,0,1023,4031,11504,14722,10070,43021,-3016,0,-78335,-3008,-3218,-16127,-18642,-16521,-32951,1
2022-10-23 15:00:00,114971,194574,813,18432,7825,28069,1846,18866,79388,86748,0,0,1488,4162,11563,15048,12635,48492,-7360,0,-79603,-2674,-3485,-17619,-20244,-17020,-35857,1
2022-10-23 16:00:00,131432,206166,750,19650,10427,30017,2305,19030,65080,89456,0,0,1841,3884,11509,14719,13517,50079,-24376,0,-74734,-2043,-3210,-18900,-19590,-16725,-36562,1
2022-10-23 17:00:00,141653,201282,762,19478,8762,28554,2167,18554,59316,98132,0,0,2278,3640,11443,14583,14990,48936,-38816,0,-59629,-1362,-3140,-18716,-19792,-16387,-33946,1
2022-10-23 18:00:00,144035,194386,785,18529,7011,26764,2257,17628,55556,103408,0,0,2591,3478,11295,14046,14980,46947,-47852,0,-50351,-887,-2751,-17744,-19753,-15371,-31967,1
2022-10-23 19:00:00,140443,188749,829,17166,5717,24992,2421,16702,53364,100648,0,0,2939,3253,11151,13620,12461,44744,-47284,0,-48306,-314,-2469,-16337,-19275,-14281,-32283,1
2022-10-23 20:00:00,135770,181122,838,16027,5320,22981,2687,15613,50424,93808,99,0,3007,3081,10911,13089,12365,42096,-43384,99,-45352,-74,-2178,-15189,-17661,-12926,-29731,1
2022-10-23 21:00:00,141399,173168,854,15074,5381,21217,2662,14747,46024,86932,315,0,3041,3009,10093,12558,14693,40993,-40908,315,-31769,32,-2465,-14220,-15836,-12085,-26300,1
2022-10-23 22:00:00,143208,166079,803,14274,5517,20144,2823,14400,44792,82452,460,0,3034,2963,9804,12387,14919,38553,-37660,460,-22871,71,-2583,-13471,-14627,-11577,-23634,1
2022-10-23 23:00:00,143754,160415,774,13770,5919,19800,2914,14232,46136,79316,462,0,3033,2973,9653,12232,16004,37408,-33180,462,-16661,60,-2579,-12996,-13881,-11318,-21404,1
2022-10-24 00:00:00,149056,159070,726,13457,6392,19616,2919,14232,45628,77008,234,0,2957,2959,9444,12077,16485,36845,-31380,234,-10014,-2,-2633,-12731,-13224,-11313,-20360,1
2022-10-24 01:00:00,150152,160372,772,13578,6610,20194,2819,14633,44232,76404,218,0,2981,2983,9862,12116,17103,36513,-32172,218,-10220,-2,-2254,-12806,-13584,-11814,-19410,1
2022-10-24 02:00:00,154664,169128,742,14448,6126,22088,2765,15951,40432,77240,463,0,2895,3186,10500,12794,17837,37010,-36808,463,-14464,-291,-2294,-13706,-15962,-13186,-19173,1
2022-10-24 03:00:00,160025,186737,739,16673,6077,27275,2794,19244,37864,81488,541,0,2628,3695,11751,14376,18036,39209,-43624,541,-26712,-1067,-2625,-15934,-21198,-16450,-21173,1
2022-10-24 04:00:00,160949,221794,621,20054,8481,32555,2738,21260,37372,93356,644,0,2531,4223,12450,15818,18238,44246,-55984,644,-60845,-1692,-3368,-19433,-24074,-18522,-26008,1
2022-10-24 05:00:00,169905,244064,848,20967,10125,35924,3077,22335,38588,106404,719,0,2542,4408,12627,16117,18417,50015,-67816,719,-74159,-1866,-3490,-20119,-25799,-19258,-31598,1
2022-10-24 06:00:00,179031,253559,1612,21097,11144,37060,3614,22687,39456,111352,380,0,2812,4462,12826,16176,18467,52198,-71896,380,-74528,-1650,-3350,-19485,-25916,-19073,-33731,1
2022-10-24 07:00:00,183218,254381,2827,20775,11598,37350,3916,22394,43288,112408,498,0,3063,4546,12899,16502,18728,50550,-69120,498,-71163,-1483,-3603,-17948,-25752,-18478,-31822,1
2022-10-24 08:00:00,189766,257453,3981,20388,13166,37277,4440,22432,50504,112656,514,0,3348,4483,12508,16273,18847,48885,-62152,514,-67687,-1135,-3765,-16407,-24111,-17992,-30038,1
2022-10-24 09:00:00,197208,262182,4519,20128,14109,35412,4506,22309,56136,112504,708,0,3613,4393,12570,16048,18672,46009,-56368,708,-64974,-780,-3478,-15609,-21303,-17803,-27337,1
2022-10-24 10:00:00,200726,260602,4493,20199,14217,35057,4417,22112,61020,112936,1274,0,4033,4423,12593,15992,18966,45613,-51916,1274,-59876,-390,-3399,-15706,-20840,-17695,-26647,1
2022-10-24 11:00:00,200917,256521,4055,19899,13987,35923,3773,21826,64804,112412,1306,0,4025,4273,12777,15992,18159,46024,-47608,1306,-55604,-248,-3215,-15844,-21936,-18053,-27865,1
2022-10-24 12:00:00,196047,252004,3211,20287,12678,35818,3303,22127,65620,111144,1338,0,4154,4265,12542,15817,17958,46399,-45524,1338,-55957,-111,-3275,-17076,-23140,-18824,-28441,1
2022-10-24 13:00:00,183973,248036,2136,20860,11457,36070,3145,21974,63284,109444,1096,0,4304,4266,12953,15856,17362,47283,-46160,1096,-64063,38,-2903,-18724,-24613,-18829,-29921,1
2022-10-24 14:00:00,165671,244543,1047,21310,9782,35351,2985,22335,54628,109220,1132,0,4205,4730,13138,16241,15635,50048,-54592,1132,-78872,-525,-3103,-20263,-25569,-19350,-34413,1
2022-10-24 15:00:00,152935,248183,673,22057,10453,36617,3759,23080,48052,109740,1145,0,4344,4667,13314,15995,13942,54548,-61688,1145,-95248,-323,-2681,-21384,-26164,-19321,-40606,1
2022-10-24 16:00:00,162476,256297,695,23056,12105,37427,4392,23043,39824,110680,1286,0,4419,4266,13070,15242,12346,55365,-70856,1286,-93821,153,-2172,-22361,-25322,-18651,-43019,1
2022-10-24 17:00:00,164732,249732,733,22589,9950,35268,4393,22499,37456,118636,1333,0,4510,4109,13103,14958,12540,54246,-81180,1333,-85000,401,-1855,-21856,-25318,-18106,-41706,1
2022-10-24 18:00:00,153273,233826,783,21444,8651,32488,4021,20960,39188,121180,1265,0,4377,3965,12486,14371,13196,51940,-81992,1265,-80553,412,-1885,-20661,-23837,-16939,-38744,1
2022-10-24 19:00:00,151366,218245,731,19857,8596,29691,3751,19175,37440,113688,1191,0,4116,3710,11735,13522,13321,49104,-76248,1191,-66879,406,-1787,-19126,-21095,-15424,-35783,1
2022-10-24 20:00:00,150549,205358,607,19032,8404,27314,3772,17831,32384,102056,1092,0,4330,3481,11326,13035,13507,45896,-69672,1092,-54809,849,-1709,-18425,-18910,-14059,-32389,1
2022-10-24 21:00:00,151551,191530,614,18389,8305,25379,3658,16879,32048,93756,1088,0,4519,3257,10783,12553,13266,43249,-61708,1088,-39979,1262,-1770,-17775,-17074,-13221,-29983,3
2022-10-24 22:00:00,149359,181149,606,17263,8237,24177,3388,16355,30260,90004,1146,0,4252,3127,10687,12301,13738,40989,-59744,1146,-31790,1125,-1614,-16657,-15940,-12967,-27251,1
2022-10-24 23:00:00,152492,176234,630,16320,7969,23498,3148,16071,31988,86008,1264,0,3850,3131,10656,11800,13180,39201,-54020,1264,-23742,719,-1144,-15690,-15529,-12923,-26021,1
2022-10-25 00:00:00,149538,172729,611,15791,7868,23348,3002,16086,34644,83236,1226,0,3555,3051,10698,11628,12798,38352,-48592,1226,-23191,504,-930,-15180,-15480,-13084,-25554,1
2022-10-25 01:00:00,145350,174166,763,15806,7541,23486,2867,16313,38684,82248,1198,0,3334,3056,10834,11600,12361,38171,-43564,1198,-28816,278,-766,-15043,-15945,-13446,-25810,1
2022-10-25 02:00:00,137053,181048,716,16475,7472,25000,2865,17303,41648,82380,1202,0,3300,3168,11432,12333,10866,38379,-40732,1202,-43995,132,-901,-15759,-17528,-14438,-27513,1
2022-10-25 03:00:00,128308,198433,647,18136,7098,29591,2933,19921,42564,85576,1281,0,3333,3677,12707,13735,10219,40250,-43012,1281,-70125,-344,-1028,-17489,-22493,-16988,-30031,1
2022-10-25 04:00:00,125911,228425,675,20980,7715,34487,2840,21715,44164,95796,1330,0,3263,4255,13382,15036,10120,44614,-51632,1330,-102514,-992,-1654,-20305,-26772,-18875,-34494,1
2022-10-25 05:00:00,130852,247125,813,21745,9840,37655,3460,22339,48408,108744,1452,0,3345,4365,13543,15105,9681,50484,-60336,1452,-116273,-1020,-1562,-20932,-27815,-18879,-40803,1
2022-10-25 06:00:00,137379,249572,1354,21730,10881,38416,4073,22400,51380,112836,1533,0,3315,4436,13575,15300,9481,53060,-61456,1533,-112193,-1121,-1725,-20376,-27535,-18327,-43579,1
2022-10-25 07:00:00,143139,255047,1932,21547,11933,37739,4423,22172,56488,113896,798,0,3639,4271,13626,15501,8832,50244,-57408,798,-111908,-632,-1875,-19615,-25806,-17749,-41412,1
2022-10-25 08:00:00,161202,258409,2128,21458,12843,37656,4303,22503,63796,114364,802,0,3889,4377,13459,15490,9409,47338,-50568,802,-97207,-488,-2031,-19330,-24813,-18200,-37929,1
2022-10-25 09:00:00,167286,260432,2333,21615,12479,35213,3851,22470,70536,114428,1518,0,3980,4360,13227,15435,9387,46125,-43892,1518,-93146,-380,-2208,-19282,-22734,-18619,-36738,1
2022-10-25 10:00:00,180039,257964,2673,21313,13286,34414,4445,22124,75752,116172,1466,0,3922,4366,13119,15150,9613,43252,-40420,1466,-77925,-444,-2031,-18640,-21128,-17679,-33639,1
2022-10-25 11:00:00,192788,252245,3658,19612,13297,35812,4423,21751,86688,115852,1330,0,3738,4301,13104,15203,8954,42143,-29164,1330,-59457,-563,-2099,-15954,-22515,-17328,-33189,1
2022-10-25 12:00:00,175122,247727,3931,19508,12346,36457,3572,21852,93400,113664,1280,0,3505,4183,13082,15348,7807,42301,-20264,1280,-72605,-678,-2266,-15577,-24111,-18280,-34494,1
2022-10-25 13:00:00,142849,240618,3073,20173,10174,36414,2564,21955,97772,111352,1312,0,3104,4177,13018,15357,6920,44405,-13580,1312,-97769,-1073,-2339,-17100,-26240,-19391,-37485,1
2022-10-25 14:00:00,107964,235960,1593,21006,10113,36183,2183,22344,96112,111024,1412,0,2757,4375,13292,15621,5741,48373,-14912,1412,-127996,-1618,-2329,-19413,-26070,-20161,-42632,1
2022-10-25 15:00:00,89385,239322,604,22035,10669,37427,3129,23191,89168,111900,1681,0,2691,4350,13385,15936,4526,53772,-22732,1681,-149937,-1659,-2551,-21431,-26758,-20062,-49246,1
2022-10-25 16:00:00,93945,249943,587,23139,10886,38330,3366,23203,78472,112736,1786,0,2419,4059,13320,15708,4472,55494,-34264,1786,-155998,-1640,-2388,-22552,-27444,-19837,-51022,1
2022-10-25 17:00:00,91346,244782,586,22729,8495,36175,3157,22647,67112,119948,2227,0,2140,3840,12699,15199,4473,54377,-52836,2227,-153436,-1700,-2500,-22143,-27680,-19490,-49904,1
2022-10-25 18:00:00,83548,231857,620,21590,6744,33433,2977,21155,60288,121980,2656,0,2032,3666,12306,14555,4419,51718,-61692,2656,-148309,-1634,-2249,-20970,-26689,-18178,-47299,1
2022-10-25 19:00:00,76477,216982,664,20121,6147,30401,2844,19392,56064,115432,2909,0,1856,3429,11599,13540,4919,48759,-59368,2909,-140505,-1573,-1941,-19457,-24254,-16548,-43840,1
2022-10-25 20:00:00,71491,200688,780,19207,5818,27904,2785,17932,50360,103456,2742,0,1593,3224,11011,12677,5628,45671,-53096,2742,-129197,-1631,-1666,-18427,-22086,-15147,-40043,1
2022-10-25 21:00:00,71043,185570,864,18461,5770,25578,2657,16815,47368,94852,2658,0,1424,3097,10561,12183,5318,42877,-47484,2658,-114527,-1673,-1622,-17597,-19808,-14158,-37559,1
2022-10-25 22:00:00,70505,176421,820,17407,6349,24239,2537,16308,42716,91032,2707,0,1353,3029,10400,11977,5117,40469,-48316,2707,-105916,-1676,-1577,-16587,-17890,-13771,-35352,1
2022-10-25 23:00:00,65634,169608,742,16529,6805,23520,2368,16065,40376,87432,2639,0,1125,2974,10281,11965,5315,38765,-47056,2639,-103974,-1849,-1684,-15787,-16715,-13697,-33450,1
2022-10-26 00:00:00,66820,165052,741,16023,6458,23379,2113,16058,40300,85024,2438,0,1034,2955,10320,11914,6238,37975,-44724,2438,-98232,-1921,-1594,-15282,-16921,-13945,-31737,1
2022-10-26 01:00:00,70426,167583,738,15988,5935,23670,1777,16334,39640,83584,2090,0,907,2962,10378,12052,5956,37660,-43944,2090,-97157,-2055,-1674,-15250,-17735,-14557,-31704,1
2022-10-26 02:00:00,68401,173998,751,16550,5377,25121,1537,17316,39512,83556,2138,0,761,3168,10917,12740,5980,37926,-44044,2138,-105597,-2407,-1823,-15799,-19744,-15779,-31946,1
2022-10-26 03:00:00,61346,190266,732,18241,5432,29606,1415,20165,38400,86996,2458,0,794,3695,12049,14435,6743,39732,-48596,2458,-128920,-2901,-2386,-17509,-24174,-18750,-32989,1
2022-10-26 04:00:00,69880,221503,723,21148,7067,34618,1460,22035,35404,97320,3082,0,831,4250,12454,15741,8213,44466,-61916,3082,-151623,-3419,-3287,-20425,-27551,-20575,-36253,1
2022-10-26 05:00:00,85692,240181,1011,21778,10121,37452,2105,22629,37880,110176,3071,0,900,4386,12481,16004,9530,50558,-72296,3071,-154489,-3486,-3523,-20767,-27331,-20524,-41028,1
2022-10-26 06:00:00,92998,246700,2023,21129,12067,38203,2919,22682,41108,114548,2972,0,941,4404,12534,16085,10801,53024,-73440,2972,-153702,-3463,-3551,-19106,-26136,-19763,-42223,1
2022-10-26 07:00:00,99043,250854,3294,20308,12198,37460,3482,22238,42880,115516,3053,0,1092,4463,12444,16035,10418,49471,-72636,3053,-151811,-3371,-3591,-17014,-25262,-18756,-39053,1
2022-10-26 08:00:00,112011,254188,4357,19869,12547,36690,4145,22251,47672,115360,3149,0,1197,4432,12371,15866,10225,44149,-67688,3149,-142177,-3235,-3495,-15512,-24143,-18106,-33924,1
2022-10-26 09:00:00,124017,256691,4971,19700,12321,34548,4542,22129,49960,115492,3160,0,1360,4379,12308,15776,10129,41326,-65532,3160,-132674,-3019,-3468,-14729,-22227,-17587,-31197,1
2022-10-26 10:00:00,129042,253366,5035,19810,12206,34510,4543,21993,54708,116600,3203,0,1457,4402,12326,15846,10847,40291,-61892,3203,-124324,-2945,-3520,-14775,-22304,-17450,-29444,1
2022-10-26 11:00:00,129775,245714,4580,19541,11822,35510,4200,21942,61824,115604,3143,0,1410,4302,12155,15857,10149,39081,-53780,3143,-115939,-2892,-3702,-14961,-23688,-17742,-28932,1
2022-10-26 12:00:00,123951,241789,3232,20199,10362,36158,3162,21964,65856,113928,3086,0,1438,4154,11856,15794,11305,39418,-48072,3086,-117838,-2716,-3938,-16967,-25796,-18802,-28113,1
2022-10-26 13:00:00,107285,238145,2161,20896,8607,36656,1852,21949,63232,112140,3322,0,1585,4171,11867,15666,12542,43362,-48908,3322,-130860,-2586,-3799,-18735,-28049,-20097,-30820,1
2022-10-26 14:00:00,89744,237724,1268,21473,8067,36295,1501,22327,55724,112376,1651,0,1755,4419,12045,16125,12507,49663,-56652,1651,-147980,-2664,-4080,-20205,-28228,-20826,-37156,1
2022-10-26 15:00:00,82711,242234,830,22321,9345,37843,1946,23282,48780,112064,0,0,1892,4430,11975,16299,12993,54255,-63284,0,-159523,-2538,-4324,-21491,-28498,-21336,-41262,1
2022-10-26 16:00:00,98988,252150,808,23138,10254,38501,2089,23313,45884,112960,0,0,2208,4127,11871,16145,13620,55227,-67076,0,-153162,-1919,-4274,-22330,-28247,-21224,-41607,1
2022-10-26 17:00:00,103038,246291,810,22668,7705,36532,1974,22663,47984,120716,0,0,2658,3899,11944,15613,12667,53850,-72732,0,-143253,-1241,-3669,-21858,-28827,-20689,-41183,1
2022-10-26 18:00:00,105433,234795,816,21556,6476,33742,1848,21251,53032,122808,1492,0,2947,3679,11677,14764,10810,51055,-69776,1492,-129362,-732,-3087,-20740,-27266,-19403,-40245,1
2022-10-26 19:00:00,108402,220238,798,20052,6095,30676,1565,19607,54232,114596,2916,0,2993,3445,11332,13967,10485,48483,-60364,2916,-111836,-452,-2635,-19254,-24581,-18042,-37998,1
2022-10-26 20:00:00,110186,205524,810,19209,6075,28169,1649,18104,56308,102892,2794,0,2909,3308,10907,13172,9089,45696,-46584,2794,-95338,-399,-2265,-18399,-22094,-16455,-36607,1
2022-10-26 21:00:00,113261,190801,807,18443,4326,25764,1741,17083,58736,95140,2558,0,2818,3190,10730,12795,7084,43073,-36404,2558,-77540,-372,-2065,-17636,-21438,-15342,-35989,1
2022-10-26 22:00:00,110494,178865,799,17415,4425,24440,1769,16443,60252,90500,2288,0,2676,3019,10801,12339,7838,41045,-30248,2288,-68371,-343,-1538,-16616,-20015,-14674,-33207,1
2022-10-26 23:00:00,99419,171298,793,16517,4380,23700,1650,16212,64768,86720,2180,0,2479,2963,11021,12014,7056,39345,-21952,2180,-71879,-484,-993,-15724,-19320,-14562,-32289,1
2022-10-27 00:00:00,91574,169340,791,16013,4628,23482,1592,16267,67464,84468,2306,0,2257,2888,11076,11579,5618,38159,-17004,2306,-77766,-631,-503,-15222,-18854,-14675,-32541,1
2022-10-27 01:00:00,90191,171443,778,15963,4541,23707,1569,16628,68112,82976,2428,0,2178,2934,11460,11851,6467,37796,-14864,2428,-81252,-756,-391,-15185,-19166,-15059,-31329,1
2022-10-27 02:00:00,82600,178011,780,16614,4715,25134,1543,17519,68876,82924,2176,0,2110,3149,11976,12370,7045,37940,-14048,2176,-95411,-1039,-394,-15834,-20419,-15976,-30895,1
2022-10-27 03:00:00,73852,195310,778,18251,5729,29534,1626,20156,68444,86084,1741,0,2067,3664,13129,13739,7427,39582,-17640,1741,-121458,-1597,-610,-17473,-23805,-18530,-32155,1
2022-10-27 04:00:00,80371,226062,774,21054,7099,34229,2062,21831,67684,96948,1678,0,2165,4199,14073,15128,8350,44179,-29264,1678,-145691,-2034,-1055,-20280,-27130,-19769,-35829,1
2022-10-27 05:00:00,95375,246551,910,21712,8858,36676,2642,22447,65840,109628,1664,0,2099,4355,14088,15182,9379,50433,-43788,1664,-151176,-2256,-1094,-20802,-27818,-19805,-41054,1
2022-10-27 06:00:00,99809,251004,1617,21556,9799,37287,3619,22652,64592,113816,1500,0,2012,4382,14049,15295,10832,52866,-49224,1500,-151195,-2370,-1246,-19939,-27488,-19033,-42034,1
2022-10-27 07:00:00,116488,251052,2704,21143,11060,36514,4385,22129,70560,114420,1428,0,1961,4407,14085,15668,12447,50117,-43860,1428,-134564,-2446,-1583,-18439,-25454,-17744,-37670,1
2022-10-27 08:00:00,134627,253073,3702,20741,11487,35722,4961,21938,81848,113860,1796,0,1895,4401,13866,15539,13219,45941,-32012,1796,-118446,-2506,-1673,-17039,-24235,-16977,-32722,1
2022-10-27 09:00:00,153000,252537,4314,20496,11944,33887,5390,21852,89652,113744,2124,0,1868,4385,13670,15405,13694,43955,-24092,2124,-99537,-2517,-1735,-16182,-21943,-16462,-30261,1
2022-10-27 10:00:00,158399,246130,4532,20281,12174,33993,5243,21724,93760,114408,2304,0,1885,4420,13421,15182,13408,44226,-20648,2304,-87731,-2535,-1761,-15749,-21819,-16481,-30818,1
2022-10-27 11:00:00,165507,242955,4478,19718,12022,35078,4483,21562,94184,114548,2128,0,1766,4307,13329,15235,13068,46683,-20364,2128,-77448,-2541,-1906,-15240,-23056,-17079,-33615,1
2022-10-27 12:00:00,151986,239927,3962,20031,10964,35865,3275,21804,97120,112944,1658,0,1714,4202,13070,15159,12942,47527,-15824,1658,-87941,-2488,-2089,-16069,-24901,-18529,-34585,1
2022-10-27 13:00:00,129149,235935,2775,20629,8709,36220,1733,21866,94464,110676,1684,0,1579,4215,13309,15071,12199,48474,-16212,1684,-106786,-2636,-1762,-17854,-27511,-20133,-36275,1
2022-10-27 14:00:00,109229,234413,1414,21339,6983,35809,1276,22429,85300,111540,868,0,1814,4449,13594,15564,11763,50533,-26240,868,-125184,-2635,-1970,-19925,-28826,-21153,-38770,1
2022-10-27 15:00:00,105990,242154,831,22229,7508,37285,1879,23423,74300,111388,1150,0,2293,4418,13573,15232,10797,54459,-37088,1150,-136164,-2125,-1659,-21398,-29777,-21544,-43662,1
2022-10-27 16:00:00,123730,255441,818,23067,7721,38152,2282,23411,65120,112116,2335,0,2592,4110,13456,14925,11248,56227,-46996,2335,-131711,-1518,-1469,-22249,-30431,-21129,-44979,1
2022-10-27 17:00:00,129580,249672,817,22624,6956,36012,2436,22664,63252,119004,2364,0,2595,3931,13276,13789,11577,55093,-55752,2364,-120092,-1336,-513,-21807,-29056,-20228,-43516,1
2022-10-27 18:00:00,126433,232440,817,21607,5455,33255,2279,21143,62768,121532,2301,0,2383,3817,12717,13463,11693,52585,-58764,2301,-106007,-1434,-746,-20790,-27800,-18864,-40892,1
2022-10-27 19:00:00,123150,217637,816,20146,4754,30153,2383,19370,62648,114552,2313,0,2572,3596,12355,13239,10558,49323,-51904,2313,-94487,-1024,-884,-19330,-25399,-16987,-38765,1
2022-10-27 20:00:00,120305,203177,793,19237,4479,27806,2512,17974,65184,103376,2276,0,2939,3236,11927,12358,8620,46596,-38192,2276,-82872,-297,-431,-18444,-23327,-15462,-37976,1
2022-10-27 21:00:00,125398,189542,710,18520,4579,25657,2529,16812,68820,94704,2210,0,2863,3177,10781,12061,6512,44424,-25884,2210,-64144,-314,-1280,-17810,-21078,-14283,-37912,1
2022-10-27 22:00:00,124872,181393,696,17418,4355,24155,2602,16397,67656,90260,2091,0,2968,3066,10514,12108,5858,42270,-22604,2091,-56521,-98,-1594,-16722,-19800,-13795,-36412,1
2022-10-27 23:00:00,117446,175007,714,16441,5213,23539,2643,16109,68456,86236,2030,0,3039,2957,10222,11876,5337,40500,-17780,2030,-57561,82,-1654,-15727,-18326,-13466,-35163,1
2022-10-28 00:00:00,112319,172294,681,15928,5906,23301,2712,16110,66396,83740,1656,0,2843,2912,9984,11458,4842,39449,-17344,1656,-59975,-69,-1474,-15247,-17395,-13398,-34607,1
2022-10-28 01:00:00,106162,171657,666,15853,5959,23595,2860,16489,63396,82648,1348,0,2507,2920,10200,11617,5495,38729,-19252,1348,-65495,-413,-1417,-15187,-17636,-13629,-33234,1
2022-10-28 02:00:00,101872,177584,672,16451,4543,24970,2831,17308,58044,82400,1556,0,2125,3129,10943,12505,5775,38760,-24356,1556,-75712,-1004,-1562,-15779,-20427,-14477,-32985,1
2022-10-28 03:00:00,99186,193017,630,17984,5494,29425,3059,19986,51668,86056,2250,0,1907,3651,12120,14153,6350,40473,-34388,2250,-93831,-1744,-2033,-17354,-23931,-16927,-34123,1
2022-10-28 04:00:00,94825,223545,684,20734,6638,33941,3435,21705,46828,96620,2112,0,1687,4225,13251,14979,7166,44283,-49792,2112,-128720,-2538,-1728,-20050,-27303,-18270,-37117,1
2022-10-28 05:00:00,105331,243844,767,21555,8738,36726,3824,22312,44748,109036,1974,0,1401,4373,13475,15274,7138,50082,-64288,1974,-138513,-2972,-1799,-20788,-27988,-18488,-42944,1
2022-10-28 06:00:00,112872,250987,1062,21834,11094,37215,4566,22348,44416,112688,1966,0,1429,4339,13892,15600,7516,52761,-68272,1966,-138115,-2910,-1708,-20772,-26121,-17782,-45245,1
2022-10-28 07:00:00,125035,253716,1380,21770,12066,36981,5115,22042,49760,112996,1088,0,1385,4363,13881,15528,8446,50247,-63236,1088,-128681,-2978,-1647,-20390,-24915,-16927,-41801,1
2022-10-28 08:00:00,139337,252104,1672,21766,12385,36180,5350,21779,59276,112860,1444,0,1396,4361,13663,15282,10112,47066,-53584,1444,-112767,-2965,-1619,-20094,-23795,-16429,-36954,1
2022-10-28 09:00:00,151256,251990,1949,21649,12773,34343,5438,21660,66328,113008,2792,0,1410,4195,13518,15179,10229,44408,-46680,2792,-100734,-2785,-1661,-19700,-21570,-16222,-34179,1
2022-10-28 10:00:00,150846,248552,2060,21430,12743,34083,4932,21604,70772,113760,2812,0,1328,4108,13455,14782,10211,43021,-42988,2812,-97706,-2780,-1327,-19370,-21340,-16672,-32810,1
2022-10-28 11:00:00,153708,238453,2090,20902,12330,34942,4398,21347,76716,113364,2672,0,1342,3968,13183,14568,11780,44659,-36648,2672,-84745,-2626,-1385,-18812,-22612,-16949,-32879,1
2022-10-28 12:00:00,139745,233416,1926,20990,10921,35340,3797,21437,78992,111520,2564,0,1454,3900,12959,14273,13373,46411,-32528,2564,-93671,-2446,-1314,-19064,-24419,-17640,-33038,1
2022-10-28 13:00:00,127629,230848,1477,21287,8996,35606,3105,21444,79560,109132,2538,0,1340,3923,13138,14555,14273,48140,-29572,2538,-103219,-2583,-1417,-19810,-26610,-18339,-33867,1
2022-10-28 14:00:00,121249,229646,848,21751,7482,35037,3606,21759,74664,108388,2420,0,1530,4149,13141,14768,14221,51381,-33724,2420,-108397,-2619,-1627,-20903,-27555,-18153,-37160,1
2022-10-28 15:00:00,118797,236048,628,22247,8107,36637,4585,22467,69280,108280,2436,0,1885,4238,12993,14553,14442,54859,-39000,2436,-117251,-2353,-1560,-21619,-28530,-17882,-40417,1
2022-10-28 16:00:00,128345,243825,639,22597,9095,37229,5266,22517,59604,108576,2202,0,2410,3973,12859,14141,13883,55234,-48972,2202,-115480,-1563,-1282,-21958,-28134,-17251,-41351,1
2022-10-28 17:00:00,136914,238057,621,21982,7908,35009,5567,21836,56380,114688,2463,0,2480,3775,12797,13599,12209,53593,-58308,2463,-101143,-1295,-802,-21361,-27101,-16269,-41384,1
2022-10-28 18:00:00,136050,223303,602,21002,5809,32316,5714,20205,55532,115704,2838,0,2679,3599,12442,13033,9030,50977,-60172,2838,-87253,-920,-591,-20400,-26507,-14491,-41947,1
2022-10-28 19:00:00,128957,207922,603,19666,5125,29377,5472,18650,57372,108928,2492,0,3314,3368,12071,12357,6646,47955,-51556,2492,-78965,-54,-286,-19063,-24252,-13178,-41309,1
2022-10-28 20:00:00,115348,193386,607,18968,4767,27020,4717,17385,62616,99224,2184,0,3261,3277,11860,12186,4202,45858,-36608,2184,-78038,-16,-326,-18361,-22253,-12668,-41656,1
2022-10-28 21:00:00,106179,179530,602,18250,4805,24971,4576,16439,64432,92220,1768,0,3204,3151,11424,12248,2768,43880,-27788,1768,-73351,53,-824,-17648,-20166,-11863,-41112,1
2022-10-28 22:00:00,93236,173324,602,17289,4382,23541,4557,15788,64900,87992,1818,0,3387,2987,10934,11609,2163,41788,-23092,1818,-80088,400,-675,-16687,-19159,-11231,-39625,1
2022-10-28 23:00:00,82773,165660,597,16268,4275,22635,4607,15400,65004,83312,1598,0,3434,2849,10833,11011,1446,40208,-18308,1598,-82887,585,-178,-15671,-18360,-10793,-38762,1
2022-10-29 00:00:00,77513,161179,591,15646,4222,22278,4766,15344,64520,80540,960,0,3604,2621,10999,10533,918,39495,-16020,960,-83666,983,466,-15055,-18056,-10578,-38577,3
2022-10-29 01:00:00,69843,159523,582,15327,4166,22173,4871,15315,63200,78552,650,0,3362,2667,11327,10329,684,38873,-15352,650,-89680,695,998,-14745,-18007,-10444,-38189,4
2022-10-29 02:00:00,61979,160777,583,15492,4250,22601,5033,15525,64776,77812,701,0,2918,2708,11569,10882,1024,38285,-13036,701,-98798,210,687,-14909,-18351,-10492,-37261,1
2022-10-29 03:00:00,54929,164757,590,15841,4761,24577,5210,16583,63012,77584,852,0,2667,2815,11996,11148,1075,38739,-14572,852,-109828,-148,848,-15251,-19816,-11373,-37664,1
2022-10-29 04:00:00,52361,172507,606,17029,5920,26849,5098,17392,59900,81124,919,0,2560,3042,12323,11985,1635,40000,-21224,919,-120146,-482,338,-16423,-20929,-12294,-38365,1
2022-10-29 05:00:00,55432,184995,663,17991,7840,28394,5638,18356,56444,85712,1080,0,2535,3301,12480,12708,2615,42282,-29268,1080,-129563,-766,-228,-17328,-20554,-12718,-39667,1
2022-10-29 06:00:00,63108,195983,887,18896,11354,29516,6478,19286,55420,90280,1598,0,2612,3442,12831,13276,4417,44988,-34860,1598,-132875,-830,-445,-18009,-18162,-12808,-40571,1
2022-10-29 07:00:00,79604,204489,1176,19303,12382,28897,6772,19190,59156,94772,2526,0,2621,3510,13044,13465,4044,44948,-35616,2526,-124885,-889,-421,-18127,-16515,-12418,-40904,1
2022-10-29 08:00:00,94139,208411,1455,19614,12664,27815,7181,19103,71008,96804,2694,0,2887,3529,13415,13661,4619,43386,-25796,2694,-114272,-642,-246,-18159,-15151,-11922,-38767,1
2022-10-29 09:00:00,106594,210677,1640,19724,13237,26677,7354,18971,79164,97012,2766,0,2963,3488,13412,13309,5099,42055,-17848,2766,-104083,-525,103,-18084,-13440,-11617,-36956,1
2022-10-29 10:00:00,113764,207846,1806,19328,13266,25860,7040,18841,85524,96656,2710,0,2825,3476,13632,13240,4445,37467,-11132,2710,-94082,-651,392,-17522,-12594,-11801,-33022,1
2022-10-29 11:00:00,123470,201353,2033,18595,12654,25607,6087,18444,91748,98008,2607,0,2409,3447,13665,13222,3622,36054,-6260,2607,-77883,-1038,443,-16562,-12953,-12357,-32432,1
2022-10-29 12:00:00,109857,196275,1924,18417,11277,25868,4515,18476,90392,95256,2486,0,1903,3438,13569,13286,3337,36357,-4864,2486,-86418,-1535,283,-16493,-14591,-13961,-33020,1
2022-10-29 13:00:00,78831,192117,1460,18569,8756,26470,3172,18516,87856,91540,2332,0,1478,3547,13636,13783,3817,40267,-3684,2332,-113286,-2069,-147,-17109,-17714,-15344,-36450,1
2022-10-29 14:00:00,56481,192997,869,19031,6929,27358,3208,19277,78412,90324,2972,0,1259,3787,13530,14249,3926,44498,-11912,2972,-136516,-2528,-719,-18162,-20429,-16069,-40572,1
2022-10-29 15:00:00,58708,203230,622,19693,9126,30419,3425,19869,67452,90120,2866,0,1188,3862,13498,14647,4471,49076,-22668,2866,-144522,-2674,-1149,-19071,-21293,-16444,-44605,1
2022-10-29 16:00:00,73558,211509,687,20305,9167,31568,3339,19612,53780,92268,2671,0,1101,3605,12983,14212,7636,50693,-38488,2671,-137951,-2504,-1229,-19618,-22401,-16273,-43057,1
2022-10-29 17:00:00,75679,203272,706,20005,7611,29560,2752,19072,47300,99128,2523,0,995,3411,12436,13881,9454,49134,-51828,2523,-127593,-2416,-1445,-19299,-21949,-16320,-39680,1
2022-10-29 18:00:00,74401,191736,684,19178,5704,27212,2448,17966,48624,101272,2365,0,933,3257,11954,13438,9867,47021,-52648,2365,-117335,-2324,-1484,-18494,-21508,-15518,-37154,1
2022-10-29 19:00:00,75138,181740,699,18056,5052,25294,2184,16893,46948,98412,1123,0,821,3118,11432,12778,9462,44969,-51464,1123,-106602,-2297,-1346,-17357,-20242,-14709,-35507,1
2022-10-29 20:00:00,72444,171230,678,16945,4778,23576,1960,15723,47308,90824,1087,0,735,2994,11010,12359,8914,43147,-43516,1087,-98786,-2259,-1349,-16267,-18798,-13763,-34233,1
2022-10-29 21:00:00,71392,160343,698,15984,4998,21882,1910,14619,46872,85324,2172,0,669,2887,10362,12025,8525,41208,-38452,2172,-88951,-2218,-1663,-15286,-16884,-12709,-32683,1
2022-10-29 22:00:00,70598,149809,700,15061,4293,20476,1848,13974,46244,80724,1151,0,725,2756,9970,11691,7393,39325,-34480,1151,-79211,-2031,-1721,-14361,-16183,-12126,-31932,1
2022-10-29 23:00:00,81515,145026,709,14344,4110,19681,1589,13640,48140,76544,0,0,813,2655,19221,11145,6823,37921,-28404,0,-63511,-1842,8076,-13635,-15571,-12051,-31098,4
2022-10-30 00:00:00,80716,140629,711,13835,3977,19201,1470,13440,48688,74084,0,0,986,2584,19078,10917,5774,37040,-25396,0,-59913,-1598,8161,-13124,-15224,-11970,-31266,4
2022-10-30 01:00:00,83527,139052,709,13553,3831,19144,1358,13390,49056,72476,932,0,1161,2556,9359,11258,5192,36557,-23420,932,-55525,-1395,-1899,-12844,-15313,-12032,-31365,1
2022-10-30 02:00:00,88497,141483,713,13533,3819,19337,1247,13519,46824,71360,1910,0,1309,2549,9514,11816,5419,36377,-24536,1910,-52986,-1240,-2302,-12820,-15518,-12272,-30958,1
2022-10-30 03:00:00,85970,143732,717,13932,3851,19808,1210,13767,42504,70760,2036,0,1373,2607,9901,12044,3916,36621,-28256,2036,-57762,-1234,-2143,-13215,-15957,-12557,-32705,1
2022-10-30 04:00:00,79594,145571,726,14575,4316,20544,1081,14204,34916,71548,2183,0,1383,2806,9899,12186,2381,36952,-36632,2183,-65977,-1423,-2287,-13849,-16228,-13123,-34571,1
2022-10-30 05:00:00,69466,152921,774,15621,6449,21394,1457,15089,30676,73952,2178,0,1397,3042,10097,12397,2086,37294,-43276,2178,-83455,-1645,-2300,-14847,-14945,-13632,-35208,1
2022-10-30 06:00:00,70623,163611,1009,16873,9152,23024,2552,16329,28188,75612,2127,0,1362,3266,10583,13133,2074,38403,-47424,2127,-92988,-1904,-2550,-15864,-13872,-13777,-36329,1
2022-10-30 07:00:00,91407,176090,1311,17674,11456,23800,3407,16727,29200,79992,2158,0,1379,3362,11208,13791,2559,37672,-50792,2158,-84683,-1983,-2583,-16363,-12344,-13320,-35113,1
2022-10-30 08:00:00,118881,184072,1559,18169,12667,23714,3773,16762,35240,84916,2526,0,1431,3436,11497,13579,2791,35991,-49676,2526,-65191,-2005,-2082,-16610,-11047,-12989,-33200,1
2022-10-30 09:00:00,136349,187522,1708,18429,13523,24008,3849,16683,40196,87092,2586,0,1472,3424,11633,13722,2531,33100,-46896,2586,-51173,-1952,-2089,-16721,-10485,-12834,-30569,1
2022-10-30 10:00:00,139398,190479,1745,18443,13183,24231,3942,16900,45984,87532,2438,0,1435,3451,11680,13813,2600,32171,-41548,2438,-51081,-2016,-2133,-16698,-11048,-12958,-29571,1
2022-10-30 11:00:00,134575,185624,1726,18079,12779,23716,3341,16918,51992,88596,2264,0,1290,3439,11421,13536,2450,34731,-36604,2264,-51049,-2149,-2115,-16353,-10937,-13577,-32281,1
2022-10-30 12:00:00,117231,178582,1572,17661,11313,23935,2531,16718,52632,90628,1919,0,1092,3427,11382,13784,2577,37693,-37996,1919,-61351,-2335,-2402,-16089,-12622,-14187,-35116,1
2022-10-30 13:00:00,88869,174437,1253,17705,8901,24391,1432,16561,55952,88264,1922,0,792,3474,11440,14045,1618,38914,-32312,1922,-85568,-2682,-2605,-16452,-15490,-15129,-37296,1
2022-10-30 14:00:00,60569,173739,869,18033,6727,24650,1000,17272,55396,84600,1998,0,647,3700,11711,14611,2064,41877,-29204,1998,-113170,-3053,-2900,-17164,-17923,-16272,-39813,1
2022-10-30 15:00:00,50719,180837,725,18924,6546,26868,1429,18307,47740,83704,2196,0,625,4110,11922,14970,2553,47042,-35964,2196,-130118,-3485,-3048,-18199,-20322,-16878,-44489,1
2022-10-30 16:00:00,63641,196971,734,19302,7391,28149,1604,18346,33840,85688,2223,0,635,3915,11991,14957,4419,52049,-51848,2223,-133330,-3280,-2966,-18568,-20758,-16742,-47630,1
2022-10-30 17:00:00,71427,194866,735,19218,6866,28313,1532,18234,27696,93336,2248,0,691,3629,12116,14909,4188,50954,-65640,2248,-123439,-2938,-2793,-18483,-21447,-16702,-46766,1
2022-10-30 18:00:00,64759,188793,731,18817,6037,27058,1244,17834,28628,96476,2210,0,823,3420,12077,14787,4893,48922,-67848,2210,-124034,-2597,-2710,-18086,-21021,-16590,-44029,1
2022-10-30 19:00:00,61086,181753,730,18027,5467,25332,936,16936,30400,97284,2186,0,905,3232,11919,14113,5333,46828,-66884,2186,-120667,-2327,-2194,-17297,-19865,-16000,-41495,1
2022-10-30 20:00:00,62752,174722,726,17070,4801,23499,814,15999,30744,93928,2212,0,823,3078,11658,13554,5050,44644,-63184,2212,-111970,-2255,-1896,-16344,-18698,-15185,-39594,1
2022-10-30 21:00:00,63894,167235,726,16132,4302,21702,725,15039,29572,86708,2437,0,825,3008,11634,12987,5022,42358,-57136,2437,-103341,-2183,-1353,-15406,-17400,-14314,-37336,1
2022-10-30 22:00:00,65120,156847,727,15151,3932,20295,701,14387,32268,81112,2304,0,797,2920,11028,12339,5490,40313,-48844,2304,-91727,-2123,-1311,-14424,-16363,-13686,-34823,1
2022-10-30 23:00:00,67540,149897,714,14377,3757,19274,686,14064,34944,76872,2006,0,860,2844,10811,12173,5119,38484,-41928,2006,-82357,-1984,-1362,-13663,-15517,-13378,-33365,1
2022-10-31 00:00:00,67823,146182,712,13846,3684,18794,697,13939,40016,74088,1847,0,969,2775,10603,11953,4803,37296,-34072,1847,-78359,-1806,-1350,-13134,-15110,-13242,-32493,1
2022-10-31 01:00:00,67409,145180,709,13436,4580,18635,708,13987,44884,72108,1852,0,973,2795,10612,11955,4102,36647,-27224,1852,-77771,-1822,-1343,-12727,-14055,-13279,-32545,1
2022-10-31 02:00:00,65332,146373,708,13355,4129,18781,762,14359,49976,70884,1865,0,920,2835,10730,11917,2993,36690,-20908,1865,-81041,-1915,-1187,-12647,-14652,-13597,-33697,1
2022-10-31 03:00:00,56946,151636,710,13775,3855,20130,837,15149,54548,71552,1890,0,807,3081,10915,12154,2133,36950,-17004,1890,-94690,-2274,-1239,-13065,-16275,-14312,-34817,1
2022-10-31 04:00:00,50667,162891,707,14421,4584,22709,963,16796,53664,74876,1996,0,799,3676,11566,13272,1683,39787,-21212,1996,-112224,-2877,-1706,-13714,-18125,-15833,-38104,1
2022-10-31 05:00:00,52634,181214,750,15366,7035,25101,1590,18293,53392,83312,2116,0,889,4113,12300,13872,1655,45350,-29920,2116,-128580,-3224,-1572,-14616,-18066,-16703,-43695,1
2022-10-31 06:00:00,59083,194181,970,16618,10413,27832,2658,19209,53208,89932,2296,0,966,4289,12650,14292,1791,51097,-36724,2296,-135098,-3323,-1642,-15648,-17419,-16551,-49306,1
2022-10-31 07:00:00,73372,205461,1241,17503,12581,28637,3224,19412,59612,95656,2316,0,1047,4361,12839,14975,2395,50643,-36044,2316,-132089,-3314,-2136,-16262,-16056,-16188,-48248,1
2022-10-31 08:00:00,88378,212861,1478,17870,13319,28137,3642,19196,67300,100020,2508,0,1118,4407,12694,14963,3156,47887,-32720,2508,-124483,-3289,-2269,-16392,-14818,-15554,-44731,1
2022-10-31 09:00:00,99340,215722,1609,18074,13270,27713,3896,19287,75532,101364,2260,0,1201,4383,12595,15179,3410,46529,-25832,2260,-116382,-3182,-2584,-16465,-14443,-15391,-43119,1
2022-10-31 10:00:00,99973,221668,1648,18420,12862,27453,3915,19419,76936,101424,1604,0,1329,4327,12708,15121,3201,46900,-24488,1604,-121695,-2998,-2413,-16772,-14591,-15504,-43699,1
2022-10-31 11:00:00,96031,217507,1660,18283,12078,27381,3340,19649,79676,103740,1311,0,1285,4307,12658,15064,2774,46443,-24064,1311,-121476,-3022,-2406,-16623,-15303,-16309,-43669,1
2022-10-31 12:00:00,84106,211880,1480,18028,10456,27873,2472,19609,76048,106296,736,0,1081,4235,12628,15035,3053,47370,-30248,736,-127774,-3154,-2407,-16548,-17417,-17137,-44317,1
2022-10-31 13:00:00,72326,206235,1161,17927,7998,28374,1484,19610,69500,104164,331,0,812,4112,12782,15422,2813,49846,-34664,331,-133909,-3300,-2640,-16766,-20376,-18126,-47033,1
2022-10-31 14:00:00,64436,203618,815,18114,5712,28606,1448,20230,62620,100968,215,0,721,4195,12815,15356,3598,52316,-38348,215,-139182,-3474,-2541,-17299,-22894,-18782,-48718,1
2022-10-31 15:00:00,72850,208810,716,18975,7794,30945,1844,20840,55208,100068,313,0,742,4572,12989,15471,5450,56202,-44860,313,-135960,-3830,-2482,-18259,-23151,-18996,-50752,1
2022-10-31 16:00:00,83262,220294,734,19131,7668,31585,1649,20608,49256,101596,260,0,741,4343,13181,15351,8279,60039,-52340,260,-137032,-3602,-2170,-18397,-23917,-18959,-51760,1
2022-10-31 17:00:00,86360,216713,765,19057,7022,31218,1405,20267,48136,105808,290,0,854,4057,12916,14868,10809,57438,-57672,290,-130353,-3203,-1952,-18292,-24196,-18862,-46629,1
2022-10-31 18:00:00,86366,209756,799,18710,5795,29258,806,19573,47304,106508,286,0,1042,3822,12705,14267,12316,54741,-59204,286,-123390,-2780,-1562,-17911,-23463,-18767,-42425,1
2022-10-31 19:00:00,95318,197033,830,17965,4747,26916,568,18364,47548,105768,418,0,1106,3639,12485,13584,13869,51950,-58220,418,-101715,-2533,-1099,-17135,-22169,-17796,-38081,1
2022-10-31 20:00:00,102082,186789,872,16940,4111,24687,630,16932,46040,100072,513,0,1261,3392,12169,13215,15460,49119,-54032,513,-84707,-2131,-1046,-16068,-20576,-16302,-33659,1
2022-10-31 21:00:00,107755,177931,921,16055,4014,22660,690,15582,42792,91552,564,0,1726,3228,11746,12943,15731,46267,-48760,564,-70176,-1502,-1197,-15134,-18646,-14892,-30536,1
2022-10-31 22:00:00,111770,167404,936,15064,3475,21054,802,14443,36532,85516,352,0,2212,3076,10808,12621,16210,43286,-48984,352,-55634,-864,-1813,-14128,-17579,-13641,-27076,1
2022-10-31 23:00:00,113323,159648,970,14116,3352,20158,781,14095,30676,81800,214,0,2826,2960,10547,12446,16342,40752,-51124,214,-46325,-134,-1899,-13146,-16806,-13314,-24410,1
2022-11-01 00:00:00,117452,157299,973,13548,3226,19540,903,13823,25772,78076,291,0,3387,2940,10206,11928,16520,39175,-52304,291,-39847,447,-1722,-12575,-16314,-12920,-22655,3
2022-11-01 01:00:00,124854,156088,1000,13056,3206,19227,1092,13665,25548,75568,428,0,3810,2980,9973,11834,16745,38656,-50020,428,-31234,830,-1861,-12056,-16021,-12573,-21911,3
2022-11-01 02:00:00,129309,157264,980,12920,3227,19156,1113,13689,25548,74148,668,0,4090,3011,10057,12100,17216,38163,-48600,668,-27955,1079,-2043,-11940,-15929,-12576,-20947,3
2022-11-01 03:00:00,132703,163163,929,13223,3267,19559,1200,13893,24600,73608,653,0,4206,3321,11048,12960,17644,38382,-49008,653,-30460,885,-1912,-12294,-16292,-12693,-20738,3
2022-11-01 04:00:00,138212,171447,895,13587,3860,20036,1370,13874,24496,73756,1351,0,4584,3714,11391,14342,17919,40572,-49260,1351,-33235,870,-2951,-12692,-16176,-12504,-22653,1
2022-11-01 05:00:00,139613,186366,906,14098,5732,20567,1430,14499,23156,75848,2188,0,4604,4104,11867,15466,17847,46174,-52692,2188,-46753,500,-3599,-13192,-14835,-13069,-28327,1
2022-11-01 06:00:00,147495,196829,1108,15211,8684,22603,2287,15468,21844,77320,2116,0,4555,4305,11772,15583,18023,51543,-55476,2116,-49334,250,-3811,-14103,-13919,-13181,-33520,1
2022-11-01 07:00:00,160317,207647,1525,16182,10050,23829,2959,16004,29292,79636,2164,0,4359,4386,11751,15445,17723,50471,-50344,2164,-47330,-27,-3694,-14657,-13779,-13045,-32748,1
2022-11-01 08:00:00,176503,210415,2113,16638,10275,24164,3123,16021,45568,83968,2028,0,4135,4499,11808,15629,17749,46871,-38400,2028,-33912,-364,-3821,-14525,-13889,-12898,-29122,1
2022-11-01 09:00:00,200536,217514,2703,16701,10366,24347,3207,15829,57180,85916,1882,0,4360,4556,11392,15743,17823,42915,-28736,1882,-16978,-196,-4351,-13998,-13981,-12622,-25092,1
2022-11-01 10:00:00,212182,223746,3332,16701,9883,24612,3159,15755,64124,86460,1738,0,4716,4643,10762,15712,17926,40540,-22336,1738,-11564,73,-4950,-13369,-14729,-12596,-22614,1
2022-11-01 11:00:00,212436,221454,3681,16276,9168,23503,2762,15891,66856,87092,1856,0,4807,4550,11091,15838,16564,38971,-20236,1856,-9018,257,-4747,-12595,-14335,-13129,-22407,1
2022-11-01 12:00:00,196842,213638,3397,15889,8456,23454,2088,15796,68388,89780,1816,0,4807,4374,11917,15774,17813,40678,-21392,1816,-16796,433,-3857,-12492,-14998,-13708,-22865,1
2022-11-01 13:00:00,168018,208214,2397,16201,6466,23427,1458,15822,68680,88096,1524,0,4575,4374,12425,15774,18282,43899,-19416,1524,-40196,201,-3349,-13804,-16961,-14364,-25617,1
2022-11-01 14:00:00,133857,205875,1149,16733,5493,23904,1586,16487,63064,85092,1624,0,4323,4413,12920,16320,18041,48982,-22028,1624,-72018,-90,-3400,-15584,-18411,-14901,-30941,1
2022-11-01 15:00:00,125359,210948,678,17829,6206,26559,2264,17107,53464,84152,1057,0,4238,4700,13327,16512,17827,55018,-30688,1057,-85589,-462,-3185,-17151,-20353,-14843,-37191,1
2022-11-01 16:00:00,143135,226280,711,18322,8616,28047,2501,17285,33144,86492,1131,0,3956,4593,13547,16460,18150,59365,-53348,1131,-83145,-637,-2913,-17611,-19431,-14784,-41215,1
2022-11-01 17:00:00,146760,225487,740,18437,8263,28476,2682,17205,26020,94972,1375,0,4242,4302,13397,15889,18296,56951,-68952,1375,-78727,-60,-2492,-17697,-20213,-14523,-38655,1
2022-11-01 18:00:00,143629,218617,769,18178,6845,27133,2677,16916,24520,99164,1537,0,4499,4022,12913,14950,18107,54862,-74644,1537,-74988,477,-2037,-17409,-20288,-14239,-36755,1
2022-11-01 19:00:00,140756,207309,759,17582,4946,25282,2185,16135,24244,100276,1768,0,4741,3823,12245,13949,17836,52475,-76032,1768,-66553,918,-1704,-16823,-20336,-13950,-34639,1
2022-11-01 20:00:00,140711,196868,722,16773,3988,23291,1870,15313,24020,96772,2246,0,4885,3557,11508,13011,17142,48965,-72752,2246,-56157,1328,-1503,-16051,-19303,-13443,-31823,1
2022-11-01 21:00:00,140411,188261,722,15813,3661,21320,1972,14381,20068,90336,2462,0,4746,3393,10901,12166,17273,46163,-70268,2462,-47850,1353,-1265,-15091,-17659,-12409,-28890,1
2022-11-01 22:00:00,149875,178583,759,14625,4284,20442,1835,13713,15836,84580,2296,0,4264,3371,10421,11782,17450,43142,-68744,2296,-28708,893,-1361,-13866,-16158,-11878,-25692,1
2022-11-01 23:00:00,156652,171907,765,13781,3958,19472,1611,13453,14976,80864,1849,0,4550,3261,9985,11609,16994,41191,-65888,1849,-15255,1289,-1624,-13016,-15514,-11842,-24197,1
2022-11-02 00:00:00,159664,167068,731,13243,3883,19116,1659,13337,16196,77676,1926,0,4459,3206,9306,11610,16522,39603,-61480,1926,-7404,1253,-2304,-12512,-15233,-11678,-23081,1
2022-11-02 01:00:00,164226,165121,771,12893,4027,19054,1674,13325,18656,75584,2043,0,4239,3123,9166,11533,16341,38565,-56928,2043,-895,1116,-2367,-12122,-15027,-11651,-22224,1
2022-11-02 02:00:00,168709,168343,802,13015,4403,19619,1581,13776,20292,75080,1654,0,4114,3096,9663,11690,15909,38127,-54788,1654,366,1018,-2027,-12213,-15216,-12195,-22218,1
2022-11-02 03:00:00,171371,178047,773,13990,4202,21463,1742,15173,21012,76060,1726,0,3915,3228,10926,12581,16363,38466,-55048,1726,-6676,687,-1655,-13217,-17261,-13431,-22103,1
2022-11-02 04:00:00,171021,199485,727,16281,4303,26491,1868,18136,18748,80572,1829,0,4036,3709,12156,13938,17565,40606,-61824,1829,-28464,327,-1782,-15554,-22188,-16268,-23041,1
2022-11-02 05:00:00,172181,231388,767,19243,6113,30810,2567,20273,16188,93208,2023,0,4107,4166,13042,14916,18103,45569,-77020,2023,-59207,-59,-1874,-18476,-24697,-17706,-27466,1
2022-11-02 06:00:00,184639,249118,1174,20437,8992,34948,3603,21282,17500,103936,2567,0,4230,4338,13285,15487,17815,50808,-86436,2567,-64479,-108,-2202,-19263,-25956,-17679,-32993,1
2022-11-02 07:00:00,198142,255078,1771,20518,10283,35876,4261,21357,23824,107644,2665,0,4129,4367,13251,15800,16704,50091,-83820,2665,-56936,-238,-2549,-18747,-25593,-17096,-33387,1
2022-11-02 08:00:00,207561,257816,2741,20210,10980,35972,4853,20872,36628,106840,2804,0,4151,4443,13214,15917,15756,45616,-70212,2804,-50255,-292,-2703,-17469,-24992,-16019,-29860,1
2022-11-02 09:00:00,232406,261194,3916,19598,11466,35899,5598,21192,46876,106256,2797,0,4218,4365,12983,16154,15041,41708,-59380,2797,-28788,-147,-3171,-15682,-24433,-15594,-26667,1
2022-11-02 10:00:00,241132,263439,4115,19217,10499,34871,5762,21196,55884,107000,2780,0,4372,4279,12790,15816,14574,39755,-51116,2780,-22307,93,-3026,-15102,-24372,-15434,-25181,1
2022-11-02 11:00:00,233336,259611,4112,19554,9287,34633,5572,21420,62332,109360,2818,0,4663,4279,13260,15641,15149,39119,-47028,2818,-26275,384,-2381,-15442,-25346,-15848,-23970,1
2022-11-02 12:00:00,209571,254123,3324,19781,8585,36050,4446,21256,65412,109992,2915,0,4533,4208,13320,15559,16238,41491,-44580,2915,-44552,325,-2239,-16457,-27465,-16810,-25253,1
2022-11-02 13:00:00,178472,249196,2253,20424,7505,36475,3097,21495,66576,110384,2893,0,3868,4371,13404,15683,15661,44524,-43808,2893,-70724,-503,-2279,-18171,-28970,-18398,-28863,1
2022-11-02 14:00:00,145501,249021,1147,21154,6397,36631,3140,22244,61212,109380,2862,0,3841,4401,13484,16132,14977,49756,-48168,2862,-103520,-560,-2648,-20007,-30234,-19104,-34779,1
2022-11-02 15:00:00,132155,253172,848,22160,8051,38211,4193,22864,49980,108992,3248,0,3728,4691,13425,16386,15079,55881,-59012,3248,-121017,-963,-2961,-21312,-30160,-18671,-40802,1
2022-11-02 16:00:00,138927,261730,921,22396,10136,37947,4428,22522,37864,109732,3457,0,3681,4396,13437,15883,15672,59705,-71868,3457,-122803,-715,-2446,-21475,-27811,-18094,-44033,1
2022-11-02 17:00:00,136390,258487,895,22301,9787,37283,4821,22439,35892,115916,3427,0,3040,4254,13200,15354,15545,57259,-80024,3427,-122097,-1214,-2154,-21406,-27496,-17618,-41714,1
2022-11-02 18:00:00,135213,252043,869,21868,6796,35156,4559,21711,37260,118344,3204,0,2826,4031,13039,14827,16308,55022,-81084,3204,-116830,-1205,-1788,-20999,-28360,-17152,-38714,1
2022-11-02 19:00:00,129825,236149,845,21013,5111,32356,4240,20247,37336,118584,3029,0,3128,3798,12717,14198,16926,52452,-81248,3029,-106324,-670,-1481,-20168,-27245,-16007,-35526,1
2022-11-02 20:00:00,130159,221435,841,19871,4692,29227,4172,18539,38020,111528,2778,0,3026,3546,12262,13482,18005,49487,-73508,2778,-91276,-520,-1220,-19030,-24535,-14367,-31482,1
2022-11-02 21:00:00,124046,204968,843,18962,4161,26580,3896,17216,35108,100712,2678,0,2918,3427,11636,12921,18058,46427,-65604,2678,-80922,-509,-1285,-18119,-22419,-13320,-28369,1
2022-11-02 22:00:00,125594,190589,808,17789,4909,24553,3631,16375,40172,92892,2512,0,2750,3284,10885,12441,18203,43392,-52720,2512,-64995,-534,-1556,-16981,-19644,-12744,-25189,1
2022-11-02 23:00:00,133979,182079,790,16640,4910,23462,3395,16021,43328,88996,1526,0,3251,3197,10402,12247,18322,40953,-45668,1526,-48100,54,-1845,-15850,-18552,-12626,-22631,1
2022-11-03 00:00:00,145088,177855,794,15829,4763,22811,3004,15726,49760,85380,1016,0,3563,3180,10184,12193,18261,39267,-35620,1016,-32767,383,-2009,-15035,-18048,-12722,-21006,1
2022-11-03 01:00:00,152505,178596,792,15363,5042,22679,2710,15863,52244,83412,1092,0,3929,3152,10039,12301,18247,38583,-31168,1092,-26091,777,-2262,-14571,-17637,-13153,-20336,1
2022-11-03 02:00:00,154823,181927,760,15397,4795,22895,2547,16232,54288,82092,1043,0,4337,3126,10347,12412,18019,38360,-27804,1043,-27104,1211,-2065,-14637,-18100,-13685,-20341,3
2022-11-03 03:00:00,155762,190235,739,16212,4917,24386,2426,17281,52476,82392,1548,0,4615,3401,11281,13101,17605,38689,-29916,1548,-34473,1214,-1820,-15473,-19469,-14855,-21084,1
2022-11-03 04:00:00,150491,208834,716,17960,4184,28646,2609,19744,50320,85624,1420,0,4660,3893,12471,14373,17771,40761,-35304,1420,-58343,767,-1902,-17244,-24462,-17135,-22990,1
2022-11-03 05:00:00,143667,238620,830,20125,6154,32850,3195,21542,50852,96724,1118,0,4685,4376,13280,15173,17401,45936,-45872,1118,-94953,309,-1893,-19295,-26696,-18347,-28535,1
2022-11-03 06:00:00,151037,254211,1629,20547,8760,35905,4437,22278,48340,106840,1158,0,4197,4561,13569,15452,17148,51884,-58500,1158,-103174,-364,-1883,-18918,-27145,-17841,-34736,1
2022-11-03 07:00:00,161179,259397,2549,20540,9765,36953,5419,21955,51132,110740,1170,0,4167,4544,13748,15402,17162,53722,-59608,1170,-98218,-377,-1654,-17991,-27188,-16536,-36560,1
2022-11-03 08:00:00,170989,261076,3300,20405,10002,36706,5787,21450,56428,111940,796,0,4344,4555,13820,15650,17231,52687,-55512,796,-90087,-211,-1830,-17105,-26704,-15663,-35456,1
2022-11-03 09:00:00,173078,263245,3809,20333,10691,36564,6147,21517,64532,111948,622,0,3891,4505,13857,15698,17100,50729,-47416,622,-90167,-614,-1841,-16524,-25873,-15370,-33629,1
2022-11-03 10:00:00,170932,266673,4090,20564,10470,34927,5972,21554,69560,112788,487,0,3777,4426,13525,15731,16575,49720,-43228,487,-95741,-649,-2206,-16474,-24457,-15582,-33145,1
2022-11-03 11:00:00,159709,263009,3885,20850,10251,35501,5138,21752,73660,114348,370,0,3952,4434,13493,15305,16273,47849,-40688,370,-103300,-482,-1812,-16965,-25250,-16614,-31576,1
2022-11-03 12:00:00,148426,256629,3398,20826,10426,37200,3856,21764,73264,114092,299,0,3860,4443,13589,15049,15737,48259,-40828,299,-108203,-583,-1460,-17428,-26774,-17908,-32522,1
2022-11-03 13:00:00,140271,254029,2459,21297,9394,37860,2797,21971,71304,112456,191,0,3190,4404,13906,15549,15084,51599,-41152,191,-113758,-1214,-1643,-18838,-28466,-19174,-36515,1
2022-11-03 14:00:00,141793,253512,1607,21733,9750,38362,3277,22798,67380,109776,101,0,3019,4503,14156,15873,13820,54682,-42396,101,-111719,-1484,-1717,-20126,-28612,-19521,-40862,1
2022-11-03 15:00:00,150865,259649,1303,22638,9893,39444,4392,23375,63632,109252,27,0,3352,4842,14403,15988,13862,57877,-45620,27,-108784,-1490,-1585,-21335,-29551,-18983,-44015,1
2022-11-03 16:00:00,165006,271887,1329,22783,10662,38981,5085,23011,56912,111100,31,0,3277,4658,14397,15757,11081,60749,-54188,31,-106881,-1381,-1360,-21454,-28319,-17926,-49668,1
2022-11-03 17:00:00,160073,268182,1317,22629,9732,38133,5558,22853,58420,116296,108,0,3237,4363,14085,15389,10780,58671,-57876,108,-108109,-1126,-1304,-21312,-28401,-17295,-47891,1
2022-11-03 18:00:00,153112,256403,1299,22135,8580,35959,5770,22193,59148,118364,280,0,3267,4083,13376,14777,10498,56442,-59216,280,-103291,-816,-1401,-20836,-27379,-16423,-45944,1
2022-11-03 19:00:00,142115,240881,1327,21237,7003,33292,5770,20670,56208,118172,155,0,3259,3869,12756,14227,9375,53503,-61964,155,-98766,-610,-1471,-19910,-26289,-14900,-44128,1
2022-11-03 20:00:00,135175,224864,1480,20156,6863,30214,5479,18971,51980,111612,312,0,3099,3625,12228,13471,8275,50285,-59632,312,-89689,-526,-1243,-18676,-23351,-13492,-42010,1
2022-11-03 21:00:00,133445,208876,1634,19203,7589,27559,5294,17752,46596,101036,542,0,3036,3428,11434,12660,7087,47088,-54440,542,-75431,-392,-1226,-17569,-19970,-12458,-40001,1
2022-11-03 22:00:00,140347,194006,1622,18082,7467,25506,5085,16792,45640,93452,334,0,2950,3481,10247,12526,6706,44065,-47812,334,-53659,-531,-2279,-16460,-18039,-11707,-37359,1
2022-11-03 23:00:00,135938,180957,1534,17176,7615,24217,4787,16198,43952,90128,390,0,2930,3372,10067,12569,5951,41306,-46176,390,-45019,-442,-2502,-15642,-16602,-11411,-35355,1
2022-11-04 00:00:00,139326,175465,1556,16380,8268,23646,4590,15889,42364,85772,496,0,3017,3258,9910,12285,5796,40044,-43408,496,-36139,-241,-2375,-14824,-15378,-11299,-34248,1
2022-11-04 01:00:00,147087,175333,1621,15868,9005,23473,4581,16010,41712,83072,553,0,2957,3200,9915,11974,6303,39781,-41360,553,-28246,-243,-2059,-14247,-14468,-11429,-33478,1
2022-11-04 02:00:00,150736,179551,1493,15902,9139,23680,4456,16320,41236,81932,519,0,2976,3178,10197,12052,6410,39656,-40696,519,-28815,-202,-1855,-14409,-14541,-11864,-33246,1
2022-11-04 03:00:00,143737,186136,1442,16567,9287,25182,4320,17224,47324,82628,716,0,2658,3409,11017,12750,5979,40251,-35304,716,-42399,-751,-1733,-15125,-15895,-12904,-34272,1
2022-11-04 04:00:00,129338,202684,1369,18282,8743,29363,4327,19678,49728,86148,1010,0,2870,3891,12415,13974,5052,42000,-36420,1010,-73346,-1021,-1559,-16913,-20620,-15351,-36948,1
2022-11-04 05:00:00,122311,234180,1369,20527,10347,33209,4457,21392,49560,97136,1163,0,3160,4398,13271,14774,4344,46986,-47576,1163,-111869,-1238,-1503,-19158,-22862,-16935,-42642,1
2022-11-04 06:00:00,116665,249222,1725,21221,13916,36567,4774,22428,52384,107032,1416,0,3420,4565,13632,15056,3374,53129,-54648,1416,-132557,-1145,-1424,-19496,-22651,-17654,-49755,1
2022-11-04 07:00:00,118945,255221,2545,21215,15095,37513,4506,22583,58712,111252,714,0,3469,4568,13973,15342,3444,53638,-52540,714,-136276,-1099,-1369,-18670,-22418,-18077,-50194,1
2022-11-04 08:00:00,120829,256574,3031,21231,15280,37266,4320,22290,70732,111700,0,0,3672,4637,13877,15347,3913,50556,-40968,0,-135745,-965,-1470,-18200,-21986,-17970,-46643,1
2022-11-04 09:00:00,116688,258237,3477,21421,15536,36369,4093,22262,79308,111780,554,0,4025,4577,13714,15415,4347,48631,-32472,554,-141549,-552,-1701,-17944,-20833,-18169,-44284,1
2022-11-04 10:00:00,114479,259164,3372,21507,15570,34720,4032,22489,88120,112220,950,0,4265,4470,13643,15451,5859,47844,-24100,950,-144685,-205,-1808,-18135,-19150,-18457,-41985,1
2022-11-04 11:00:00,107113,255017,3112,21509,14836,34775,3526,22619,92420,113396,722,0,4099,4390,13485,15287,6845,46931,-20976,722,-147904,-291,-1802,-18397,-19939,-19093,-40086,1
2022-11-04 12:00:00,95533,247030,2666,21327,13618,35681,2791,22347,95416,112724,680,0,4406,4285,13255,15090,8280,48223,-17308,680,-151497,121,-1835,-18661,-22063,-19556,-39943,1
2022-11-04 13:00:00,87050,240701,1765,21794,11879,35858,2782,22603,95812,110876,612,0,4347,4152,13127,14927,8277,50881,-15064,612,-153651,195,-1800,-20029,-23979,-19821,-42604,1
2022-11-04 14:00:00,77559,237773,1361,22091,11156,36537,3152,23288,94016,109132,542,0,4403,4226,13420,15345,7265,53543,-15116,542,-160214,177,-1925,-20730,-25381,-20136,-46278,1
2022-11-04 15:00:00,75738,242200,1233,22885,12231,37780,3442,23489,81216,108396,480,0,4228,4517,13580,15530,6652,56522,-27180,480,-166462,-289,-1950,-21652,-25549,-20047,-49870,1
2022-11-04 16:00:00,89758,249922,1127,22700,13391,37590,3231,22962,61568,109920,493,0,4526,4439,13416,14969,6449,60668,-48352,493,-160164,87,-1553,-21573,-24199,-19731,-54219,1
2022-11-04 17:00:00,89030,244892,968,22477,12389,37012,3022,22784,55436,115508,395,0,4492,4146,13335,14585,5928,58409,-60072,395,-155862,346,-1250,-21509,-24623,-19762,-52481,1
2022-11-04 18:00:00,81521,235913,1132,21871,9721,34720,2748,22071,54140,116764,560,0,4222,3903,13002,13962,5700,55866,-62624,560,-154392,319,-960,-20739,-24999,-19323,-50166,1
2022-11-04 19:00:00,76159,222725,1311,21101,8440,32098,2668,20537,52028,116064,537,0,4074,3723,12627,13340,6775,52803,-64036,537,-146566,351,-713,-19790,-23658,-17869,-46028,1
2022-11-04 20:00:00,75961,208517,1239,20183,8767,29134,2356,19017,47772,109952,580,0,3809,3510,12147,12615,6372,49848,-62180,580,-132556,299,-468,-18944,-20367,-16661,-43476,1
2022-11-04 21:00:00,77913,195887,1228,19441,8097,26966,2249,17770,47168,100296,648,0,3542,3347,11542,11980,5716,47158,-53128,648,-117974,195,-438,-18213,-18869,-15521,-41442,1
2022-11-04 22:00:00,79757,182866,1212,18323,6938,25302,2327,16814,42744,92988,746,0,3508,3354,11833,11881,5171,44664,-50244,746,-103109,154,-48,-17111,-18364,-14487,-39493,1
2022-11-04 23:00:00,77526,172098,1284,17070,6198,23897,2574,16143,39456,88612,1128,0,3467,3233,11490,11661,3685,42700,-49156,1128,-94572,234,-171,-15786,-17699,-13569,-39015,1
2022-11-05 00:00:00,77026,166598,1305,16255,6364,23119,2844,15827,38432,84028,1255,0,3279,3144,11329,11351,4338,41079,-45596,1255,-89572,135,-22,-14950,-16755,-12983,-36741,1
2022-11-05 01:00:00,79646,163533,1453,15705,6306,22793,2823,15728,39536,81116,1648,0,2775,3186,11455,11135,4996,40216,-41580,1648,-83887,-411,320,-14252,-16487,-12905,-35220,1
2022-11-05 02:00:00,81788,163832,1428,15557,5651,22730,2819,15802,43608,79344,2184,0,2602,3081,11750,11303,4997,39245,-35736,2184,-82044,-479,447,-14129,-17079,-12983,-34248,1
2022-11-05 03:00:00,81617,164693,1350,15852,5411,23282,3016,16082,44272,78520,2404,0,2665,3003,11787,11485,5389,39008,-34248,2404,-83076,-338,302,-14502,-17871,-13066,-33619,1
2022-11-05 04:00:00,78217,167489,1332,16409,5826,24985,3133,16853,42620,78504,2480,0,2546,3091,12148,11833,6718,39481,-35884,2480,-89272,-545,315,-15077,-19159,-13720,-32763,1
2022-11-05 05:00:00,82996,178242,1365,17449,6473,26988,3072,17962,39680,81008,2380,0,2582,3333,12384,12288,7522,41545,-41328,2380,-95246,-751,96,-16084,-20515,-14890,-34023,1
2022-11-05 06:00:00,88570,189755,1600,18627,9553,29606,2827,19166,36608,83620,2178,0,2699,3541,12695,13006,7568,43567,-47012,2178,-101185,-842,-311,-17027,-20053,-16339,-35999,1
2022-11-05 07:00:00,100016,200394,2024,19464,11597,30183,2867,20106,41500,88280,1642,0,2886,3607,12855,13536,7993,43032,-46780,1642,-100378,-721,-681,-17440,-18586,-17239,-35039,1
2022-11-05 08:00:00,108354,208661,2692,19859,12841,30217,3128,20664,60676,93184,1502,0,3320,3525,13046,13813,8471,40759,-32508,1502,-100307,-205,-767,-17167,-17376,-17536,-32288,1
2022-11-05 09:00:00,113900,215333,2947,20212,12743,29601,3261,20877,73148,95352,468,0,3280,3601,13237,14012,9168,39089,-22204,468,-101433,-321,-775,-17265,-16858,-17616,-29921,1
2022-11-05 10:00:00,125510,218743,3073,20534,13239,28397,3244,20864,78240,94540,638,0,3209,3515,13334,14074,9183,39975,-16300,638,-93233,-306,-740,-17461,-15158,-17620,-30792,1
2022-11-05 11:00:00,128831,216434,2900,20397,13247,27480,3101,20701,76936,95372,1494,0,3031,3497,13386,13974,8680,40873,-18436,1494,-87603,-466,-588,-17497,-14233,-17600,-32193,1
2022-11-05 12:00:00,121869,210413,2434,20055,12478,27191,2800,20111,77240,96536,1494,0,2730,3489,13332,13934,8999,42898,-19296,1494,-88544,-759,-602,-17621,-14713,-17311,-33899,1
2022-11-05 13:00:00,108987,206065,2138,19962,10985,27478,2203,19946,74864,93916,1304,0,2541,3484,13340,13914,11360,45106,-19052,1304,-97078,-943,-574,-17824,-16493,-17743,-33746,1
2022-11-05 14:00:00,89230,203722,1843,20064,9787,28126,2050,20410,71436,90860,862,0,2573,3677,13668,14547,12875,47665,-19424,862,-114492,-1104,-879,-18221,-18339,-18360,-34790,1
2022-11-05 15:00:00,87459,207825,1776,20882,11231,30838,3032,20713,57620,89584,692,0,2781,4085,13758,14713,14681,51246,-31964,692,-120366,-1304,-955,-19106,-19607,-17681,-36565,1
2022-11-05 16:00:00,104332,223462,1800,20755,12887,31981,2644,20384,32908,91144,1139,0,2735,4003,14047,14431,15363,55057,-58236,1139,-119130,-1268,-384,-18955,-19094,-17740,-39694,1
2022-11-05 17:00:00,115512,223566,1749,20590,11933,32090,2552,19955,30596,98444,1581,0,2778,3844,13955,13944,16080,53318,-67848,1581,-108054,-1066,11,-18841,-20157,-17403,-37238,1
2022-11-05 18:00:00,120798,215158,1798,20251,11112,30392,2650,19352,31860,100496,2058,0,2453,3836,13837,13692,16879,50889,-68636,2058,-94360,-1383,145,-18453,-19280,-16702,-34010,1
2022-11-05 19:00:00,122887,202533,1788,19549,10070,28078,2540,18289,29224,101576,2632,0,2476,3697,13454,13066,17517,48715,-72352,2632,-79646,-1221,388,-17761,-18008,-15749,-31198,1
2022-11-05 20:00:00,125363,193123,1729,18548,9368,26112,2594,17095,28824,98304,2680,0,2864,3518,12869,12677,17753,46293,-69480,2680,-67760,-654,192,-16819,-16744,-14501,-28540,1
2022-11-05 21:00:00,126223,186617,1721,17557,9183,24330,2616,15948,26096,91104,2478,0,2752,3400,11856,12286,18106,44387,-65008,2478,-60394,-648,-430,-15836,-15147,-13332,-26281,1
2022-11-05 22:00:00,129787,176079,1656,16552,9369,22273,2531,15032,26980,85020,2457,0,3378,3227,11607,11937,18095,42552,-58040,2457,-46292,151,-330,-14896,-12904,-12501,-24457,1
2022-11-05 23:00:00,132660,165847,1582,15566,8990,20915,2452,14474,28512,80208,2334,0,3537,3182,11028,11899,18104,40774,-51696,2334,-33187,355,-871,-13984,-11925,-12022,-22670,1
2022-11-06 00:00:00,144615,160362,1548,14867,8167,20133,2330,14063,29676,76096,2162,0,3922,3049,10764,11836,17991,39353,-46420,2162,-15747,873,-1072,-13319,-11966,-11733,-21362,1
2022-11-06 01:00:00,147048,158809,1538,14306,7307,19686,2242,13968,33740,73356,1873,0,4126,3034,10250,11608,17724,38263,-39616,1873,-11761,1092,-1358,-12768,-12379,-11726,-20539,1
2022-11-06 02:00:00,145954,159866,1535,14133,7050,19574,2099,14003,33792,71788,1884,0,4003,3060,10379,11490,17450,37908,-37996,1884,-13912,943,-1111,-12598,-12524,-11904,-20458,1
2022-11-06 03:00:00,144218,161624,1452,14350,7082,20078,2199,14263,36048,70972,1850,0,3904,3059,10535,11576,17295,37671,-34924,1850,-17406,845,-1041,-12898,-12996,-12064,-20376,1
2022-11-06 04:00:00,147860,163539,1383,14776,8069,20835,2296,14542,37960,71372,1550,0,3694,3129,11128,11862,16196,37698,-33412,1550,-15679,565,-734,-13393,-12766,-12246,-21502,1
2022-11-06 05:00:00,139862,169117,1388,15565,10084,21559,2892,15170,39312,73296,1655,0,3158,3318,11360,12088,15739,38586,-33984,1655,-29255,-160,-728,-14177,-11475,-12278,-22847,1
2022-11-06 06:00:00,137772,176730,1564,16712,13369,23763,4011,16278,40020,73792,1665,0,2598,3615,11942,12669,16539,40329,-33772,1665,-38958,-1017,-727,-15148,-10394,-12267,-23790,1
2022-11-06 07:00:00,149254,187776,1888,17881,16100,25197,4657,17024,46924,76048,1710,0,2396,3773,12216,13126,16760,41887,-29124,1710,-38522,-1377,-910,-15993,-9097,-12367,-25127,1
2022-11-06 08:00:00,166200,196527,2583,18591,16875,25309,5423,17460,65808,81012,1772,0,2572,3835,12376,13394,16712,42749,-15204,1772,-30327,-1263,-1018,-16008,-8434,-12037,-26037,1
2022-11-06 09:00:00,181218,203704,3079,18845,16903,25524,5915,17514,76924,84916,1938,0,2575,3870,12416,13682,17008,42954,-7992,1938,-22486,-1295,-1266,-15766,-8621,-11599,-25946,1
2022-11-06 10:00:00,182651,211417,3548,18958,16415,25531,6054,17551,86820,86496,2312,0,3178,3815,12396,13883,16343,43928,324,2312,-28766,-637,-1487,-15410,-9116,-11497,-27585,1
2022-11-06 11:00:00,182899,205928,3235,18736,15094,24292,5520,17625,87664,87136,2242,0,3436,3828,12180,13921,15541,45222,528,2242,-23029,-392,-1741,-15501,-9198,-12105,-29681,1
2022-11-06 12:00:00,175137,197751,2517,18457,14045,24436,4311,17516,88588,89540,2180,0,3441,3813,12018,13882,16629,46662,-952,2180,-22614,-372,-1864,-15940,-10391,-13205,-30033,1
2022-11-06 13:00:00,152062,190970,1783,18433,10751,24102,2946,17485,89348,88464,2112,0,3371,3776,12067,14276,17551,48478,884,2112,-38908,-405,-2209,-16650,-13351,-14539,-30927,1
2022-11-06 14:00:00,143623,193438,1002,18829,8406,24631,3122,18231,84464,85360,2020,0,3396,3934,12285,15173,18256,49561,-896,2020,-49815,-538,-2888,-17827,-16225,-15109,-31305,1
2022-11-06 15:00:00,148630,204998,787,19923,8866,27701,3890,18891,72836,83948,2016,0,3822,4162,12872,15777,18147,51967,-11112,2016,-56368,-340,-2905,-19136,-18835,-15001,-33820,1
2022-11-06 16:00:00,168327,221896,790,20331,9729,29200,4914,18843,50132,86064,2190,0,4110,4198,12630,15361,18469,55188,-35932,2190,-53569,-88,-2731,-19541,-19471,-13929,-36719,1
2022-11-06 17:00:00,171060,219869,807,20339,10210,29803,5655,18770,45788,94672,2494,0,3724,3955,11893,14731,18517,53648,-48884,2494,-48809,-231,-2838,-19532,-19593,-13115,-35131,1
2022-11-06 18:00:00,165549,212007,865,19932,8989,28710,5970,18295,43984,98428,2632,0,4411,3752,11352,14048,18632,51826,-54444,2632,-46458,659,-2696,-19067,-19721,-12325,-33194,1
2022-11-06 19:00:00,165289,201852,914,19244,6304,26806,5889,17496,43820,100600,2814,0,4901,3523,10376,13483,18592,49520,-56780,2814,-36563,1378,-3107,-18330,-20502,-11607,-30928,1
2022-11-06 20:00:00,172450,197749,953,18293,5699,24767,5521,16739,42324,97832,1374,0,4759,3329,10014,12899,18457,47161,-55508,1374,-25299,1430,-2885,-17340,-19068,-11218,-28704,3
2022-11-06 21:00:00,173245,192920,1066,17305,5042,22691,5068,15788,37472,91616,1340,0,5172,3133,8993,12516,18274,44614,-54144,1340,-19675,2039,-3523,-16239,-17649,-10720,-26340,3
2022-11-06 22:00:00,172558,182752,1089,16199,4819,21296,4928,15089,36420,85200,2639,0,4782,3125,7474,12507,17928,42184,-48780,2639,-10194,1657,-5033,-15110,-16477,-10161,-24256,1
2022-11-06 23:00:00,172006,173486,1100,15291,5901,20262,4692,14712,35984,80176,2326,0,4613,3067,6793,12239,17267,40299,-44192,2326,-1480,1546,-5446,-14191,-14361,-10020,-23032,1
2022-11-07 00:00:00,168194,168483,1069,14773,6638,19776,4479,14463,35664,76684,2304,0,4778,3015,6378,12178,17372,38737,-41020,2304,-289,1763,-5800,-13704,-13138,-9984,-21365,1
2022-11-07 01:00:00,167444,167450,1100,14382,6469,19827,4300,14569,36844,74864,2052,0,5158,2986,6540,12496,16680,38153,-38020,2052,-6,2172,-5956,-13282,-13358,-10269,-21473,3
2022-11-07 02:00:00,170355,169849,1049,14384,5578,20321,4131,15075,35788,74220,2050,0,5401,3000,6845,12148,16653,38118,-38432,2050,506,2401,-5303,-13335,-14743,-10944,-21465,3
2022-11-07 03:00:00,175674,178493,954,15304,4876,22286,3966,16280,33636,75164,2103,0,4925,3270,8452,12673,16709,38877,-41528,2103,-2819,1655,-4221,-14350,-17410,-12314,-22168,1
2022-11-07 04:00:00,174654,200635,892,17498,5188,27746,3877,19383,31376,80096,2034,0,4241,3887,10973,14495,17089,41403,-48720,2034,-25981,354,-3522,-16606,-22558,-15506,-24314,1
2022-11-07 05:00:00,166799,235706,900,20229,7020,32414,4125,21370,30248,93128,2101,0,4354,4345,12147,15734,16991,46502,-62880,2101,-68907,9,-3587,-19329,-25394,-17245,-29511,1
2022-11-07 06:00:00,168962,252483,1206,21252,10661,36341,4415,22503,33612,105080,2720,0,4135,4543,12540,15565,17099,52490,-71468,2720,-83521,-408,-3025,-20046,-25680,-18088,-35391,1
2022-11-07 07:00:00,176991,260241,1599,21643,12833,36875,4722,22798,43416,107860,2410,0,4449,4574,12571,15458,17005,54558,-64444,2410,-83250,-125,-2887,-20044,-24042,-18076,-37553,1
2022-11-07 08:00:00,194445,264292,1788,21780,12312,36103,4917,22551,56684,107980,2234,0,4585,4608,12725,15759,17144,53941,-51296,2234,-69847,-23,-3034,-19992,-23791,-17634,-36797,1
2022-11-07 09:00:00,210014,267567,1997,21812,12281,35532,5115,22723,65636,108564,2366,0,4790,4590,12592,15656,17268,53083,-42928,2366,-57553,200,-3064,-19815,-23251,-17608,-35815,1
2022-11-07 10:00:00,211032,270140,2385,21979,11488,33501,4927,22720,71296,109120,2464,0,4777,4526,12693,15951,17124,52386,-37824,2464,-59108,251,-3258,-19594,-22013,-17793,-35262,1
2022-11-07 11:00:00,192682,265382,2683,21908,10942,34075,4516,22728,77460,110100,2778,0,4640,4582,12774,15931,17125,52385,-32640,2778,-72700,58,-3157,-19225,-23133,-18212,-35260,1
2022-11-07 12:00:00,172192,259930,2584,21246,9697,35637,4033,22623,83876,110580,3260,0,4350,4398,12950,15810,16787,53185,-26704,3260,-87738,-48,-2860,-18662,-25940,-18590,-36398,1
2022-11-07 13:00:00,155717,254810,2154,21203,7483,36048,3529,22570,86508,110120,3344,0,3810,4259,13128,15888,16416,54537,-23612,3344,-99093,-449,-2760,-19049,-28565,-19041,-38121,1
2022-11-07 14:00:00,150502,253231,1180,21685,8576,36829,4205,23283,88040,108352,3226,0,3450,4417,13184,16156,16228,55868,-20312,3226,-102729,-967,-2972,-20505,-28253,-19078,-39640,1
2022-11-07 15:00:00,151018,257187,818,22787,8891,38382,4945,23537,77668,108908,2979,0,3510,4726,13364,16582,16441,58690,-31240,2979,-106169,-1216,-3218,-21969,-29491,-18592,-42249,1
2022-11-07 16:00:00,158364,266062,849,22974,8949,37988,5174,23225,59372,111032,3084,0,3314,4512,13323,16271,16794,61601,-51660,3084,-107698,-1198,-2948,-22125,-29039,-18051,-44807,1
2022-11-07 17:00:00,156753,261261,828,22914,8311,37628,5103,23004,58016,117564,3076,0,3174,4201,12916,15713,17250,58653,-59548,3076,-104508,-1027,-2797,-22086,-29317,-17901,-41403,1
2022-11-07 18:00:00,151265,253555,836,22619,6815,35669,4699,22458,59468,120248,2872,0,2998,3997,12480,15091,17212,56118,-60780,2872,-102290,-999,-2611,-21783,-28854,-17759,-38906,1
2022-11-07 19:00:00,144167,240674,892,21793,4618,32606,4355,20981,61932,121004,2596,0,3145,3789,12020,14318,17127,53224,-59072,2596,-96507,-644,-2298,-20901,-27988,-16626,-36097,1
2022-11-07 20:00:00,141508,225966,893,20715,3659,29109,4186,19369,56928,113972,2586,0,3166,3490,11390,13692,17157,50560,-57044,2586,-84458,-324,-2302,-19822,-25450,-15183,-33403,1
2022-11-07 21:00:00,133862,211305,885,19758,3902,26454,4105,18063,53748,103336,1282,0,3210,3256,10958,12909,17167,47397,-49588,1282,-77443,-46,-1951,-18873,-22552,-13958,-30230,1
2022-11-07 22:00:00,138867,197535,876,18531,3576,24693,3931,17133,51328,95100,705,0,3091,3110,10234,12840,16337,44565,-43772,705,-58668,-19,-2606,-17655,-21117,-13202,-28228,1
2022-11-07 23:00:00,141838,186183,828,17319,3362,23213,3893,16723,54576,90556,681,0,3064,3072,10039,12615,15407,42056,-35980,681,-44345,-8,-2576,-16491,-19851,-12830,-26649,1
2022-11-08 00:00:00,144813,180568,792,16541,3010,22458,3785,16425,57816,86132,926,0,3291,2918,9776,12363,15313,40402,-28316,926,-35755,373,-2587,-15749,-19448,-12640,-25089,1
2022-11-08 01:00:00,143604,178673,805,16047,3850,22496,3801,16317,57804,83552,877,0,3306,2905,9663,12238,15148,39591,-25748,877,-35069,401,-2575,-15242,-18646,-12516,-24443,1
2022-11-08 02:00:00,137277,180690,796,16082,3316,22690,3851,16588,58820,82820,631,0,3227,3070,9729,12497,14850,39487,-24000,631,-43413,157,-2768,-15286,-19374,-12737,-24637,1
2022-11-08 03:00:00,140921,188501,808,16853,3115,24486,3659,17563,59356,83124,811,0,3502,3114,10174,13337,15033,39725,-23768,811,-47580,388,-3163,-16045,-21371,-13904,-24692,1
2022-11-08 04:00:00,136167,205304,844,18715,3772,29388,3693,20199,56576,86676,1690,0,3529,3679,11622,14834,15183,41610,-30100,1690,-69137,-150,-3212,-17871,-25616,-16506,-26427,1
2022-11-08 05:00:00,135344,237134,966,21174,5969,33648,4183,21870,53684,98184,1704,0,3676,4188,12071,15894,16464,46577,-44500,1704,-101790,-512,-3823,-20208,-27679,-17687,-30113,1
2022-11-08 06:00:00,156732,253060,1717,21714,10120,37316,4969,22464,53228,109380,1332,0,3845,4459,12084,16270,17915,52306,-56152,1332,-96328,-614,-4186,-19997,-27196,-17495,-34391,1
2022-11-08 07:00:00,173427,259058,2909,21395,10896,37997,5538,22299,56296,112464,1258,0,3894,4444,12095,16318,17881,53133,-56168,1258,-85631,-550,-4223,-18486,-27101,-16761,-35252,1
2022-11-08 08:00:00,184524,257445,3749,20961,11068,37288,5877,21800,63620,113848,1490,0,4204,4504,11973,16331,17857,52270,-50228,1490,-72921,-300,-4358,-17212,-26220,-15923,-34413,1
2022-11-08 09:00:00,192974,257548,4401,20666,11577,37088,6298,21861,67248,113672,1884,0,4353,4441,12015,16340,17925,50895,-46424,1884,-64574,-88,-4325,-16265,-25511,-15563,-32970,1
2022-11-08 10:00:00,203442,262197,4800,20548,10731,35194,6361,21934,71608,114248,2138,0,4355,4346,12007,16299,17793,50614,-42640,2138,-58755,9,-4292,-15748,-24463,-15573,-32821,1
2022-11-08 11:00:00,200911,260151,4704,20578,10125,35362,5706,22028,74984,116136,2146,0,4535,4390,12116,16095,17270,47835,-41152,2146,-59240,145,-3979,-15874,-25237,-16322,-30565,1
2022-11-08 12:00:00,186250,255451,4379,20490,9059,36816,4487,21935,75488,116788,2260,0,4507,4312,12201,16136,17690,49135,-41300,2260,-69201,195,-3935,-16111,-27757,-17448,-31445,1
2022-11-08 13:00:00,166003,253065,2872,21286,7607,37575,3754,22114,75420,115348,2192,0,4386,4215,12335,16645,17255,50947,-39928,2192,-87062,171,-4310,-18414,-29968,-18360,-33692,1
2022-11-08 14:00:00,153769,252027,1445,22201,8435,38314,4322,23018,70436,113084,2248,0,4568,4311,12681,16951,16603,53229,-42648,2248,-98258,257,-4270,-20756,-29879,-18696,-36626,1
2022-11-08 15:00:00,161394,258832,1182,23417,9505,40026,5151,23427,65580,112552,1926,0,4603,4611,12939,16943,16574,57240,-46972,1926,-97438,-8,-4004,-22235,-30521,-18276,-40666,1
2022-11-08 16:00:00,177355,267627,1266,23557,8308,39397,5428,23124,55764,114200,1933,0,4551,4401,13070,16479,17160,61116,-58436,1933,-90272,150,-3409,-22291,-31089,-17696,-43956,1
2022-11-08 17:00:00,177481,262701,1315,23514,7026,38760,5850,23016,53864,119468,2054,0,4250,4228,12550,15875,17400,58386,-65604,2054,-85220,22,-3325,-22199,-31734,-17166,-40986,1
2022-11-08 18:00:00,168173,254488,1325,23048,5677,36569,5970,22531,57600,121148,2104,0,4196,4022,12237,15516,17546,56091,-63548,2104,-86315,174,-3279,-21723,-30892,-16561,-38545,1
2022-11-08 19:00:00,153828,239674,1317,22167,3961,34236,5798,20959,58084,121836,2062,0,3986,3807,11507,14964,17238,53249,-63752,2062,-85846,179,-3457,-20850,-30275,-15161,-36011,1
2022-11-08 20:00:00,155388,224405,1371,21051,3485,30857,5627,19397,51980,114340,2213,0,3980,3566,11189,14323,16291,50034,-62360,2213,-69017,414,-3134,-19680,-27372,-13770,-33743,1
2022-11-08 21:00:00,152129,210994,1363,20014,3407,28102,5285,18070,48420,103548,2351,0,3882,3371,10576,13666,16076,46790,-55128,2351,-58865,511,-3090,-18651,-24695,-12785,-30714,1
2022-11-08 22:00:00,154012,197426,1271,18822,3910,25752,4871,17055,44380,95344,2328,0,3705,3308,9772,13296,15535,44075,-50964,2328,-43414,397,-3524,-17551,-21842,-12184,-28540,1
2022-11-08 23:00:00,162151,186678,1114,17593,4197,24230,4508,16447,43124,90556,2149,0,4071,3194,9344,12685,16085,41577,-47432,2149,-24527,877,-3341,-16479,-20033,-11939,-25492,1
2022-11-09 00:00:00,162797,179608,1109,16726,4321,23579,4388,16251,44508,86228,1160,0,3726,3207,9200,12602,16298,40573,-41720,1160,-16811,519,-3402,-15617,-19258,-11863,-24275,1
2022-11-09 01:00:00,162092,177045,1125,16190,4435,23316,4241,16292,45784,83848,0,0,3719,3139,9206,12677,16134,39737,-38064,0,-14953,580,-3471,-15065,-18881,-12051,-23603,3
2022-11-09 02:00:00,161564,180332,1094,16121,4274,23781,4112,16632,45020,82688,747,0,3687,3120,9485,12669,16375,39557,-37668,747,-18768,567,-3184,-15027,-19507,-12520,-23182,1
2022-11-09 03:00:00,158196,188059,1069,16934,4077,25336,4246,17560,44844,83228,1315,0,3522,3288,10121,13110,16558,39695,-38384,1315,-29863,234,-2989,-15865,-21259,-13314,-23137,1
2022-11-09 04:00:00,160480,207106,1011,18726,4069,30132,4324,20170,43728,86380,2173,0,3752,3759,11572,14775,16715,41787,-42652,2173,-46626,-7,-3203,-17715,-26063,-15846,-25072,1
2022-11-09 05:00:00,154162,238713,1057,21182,7554,34780,4556,21660,36860,97152,2472,0,4169,4192,12520,15986,16611,46512,-60292,2472,-84551,-23,-3466,-20125,-27226,-17104,-29901,1
2022-11-09 06:00:00,155035,255058,1485,22035,10727,38100,5227,22264,36560,107096,2330,0,3701,4354,12889,15960,16018,52331,-70536,2330,-100023,-653,-3071,-20550,-27373,-17037,-36313,1
2022-11-09 07:00:00,162033,262340,2084,22252,12338,39548,5570,22335,38536,111120,1208,0,3611,4368,13081,15773,15870,52434,-72584,1208,-100307,-757,-2692,-20168,-27210,-16765,-36564,1
2022-11-09 08:00:00,166004,261135,2573,22261,11933,39471,5460,22092,43000,112188,1108,0,3986,4460,13507,16645,16156,49694,-69188,1108,-95131,-474,-3138,-19688,-27538,-16632,-33538,1
2022-11-09 09:00:00,177088,263113,2832,22265,12356,39275,5222,22291,48728,113456,2256,0,4413,4355,13485,17592,17383,48938,-64728,2256,-86025,58,-4107,-19433,-26919,-17069,-31555,1
2022-11-09 10:00:00,189771,263881,2919,22328,11271,37302,4936,22374,52708,114300,2182,0,4342,4231,13526,18103,17645,49181,-61592,2182,-74110,111,-4577,-19409,-26031,-17438,-31536,1
2022-11-09 11:00:00,195079,260802,2926,22319,9081,36617,4464,22413,56224,114632,2164,0,4060,4281,13817,16347,17716,49090,-58408,2164,-65723,-221,-2530,-19393,-27536,-17949,-31374,1
2022-11-09 12:00:00,175234,255983,2414,22122,9514,38213,3796,22359,60816,114120,2292,0,3579,4253,13582,16233,17245,48927,-53304,2292,-80749,-674,-2651,-19708,-28699,-18563,-31682,1
2022-11-09 13:00:00,149775,251702,1576,22430,8562,39054,3565,22598,57876,112512,2454,0,3095,4154,13834,16876,16657,50864,-54636,2454,-101927,-1059,-3042,-20854,-30492,-19033,-34207,1
2022-11-09 14:00:00,140261,250069,931,22897,9653,40186,4225,23373,54856,109872,2394,0,2906,4294,13822,17205,15634,54185,-55016,2394,-109808,-1388,-3383,-21966,-30533,-19148,-38551,1
2022-11-09 15:00:00,143640,255330,836,23693,10988,41304,4565,23622,46284,109452,2858,0,2874,4615,13761,17259,15362,58237,-63168,2858,-111690,-1741,-3498,-22857,-30316,-19057,-42875,1
2022-11-09 16:00:00,156423,263970,859,23518,10597,40562,4721,23287,35708,111884,3056,0,2909,4318,13681,16687,15170,61690,-76176,3056,-107547,-1409,-3006,-22659,-29965,-18566,-46520,1
2022-11-09 17:00:00,161460,259997,818,23355,8956,39779,4487,23203,35924,117168,3374,0,2840,3982,13554,15963,14487,58812,-81244,3374,-98537,-1142,-2409,-22537,-30823,-18716,-44325,1
2022-11-09 18:00:00,160173,252106,773,22982,7220,37798,4207,22631,37860,119336,3245,0,2621,3850,13336,15574,14087,56575,-81476,3245,-91933,-1229,-2238,-22209,-30578,-18424,-42488,1
2022-11-09 19:00:00,152917,237956,750,22113,5324,34533,4025,21114,39196,120048,3124,0,2531,3694,12975,14738,13854,53845,-80852,3124,-85039,-1163,-1763,-21363,-29209,-17089,-39991,1
2022-11-09 20:00:00,147727,226050,730,21038,4548,31057,3889,19450,32424,113576,3128,0,2356,3464,12547,14069,13438,50695,-81152,3128,-78323,-1108,-1522,-20308,-26509,-15561,-37257,1
2022-11-09 21:00:00,143388,211154,736,20066,4749,28250,3801,18206,30240,103428,3191,0,2760,3190,11886,13550,13087,47734,-73188,3191,-67766,-430,-1664,-19330,-23501,-14405,-34647,1
2022-11-09 22:00:00,142538,196903,732,18790,4862,25694,3870,17239,28492,95196,1543,0,2452,3187,10996,12933,12570,45023,-66704,1543,-54365,-735,-1937,-18058,-20832,-13369,-32453,1
2022-11-09 23:00:00,146844,189517,724,17480,5432,24301,3702,16547,25756,91092,1418,0,2567,3119,10724,12425,12664,42794,-65336,1418,-42673,-552,-1701,-16756,-18869,-12845,-30130,1
2022-11-10 00:00:00,147994,183627,718,16617,5671,23571,3652,16301,27896,86712,2819,0,2486,3103,10587,12295,12466,41041,-58816,2819,-35633,-617,-1708,-15899,-17900,-12649,-28575,1
2022-11-10 01:00:00,143787,181747,716,16103,5681,23377,3572,16381,31964,84236,2231,0,2295,3099,10260,12100,12880,40451,-52272,2231,-37960,-804,-1840,-15387,-17696,-12809,-27571,1
2022-11-10 02:00:00,146402,185064,730,16157,5610,23710,3509,16718,32548,83388,1403,0,2287,3057,10087,12144,13475,40199,-50840,1403,-38662,-770,-2057,-15427,-18100,-13209,-26724,1
2022-11-10 03:00:00,146785,192633,726,16868,5669,25291,3631,17763,31988,84088,904,0,2421,3261,10573,12644,14564,40323,-52100,904,-45848,-840,-2071,-16142,-19622,-14132,-25759,1
2022-11-10 04:00:00,141441,209693,741,18701,5032,29983,3867,20294,28400,87760,1362,0,2460,3860,11765,14446,14726,42370,-59360,1362,-68252,-1400,-2681,-17960,-24951,-16427,-27644,1
2022-11-10 05:00:00,130822,238799,775,21122,6692,34666,4123,22001,26180,98876,2945,0,3215,4201,12697,15723,15096,47335,-72696,2945,-107977,-986,-3026,-20347,-27974,-17878,-32239,1
2022-11-10 06:00:00,141585,253656,1040,21888,8821,38024,4592,22890,27640,110208,3205,0,3043,4331,12679,15689,14697,53009,-82568,3205,-112071,-1288,-3010,-20848,-29203,-18298,-38312,1
2022-11-10 07:00:00,150961,258037,1525,22022,9984,38782,4849,23063,31448,113416,3184,0,3281,4362,12536,15748,14276,52789,-81968,3184,-107076,-1081,-3212,-20497,-28798,-18214,-38513,1
2022-11-10 08:00:00,155661,258205,2028,21887,9007,38351,5185,22988,42512,113460,3130,0,3622,4437,12532,15968,14138,49203,-70948,3130,-102544,-815,-3436,-19859,-29344,-17803,-35065,1
2022-11-10 09:00:00,176210,264194,2542,21777,8598,37448,5415,23165,51768,112384,3203,0,3645,4452,12365,15675,14090,46056,-60616,3203,-87984,-807,-3310,-19235,-28850,-17750,-31966,1
2022-11-10 10:00:00,194993,266235,2447,21919,8249,35589,5388,23195,59560,111956,3254,0,4012,4502,11944,15247,14511,45612,-52396,3254,-71242,-490,-3303,-19472,-27340,-17807,-31101,1
2022-11-10 11:00:00,203018,263357,2130,22283,8134,35904,5022,22969,60388,112440,3217,0,4109,4520,11756,15150,15666,47120,-52052,3217,-60339,-411,-3394,-20153,-27770,-17947,-31454,1
2022-11-10 12:00:00,192551,258607,1725,22291,8104,37096,4270,22545,58704,113180,3203,0,4297,4490,11787,15421,15835,49331,-54476,3203,-66056,-193,-3634,-20566,-28992,-18275,-33496,1
2022-11-10 13:00:00,166102,251580,1243,22471,7601,38010,3551,22665,59548,111700,3204,0,4341,4385,12094,15598,15855,52096,-52152,3204,-85478,-44,-3504,-21228,-30409,-19114,-36241,1
2022-11-10 14:00:00,140444,248999,943,22712,7535,38575,4097,23223,59304,110916,3197,0,4327,4490,12562,15749,15465,54973,-51612,3197,-108555,-163,-3187,-21769,-31040,-19126,-39508,1
2022-11-10 15:00:00,145049,254868,866,23412,8213,39964,4614,23373,46664,109180,3118,0,4363,4750,13302,15857,15292,58440,-62516,3118,-109819,-387,-2555,-22546,-31751,-18759,-43148,1
2022-11-10 16:00:00,151410,266052,934,23264,8174,39468,4484,22930,30888,108076,1520,0,4235,4623,13255,15336,16174,61822,-77188,1520,-114642,-388,-2081,-22330,-31294,-18446,-45648,1
2022-11-10 17:00:00,159840,263881,988,23185,6972,38839,4627,22618,27980,114432,1647,0,4310,4345,13000,15251,16612,59251,-86452,1647,-104041,-35,-2251,-22197,-31867,-17991,-42639,1
2022-11-10 18:00:00,158940,255322,976,22792,6020,36626,4392,21879,29360,120748,3237,0,4396,4103,13151,14875,16593,57031,-91388,3237,-96382,293,-1724,-21816,-30606,-17487,-40438,1
2022-11-10 19:00:00,144934,240320,1017,22025,5250,34026,4301,20504,33200,121248,3166,0,4367,3868,13328,14219,16744,54274,-88048,3166,-95386,499,-891,-21008,-28776,-16203,-37530,1
2022-11-10 20:00:00,140138,225684,999,20874,5800,30547,4270,18906,30880,114888,3150,0,4340,3639,13098,13382,16986,51219,-84008,3150,-85546,701,-284,-19875,-24747,-14636,-34233,1
2022-11-10 21:00:00,134855,211996,1018,19962,6161,28294,4218,17558,29316,105224,1512,0,4374,3452,12792,13112,16632,48067,-75908,1512,-77141,922,-320,-18944,-22133,-13340,-31435,1
2022-11-10 22:00:00,140509,199657,929,18856,6571,25953,4341,16599,26764,96832,1222,0,3922,3334,11964,12718,16690,45516,-70068,1222,-59148,588,-754,-17927,-19382,-12258,-28826,1
2022-11-10 23:00:00,151134,189473,918,17677,6117,24635,4275,15998,26808,91588,1979,0,3644,3220,11971,12186,16629,43162,-64780,1979,-38339,424,-215,-16759,-18518,-11723,-26533,1
2022-11-11 00:00:00,152804,184676,880,16830,6094,23893,4253,15519,28772,87508,1402,0,3518,3108,12202,12218,16515,41131,-58736,1402,-31872,410,-16,-15950,-17799,-11266,-24616,1
2022-11-11 01:00:00,153930,183143,811,16327,6359,23624,4291,15392,32924,85264,813,0,3459,3065,11961,11963,16251,40186,-52340,813,-29213,394,-2,-15516,-17265,-11101,-23935,1
2022-11-11 02:00:00,149751,185862,789,16338,6546,23905,3979,15256,32892,84016,805,0,3359,3068,12084,11752,15833,39837,-51124,805,-36111,291,332,-15549,-17359,-11277,-24004,1
2022-11-11 03:00:00,140453,193720,774,17105,6941,25652,4083,15173,32012,84752,738,0,3517,3241,12796,12196,14872,40094,-52740,738,-53267,276,600,-16331,-18711,-11090,-25222,1
2022-11-11 04:00:00,133131,210147,743,18911,7139,30232,4312,15183,32924,88016,1051,0,3962,3808,13243,13728,15277,42459,-55092,1051,-77016,154,-485,-18168,-23093,-10871,-27182,1
2022-11-11 05:00:00,128012,239469,809,21139,9076,34594,4614,15544,33932,98852,2023,0,4322,4252,13462,15303,15060,47295,-64920,2023,-111457,70,-1841,-20330,-25518,-10930,-32235,1
2022-11-11 06:00:00,134336,256150,1844,21288,11667,37806,4911,16650,36416,110300,3016,0,4090,4595,13985,15463,14337,53300,-73884,3016,-121814,-505,-1478,-19444,-26139,-11739,-38963,1
2022-11-11 07:00:00,141919,262023,3617,20616,12556,38188,5283,17517,42068,113360,3099,0,5380,4657,13626,15553,14370,55607,-71292,3099,-120104,723,-1927,-16999,-25632,-12234,-41237,1
2022-11-11 08:00:00,149287,261974,4649,19890,13622,37674,5664,18133,52024,114352,2965,0,5144,4795,13630,15555,13965,54149,-62328,2965,-112687,349,-1925,-15241,-24052,-12469,-40184,1
2022-11-11 09:00:00,157385,262843,5308,19619,13818,37254,5590,18276,58932,114684,2941,0,4849,4789,13627,15359,13410,51376,-55752,2941,-105458,60,-1732,-14311,-23436,-12686,-37966,1
2022-11-11 10:00:00,160422,262783,5368,19911,13396,35242,5376,18423,68688,115076,2886,0,5066,4715,13964,15086,11672,48751,-46388,2886,-102361,351,-1122,-14543,-21846,-13047,-37079,1
2022-11-11 11:00:00,157510,258935,4475,20417,13155,35443,4940,18793,72908,115832,3171,0,5457,4618,14068,15049,10510,47086,-42924,3171,-101425,839,-981,-15942,-22288,-13853,-36576,1
2022-11-11 12:00:00,146754,250503,3155,20611,12517,36501,4276,18446,74860,116052,3171,0,5500,4511,14172,15228,9034,47027,-41192,3171,-103749,989,-1056,-17456,-23984,-14170,-37993,1
2022-11-11 13:00:00,131365,244562,1859,21549,9850,36923,3745,18265,74996,114080,1679,0,5404,4423,14462,15419,7540,49378,-39084,1679,-113197,981,-957,-19690,-27073,-14520,-41838,1
2022-11-11 14:00:00,118216,243553,987,22204,11221,37831,3962,18904,71960,111700,0,0,5254,4618,14982,15596,6166,53228,-39740,0,-125337,636,-614,-21217,-26610,-14942,-47062,3
2022-11-11 15:00:00,119147,248806,771,23258,11981,39449,4070,19072,60504,110464,608,0,5478,4738,14886,15273,5522,57439,-49960,608,-129659,740,-387,-22487,-27468,-15002,-51917,3
2022-11-11 16:00:00,127057,256677,776,23100,11936,38789,4170,18925,50608,112160,1165,0,5307,4507,14647,15100,6379,60664,-61552,1165,-129620,800,-453,-22324,-26853,-14755,-54285,1
2022-11-11 17:00:00,124152,253053,796,22864,9919,38239,4187,18666,52928,117228,652,0,5051,4260,13835,14490,7341,58023,-64300,652,-128901,791,-655,-22068,-28320,-14479,-50682,3
2022-11-11 18:00:00,116475,243322,818,22416,8443,35854,3965,18231,55604,118112,294,0,4750,4061,12987,13792,7560,55397,-62508,294,-126847,689,-805,-21598,-27411,-14266,-47837,3
2022-11-11 19:00:00,106597,226271,849,21590,8147,33232,3607,17362,55416,117980,256,0,4788,3852,12622,12908,7178,52747,-62564,256,-119674,936,-286,-20741,-25085,-13755,-45569,3
2022-11-11 20:00:00,103269,212033,887,20722,8579,30162,3530,16696,54316,112368,177,0,4518,3682,12458,12054,6711,49433,-58052,177,-108764,836,404,-19835,-21583,-13166,-42722,3
2022-11-11 21:00:00,98218,198382,861,19894,8299,27623,3196,15728,54456,102792,160,0,4556,3514,12366,11640,5887,47016,-48336,160,-100164,1042,726,-19033,-19324,-12532,-41129,3
2022-11-11 22:00:00,94470,186008,852,18748,7704,25517,2957,14741,55672,95612,205,0,4110,3320,11313,11013,5018,45150,-39940,205,-91538,790,300,-17896,-17813,-11784,-40132,3
2022-11-11 23:00:00,91549,177688,887,17554,7601,24198,2836,14337,53996,90880,253,0,3892,3201,11203,11106,4184,43216,-36884,253,-86139,691,97,-16667,-16597,-11501,-39032,3
2022-11-12 00:00:00,91342,172137,859,16640,7394,23337,2816,14085,54788,86496,170,0,4046,3080,11103,11207,3282,41095,-31708,170,-80795,966,-104,-15781,-15943,-11269,-37813,3
2022-11-12 01:00:00,84948,167611,838,16044,7585,22833,2636,13968,57152,82632,213,0,4207,2936,10805,10912,2290,39789,-25480,213,-82663,1271,-107,-15206,-15248,-11332,-37499,3
2022-11-12 02:00:00,74564,166243,868,15848,8005,22923,2501,14167,56748,80816,272,0,3844,2780,10654,10724,1811,39651,-24068,272,-91679,1064,-70,-14980,-14918,-11666,-37840,3
2022-11-12 03:00:00,62989,166633,902,16121,8223,23478,2272,14594,56316,79676,540,0,3453,2804,10646,10523,1587,39424,-23360,540,-103644,649,123,-15219,-15255,-12322,-37837,3
2022-11-12 04:00:00,53276,169096,924,16691,8105,25443,2167,15526,54964,79752,1186,0,3001,2923,10920,11084,1654,39858,-24788,1186,-115820,78,-164,-15767,-17338,-13359,-38204,1
2022-11-12 05:00:00,51648,176562,1056,17705,8869,27444,2366,16357,49852,82756,2048,0,2525,3159,11334,11600,1139,41666,-32904,2048,-124914,-634,-266,-16649,-18575,-13991,-40527,1
2022-11-12 06:00:00,58564,187161,1556,18704,10289,29776,2848,17488,49740,86116,1036,0,2182,3384,11638,11878,1062,44661,-36376,1036,-128597,-1202,-240,-17148,-19487,-14640,-43599,1
2022-11-12 07:00:00,66051,199459,2345,18992,11532,30774,3131,18306,52496,90996,968,0,2025,3538,11781,12582,1306,45192,-38500,968,-133408,-1513,-801,-16647,-19242,-15175,-43886,1
2022-11-12 08:00:00,77130,207969,3219,18946,10428,30255,3325,18748,64708,97764,2192,0,2077,3644,11690,13190,1515,43077,-33056,2192,-130839,-1567,-1500,-15727,-19827,-15423,-41562,1
2022-11-12 09:00:00,89154,213676,3914,18759,10614,29602,3294,18897,73628,100292,2510,0,1826,3693,11372,13154,1728,39636,-26664,2510,-124522,-1867,-1782,-14845,-18988,-15603,-37908,1
2022-11-12 10:00:00,95754,216859,4063,18684,10703,28869,3036,18887,80380,99700,2826,0,1854,3657,11330,13004,1802,37617,-19320,2826,-121105,-1803,-1674,-14621,-18166,-15851,-35815,1
2022-11-12 11:00:00,91639,212699,4078,18711,10506,28371,2679,19034,82020,100076,2840,0,1658,3618,11273,13237,1710,36470,-18056,2840,-121060,-1960,-1964,-14633,-17865,-16355,-34760,1
2022-11-12 12:00:00,79999,204805,3449,18644,9757,28454,2052,19008,87792,101680,2638,0,1491,3536,11172,12993,1530,36711,-13888,2638,-124806,-2045,-1821,-15195,-18697,-16956,-35181,1
2022-11-12 13:00:00,58907,198460,2100,18965,7669,28448,1406,19212,88352,98548,2314,0,1325,3678,11495,13392,1165,39464,-10196,2314,-139553,-2353,-1897,-16865,-20779,-17806,-38299,1
2022-11-12 14:00:00,45800,198293,995,19685,7716,29353,1520,19936,82552,95136,2360,0,1236,3886,12277,14455,1112,44193,-12584,2360,-152493,-2650,-2178,-18690,-21637,-18416,-43081,1
2022-11-12 15:00:00,48210,208172,741,21008,11205,32114,1879,20121,69352,93584,2094,0,1186,4097,12655,14733,1266,50170,-24232,2094,-159962,-2911,-2078,-20267,-20909,-18242,-48904,1
2022-11-12 16:00:00,59250,219555,736,21025,11275,32753,1577,19904,57604,95736,2012,0,1069,3957,12822,14367,1892,55140,-38132,2012,-160305,-2888,-1545,-20289,-21478,-18327,-53248,1
2022-11-12 17:00:00,61859,216009,739,20839,9478,32708,1248,19682,55876,101916,2262,0,1083,3660,13057,14059,2409,53558,-46040,2262,-154150,-2577,-1002,-20100,-23230,-18434,-51149,1
2022-11-12 18:00:00,59048,207756,742,20504,7776,30851,884,19154,54316,103188,1002,0,1014,3487,12397,13763,2234,51435,-48872,1002,-148708,-2473,-1366,-19762,-23075,-18270,-49201,1
2022-11-12 19:00:00,55614,195394,762,19741,5887,28853,628,18164,53576,103696,818,0,857,3313,11909,13581,2204,48984,-50120,818,-139780,-2456,-1672,-18979,-22966,-17536,-46780,1
2022-11-12 20:00:00,57696,186057,797,18740,5487,26711,550,17103,52120,100548,1740,0,871,3168,11311,13077,1855,46894,-48428,1740,-128361,-2297,-1766,-17943,-21224,-16553,-45039,1
2022-11-12 21:00:00,57141,177419,836,17809,4951,24744,509,16012,46932,93152,2058,0,758,2997,10734,12786,1697,44958,-46220,2058,-120278,-2239,-2052,-16973,-19793,-15503,-43261,1
2022-11-12 22:00:00,57154,165138,819,16754,4742,22708,537,15035,44584,86824,2264,0,700,2875,10687,12454,1337,43077,-42240,2264,-107984,-2175,-1767,-15935,-17966,-14498,-41740,1
2022-11-12 23:00:00,55434,155740,804,15778,4538,21374,542,14509,45232,82004,1224,0,752,2790,10241,12284,1197,41105,-36772,1224,-100306,-2038,-2043,-14974,-16836,-13967,-39908,1
2022-11-13 00:00:00,57564,150346,781,15182,4697,20294,573,14060,46696,77424,1057,0,678,2737,9858,12427,1137,39507,-30728,1057,-92782,-2059,-2569,-14401,-15597,-13487,-38370,1
2022-11-13 01:00:00,61901,147058,762,14699,4796,19862,554,13885,46260,74276,1910,0,591,2710,10007,12275,1188,38579,-28016,1910,-85157,-2119,-2268,-13937,-15066,-13331,-37391,1
2022-11-13 02:00:00,70194,147785,748,14523,4396,19775,527,13971,42108,72776,1888,0,580,2673,9976,12105,1066,38113,-30668,1888,-77591,-2093,-2129,-13775,-15379,-13444,-37047,1
2022-11-13 03:00:00,73259,148040,734,14725,4279,20223,488,14193,39356,72232,2296,0,559,2709,9920,12151,920,37642,-32876,2296,-74781,-2150,-2231,-13991,-15944,-13705,-36722,1
2022-11-13 04:00:00,73421,148917,773,15200,4227,21246,504,14639,37508,72532,2425,0,548,2855,10388,12309,1242,37882,-35024,2425,-75496,-2307,-1921,-14427,-17019,-14135,-36640,1
2022-11-13 05:00:00,66624,153430,825,16027,4739,21990,623,15073,34980,74708,2533,0,639,3098,10760,12608,1631,38880,-39728,2533,-86806,-2459,-1848,-15202,-17251,-14450,-37249,1
2022-11-13 06:00:00,67855,161774,1482,17105,7010,24028,984,16211,34148,76056,2670,0,747,3323,11191,13012,1941,40662,-41908,2670,-93919,-2576,-1821,-15623,-17018,-15227,-38721,1
2022-11-13 07:00:00,84246,175614,2811,17758,9058,25696,1428,17105,36960,78724,2891,0,787,3479,11328,14028,2011,40140,-41764,2891,-91368,-2692,-2700,-14947,-16638,-15677,-38129,1
2022-11-13 08:00:00,105040,186951,3927,18142,9277,26470,1831,17748,50788,84528,1456,0,967,3566,11413,14570,2279,37295,-33740,1456,-81911,-2599,-3157,-14215,-17193,-15917,-35016,1
2022-11-13 09:00:00,122138,195287,4623,18202,9531,26653,1968,17928,63364,87988,1622,0,1152,3605,11251,14778,2234,34541,-24624,1622,-73149,-2453,-3527,-13579,-17122,-15960,-32307,1
2022-11-13 10:00:00,132500,202089,5135,17990,9227,26467,2036,18122,68220,88332,3106,0,1229,3550,11081,14788,2220,32838,-20112,3106,-69589,-2321,-3707,-12855,-17240,-16086,-30618,1
2022-11-13 11:00:00,137532,198295,4961,17499,7863,25217,1864,18260,72240,88660,3180,0,1196,3571,10908,14575,2251,32860,-16420,3180,-60763,-2375,-3667,-12538,-17354,-16396,-30609,1
2022-11-13 12:00:00,129139,188994,4086,17308,6627,24680,1486,18062,73840,91032,3292,0,1235,3616,10873,14556,2251,33770,-17192,3292,-59855,-2381,-3683,-13222,-18053,-16576,-31519,1
2022-11-13 13:00:00,105027,183119,2476,17990,5294,25272,1158,17966,74724,89868,3196,0,1295,3658,11111,14672,2138,36774,-15144,3196,-78092,-2363,-3561,-15514,-19978,-16808,-34636,1
2022-11-13 14:00:00,86202,186082,1006,19070,5707,26336,1445,18633,72140,86760,1480,0,1516,3918,11585,15348,2287,42182,-14620,1480,-99880,-2402,-3763,-18064,-20629,-17188,-39895,1
2022-11-13 15:00:00,90305,197187,733,20569,7486,29210,1888,19052,56552,86140,1228,0,1861,4251,11852,15584,2892,49015,-29588,1228,-106882,-2390,-3732,-19836,-21724,-17164,-46123,1
2022-11-13 16:00:00,112605,211652,742,20827,7699,30324,1923,19092,37892,90036,1098,0,2124,4122,11991,15266,4121,54394,-52144,1098,-99047,-1998,-3275,-20085,-22625,-17169,-50273,1
2022-11-13 17:00:00,116981,211169,749,20825,7461,30773,1884,19088,38488,97148,759,0,2190,3873,11696,14896,4742,53023,-58660,759,-94188,-1683,-3200,-20076,-23312,-17204,-48281,1
2022-11-13 18:00:00,110787,205290,745,20486,6496,29775,1854,18662,41440,100128,1583,0,2256,3644,11465,14529,5942,50855,-58688,1583,-94503,-1388,-3064,-19741,-23279,-16808,-44913,1
2022-11-13 19:00:00,108884,196657,798,19774,5201,28101,1555,17787,42416,102184,1446,0,2331,3454,11166,14186,6388,48596,-59768,1446,-87773,-1123,-3020,-18976,-22900,-16232,-42208,1
2022-11-13 20:00:00,114393,192981,825,18760,4200,26142,1623,17018,41292,99580,1093,0,2479,3350,10724,13569,5823,46741,-58288,1093,-78588,-871,-2845,-17935,-21942,-15395,-40918,1
2022-11-13 21:00:00,114846,187893,778,17765,4062,23945,1684,16004,38848,93168,631,0,2535,3167,10535,13020,5794,44502,-54320,631,-73047,-632,-2485,-16987,-19883,-14320,-38708,1
2022-11-13 22:00:00,118624,177502,769,16692,4967,21711,1846,15143,36592,86064,537,0,2414,3234,10138,12833,6138,42202,-49472,537,-58878,-820,-2695,-15923,-16744,-13297,-36064,1
2022-11-13 23:00:00,122186,169838,767,15767,5164,20609,1939,14743,32668,81788,277,0,2373,3098,9967,12634,5480,40941,-49120,277,-47652,-725,-2667,-15000,-15445,-12804,-35461,1
2022-11-14 00:00:00,124445,165123,779,15175,5344,20088,2059,14596,31300,77640,136,0,2132,3182,9965,12569,5463,39431,-46340,136,-40678,-1050,-2604,-14396,-14744,-12537,-33968,1
2022-11-14 01:00:00,125216,164032,806,14783,5310,20013,2090,14699,32448,76060,169,0,2483,3058,9959,12503,5420,38712,-43612,169,-38816,-575,-2544,-13977,-14703,-12609,-33292,1
2022-11-14 02:00:00,126214,167337,807,14853,5162,20534,2040,15202,33672,75836,102,0,2173,3215,10046,12612,5157,38701,-42164,102,-41123,-1042,-2566,-14046,-15372,-13162,-33544,1
2022-11-14 03:00:00,122302,177586,801,15752,5079,22687,1942,16470,33056,76324,53,0,2569,3262,10420,13421,5177,39310,-43268,53,-55284,-693,-3001,-14951,-17608,-14528,-34133,1
2022-11-14 04:00:00,108726,197563,851,18028,4476,28237,1944,19719,29712,81000,71,0,3156,3627,11695,14900,5320,41802,-51288,71,-88837,-471,-3205,-17177,-23761,-17775,-36482,1
2022-11-14 05:00:00,114948,230092,841,20890,5749,33291,2253,21854,31224,94372,95,0,3581,4407,12046,16286,4862,47428,-63148,95,-115144,-826,-4240,-20049,-27542,-19601,-42566,1
2022-11-14 06:00:00,126265,248374,1362,21721,8896,37492,3017,23071,36104,107480,143,0,3844,4630,12048,16523,4466,54173,-71376,143,-122109,-786,-4475,-20359,-28596,-20054,-49707,1
2022-11-14 07:00:00,130276,256392,2310,21653,10027,38822,3619,23558,43236,111448,239,0,3987,4648,12003,16130,4516,55484,-68212,239,-126116,-661,-4127,-19343,-28795,-19939,-50968,1
2022-11-14 08:00:00,132149,257983,2839,21265,9831,38787,3828,23431,52128,112784,324,0,3887,4733,12028,15703,4459,51330,-60656,324,-125834,-846,-3675,-18426,-28956,-19603,-46871,1
2022-11-14 09:00:00,144298,261563,3328,20892,9179,38105,4078,23556,60088,113184,392,0,3825,4745,12020,15546,3739,46738,-53096,392,-117265,-920,-3526,-17564,-28926,-19478,-42999,1
2022-11-14 10:00:00,152339,265538,3748,20789,8417,36295,3971,23447,63084,113608,476,0,3783,4686,12074,15801,3909,44365,-50524,476,-113199,-903,-3727,-17041,-27878,-19476,-40456,1
2022-11-14 11:00:00,144137,263031,3883,20863,8419,36481,3620,23351,68752,115048,690,0,3697,4654,12047,15881,3758,44656,-46296,690,-118894,-957,-3834,-16980,-28062,-19731,-40898,1
2022-11-14 12:00:00,130965,256221,3423,20871,8146,37724,2885,23152,71500,115912,870,0,3615,4534,12106,16453,4002,47283,-44412,870,-125256,-919,-4347,-17448,-29578,-20267,-43281,1
2022-11-14 13:00:00,123574,251727,2142,21563,8163,38160,2603,23101,71876,115100,482,0,3580,4469,12349,16615,4541,50474,-43224,482,-128153,-889,-4266,-19421,-29997,-20498,-45933,1
2022-11-14 14:00:00,115739,248124,1006,22410,7745,38345,3263,23758,67768,113324,648,0,3692,4672,12343,16740,5213,55463,-45556,648,-132385,-980,-4397,-21404,-30600,-20495,-50250,1
2022-11-14 15:00:00,122807,255622,793,23563,8422,39529,3511,24036,59064,112668,1686,0,3705,5005,12330,16588,6023,60503,-53604,1686,-132815,-1300,-4258,-22770,-31107,-20525,-54480,1
2022-11-14 16:00:00,140355,265085,788,23541,7265,38803,3276,23721,51084,115240,2309,0,3493,4844,12448,16304,6273,63786,-64156,2309,-124730,-1351,-3856,-22753,-31538,-20445,-57513,1
2022-11-14 17:00:00,136281,260895,786,23427,7770,38417,2977,23531,52384,120048,1366,0,3242,4521,12392,15688,6576,60906,-67664,1366,-124614,-1279,-3296,-22641,-30647,-20554,-54330,1
2022-11-14 18:00:00,128516,252060,789,23029,6751,36462,2282,22972,53256,122104,1546,0,3093,4207,12247,15147,6120,58188,-68848,1546,-123544,-1114,-2900,-22240,-29711,-20690,-52068,1
2022-11-14 19:00:00,122943,236857,796,22210,5020,33533,2008,21410,51756,122640,1560,0,2739,3859,12259,14937,5773,55114,-70884,1560,-113914,-1120,-2678,-21414,-28513,-19402,-49341,1
2022-11-14 20:00:00,117414,222844,803,21015,4312,30136,1782,19883,50316,115472,1558,0,2506,3636,11850,14300,5186,51505,-65156,1558,-105430,-1130,-2450,-20212,-25824,-18101,-46319,1
2022-11-14 21:00:00,112556,209735,835,20069,4421,27238,1552,18614,49804,104620,3218,0,2341,3402,11268,13479,4530,48122,-54816,3218,-97179,-1061,-2211,-19234,-22817,-17062,-43592,1
2022-11-14 22:00:00,111270,193766,810,18852,5124,25153,1349,17529,50528,96156,2997,0,2159,3367,11620,13382,3829,45121,-45628,2997,-82496,-1208,-1762,-18042,-20029,-16180,-41292,1
2022-11-14 23:00:00,111008,182522,816,17628,5441,23853,1235,17046,51768,91464,2963,0,2287,3204,11303,12708,4774,42578,-39696,2963,-71514,-917,-1405,-16812,-18412,-15811,-37804,1
2022-11-15 00:00:00,116146,177850,801,16813,5495,23115,1166,16731,53276,87244,2697,0,2410,3258,10924,12497,6612,40706,-33968,2697,-61704,-848,-1573,-16012,-17620,-15565,-34094,1
2022-11-15 01:00:00,116815,175182,789,16289,5354,22956,1145,16823,56268,84200,2078,0,2515,3277,10933,12753,9118,40365,-27932,2078,-58367,-762,-1820,-15500,-17602,-15678,-31247,1
2022-11-15 02:00:00,117059,177714,784,16339,5276,23307,1089,17199,57756,83008,1696,0,2803,3255,10937,12687,8342,39590,-25252,1696,-60655,-452,-1750,-15555,-18031,-16110,-31248,1
2022-11-15 03:00:00,115572,186987,793,17132,4297,24955,1008,18253,61356,83432,1108,0,2886,3383,11477,13157,8515,39408,-22076,1108,-71415,-497,-1680,-16339,-20658,-17245,-30893,1
2022-11-15 04:00:00,105546,204718,807,18943,4611,29812,932,20918,66208,87864,701,0,3068,3855,12573,14889,9767,41739,-21656,701,-99172,-787,-2316,-18136,-25201,-19986,-31972,1
2022-11-15 05:00:00,96488,233620,826,21535,6286,34837,1461,22708,65616,98912,326,0,3084,4469,13684,16317,9598,46736,-33296,326,-137132,-1385,-2633,-20709,-28551,-21247,-37138,1
2022-11-15 06:00:00,107599,248097,1198,22342,8440,38351,2107,23484,65236,110556,233,0,3078,4627,13907,16098,10826,53387,-45320,233,-140498,-1549,-2191,-21144,-29911,-21377,-42561,1
2022-11-15 07:00:00,110318,254080,1744,22573,9342,39399,2429,23595,68072,114432,224,0,2944,4668,13960,16074,11917,55745,-46360,224,-143762,-1724,-2114,-20829,-30057,-21166,-43828,1
2022-11-15 08:00:00,117335,253758,2159,22480,9566,39647,2411,23079,73180,115816,296,0,2848,4733,13878,16647,12757,53591,-42636,296,-136423,-1885,-2769,-20321,-30081,-20668,-40834,1
2022-11-15 09:00:00,127209,255399,2305,22526,9839,39457,2677,23288,80608,116536,86,0,3087,4735,13836,16783,13420,49592,-35928,86,-128190,-1648,-2947,-20221,-29618,-20611,-36172,1
2022-11-15 10:00:00,131166,254340,2253,22778,8683,37720,2687,23544,86364,116868,111,0,3414,4688,13568,16943,13093,47218,-30504,111,-123174,-1274,-3375,-20525,-29037,-20857,-34125,1
2022-11-15 11:00:00,128235,252718,1981,22981,7729,37662,2186,23598,96056,118208,278,0,3938,4677,13425,16837,14184,46111,-22152,278,-124483,-739,-3412,-21000,-29933,-21412,-31927,1
2022-11-15 12:00:00,110896,250403,1598,22761,7614,38866,1379,23277,99208,118268,333,0,4240,4621,13472,16953,13580,47637,-19060,333,-139507,-381,-3481,-21163,-31252,-21898,-34057,1
2022-11-15 13:00:00,103085,249258,1136,23000,7616,39530,1072,23468,100644,116428,362,0,4386,4554,13577,17500,13526,51884,-15784,362,-146173,-168,-3923,-21864,-31914,-22396,-38358,1
2022-11-15 14:00:00,96556,250079,885,23382,8728,40059,1491,24147,100920,114204,324,0,4730,4720,13566,18121,14233,56026,-13284,324,-153523,10,-4555,-22497,-31331,-22656,-41793,1
2022-11-15 15:00:00,107066,255459,852,24021,9334,40749,1608,24370,92432,113628,385,0,5040,4965,13901,18290,15782,59768,-21196,385,-148393,75,-4389,-23169,-31415,-22762,-43986,1
2022-11-15 16:00:00,126182,263874,841,23629,8902,39852,1514,24028,80456,116472,690,0,5265,4778,13577,17686,16375,62330,-36016,690,-137692,487,-4109,-22788,-30950,-22514,-45955,1
2022-11-15 17:00:00,128340,263340,857,23506,8341,39274,1556,23856,79836,121136,777,0,5571,4547,12757,17024,16310,59229,-41300,777,-135000,1024,-4267,-22649,-30933,-22300,-42919,3
2022-11-15 18:00:00,127476,254315,867,22997,7376,37081,1442,23162,79608,123332,958,0,5619,4527,12339,16769,15833,56971,-43724,958,-126839,1092,-4430,-22130,-29705,-21720,-41138,3
2022-11-15 19:00:00,122238,236943,831,22147,6528,34208,1213,21648,80964,122624,1151,0,5171,4360,11699,15985,15061,54240,-41660,1151,-114705,811,-4286,-21316,-27680,-20435,-39179,1
2022-11-15 20:00:00,120202,223170,792,20963,6517,30915,1281,20128,78812,116132,1226,0,5074,4132,11143,15303,13802,50888,-37320,1226,-102968,942,-4160,-20171,-24398,-18847,-37086,1
2022-11-15 21:00:00,122784,210597,758,19974,6547,28150,1314,18785,71224,104936,508,0,5030,3816,10800,14525,12498,47643,-33712,508,-87813,1214,-3725,-19216,-21603,-17471,-35145,3
2022-11-15 22:00:00,134359,196172,756,18752,7176,25458,1427,17619,69564,96600,0,0,5161,3668,9842,13730,9788,44091,-27036,0,-61813,1493,-3888,-17996,-18282,-16192,-34303,3
2022-11-15 23:00:00,136137,185508,748,17529,7179,24234,1559,17053,64988,92028,320,0,5213,3544,9493,13435,9226,42082,-27040,320,-49371,1669,-3942,-16781,-17055,-15494,-32856,3
2022-11-16 00:00:00,140749,183628,743,16642,6956,23616,1780,16794,63204,87608,583,0,5299,3509,9381,13441,8788,41318,-24404,583,-42879,1790,-4060,-15899,-16660,-15014,-32530,3
2022-11-16 01:00:00,139620,184394,736,16133,7347,23424,2053,16745,69096,84928,282,0,5123,3455,9321,13339,9109,40596,-15832,282,-44774,1668,-4018,-15397,-16077,-14692,-31487,3
2022-11-16 02:00:00,141300,187398,736,16110,7856,23583,2223,17095,72672,84072,397,0,5113,3481,9322,13356,9565,40549,-11400,397,-46098,1632,-4034,-15374,-15727,-14872,-30984,3
2022-11-16 03:00:00,143149,194121,741,16843,7363,25359,2598,18048,71580,84720,738,0,5211,3720,9623,13810,9094,40949,-13140,738,-50972,1491,-4187,-16102,-17996,-15450,-31855,3
2022-11-16 04:00:00,142529,210000,746,18690,8059,30114,2961,20644,70180,88292,410,0,5874,4260,10968,15450,8344,42176,-18112,410,-67471,1614,-4482,-17944,-22055,-17683,-33832,3
2022-11-16 05:00:00,130585,236879,751,21405,9114,34981,3416,22437,71172,99700,424,0,6387,4664,12591,16802,10335,47268,-28528,424,-106294,1723,-4211,-20654,-25867,-19021,-36933,3
2022-11-16 06:00:00,133786,256086,881,22392,12641,39192,3668,23491,74296,111424,722,0,6071,4950,13073,17295,10074,53640,-37128,722,-122300,1121,-4222,-21511,-26551,-19823,-43566,3
2022-11-16 07:00:00,132827,262853,1120,22799,13335,39970,4027,23972,75792,115320,599,0,6428,5013,12881,17703,9953,54911,-39528,599,-130026,1415,-4822,-21679,-26635,-19945,-44958,3
2022-11-16 08:00:00,132548,263207,1287,22981,13017,39943,4078,23954,78316,116716,487,0,6402,5004,13047,17718,9574,51304,-38400,487,-130659,1398,-4671,-21694,-26926,-19876,-41730,3
2022-11-16 09:00:00,131476,263500,1374,23147,11933,39458,4322,24297,82712,116852,433,0,6395,5012,13106,17833,9772,47634,-34140,433,-132024,1383,-4727,-21773,-27525,-19975,-37862,3
2022-11-16 10:00:00,133908,265741,1378,23384,11582,37506,4671,24395,83460,118036,477,0,6342,4967,12888,17668,11191,46263,-34576,477,-131833,1375,-4780,-22006,-25924,-19724,-35072,3
2022-11-16 11:00:00,135938,266010,1222,23600,10809,37360,4647,24485,91472,119680,422,0,6329,4950,13013,17401,12316,47018,-28208,422,-130072,1379,-4388,-22378,-26551,-19838,-34702,3
2022-11-16 12:00:00,129555,262778,1039,23368,10393,38188,3926,24090,93792,120256,301,0,6211,4857,12959,17470,11255,47502,-26464,301,-133223,1354,-4511,-22329,-27795,-20164,-36247,3
2022-11-16 13:00:00,122678,258311,869,23494,11406,38725,3915,24030,93836,118524,233,0,6135,4816,13006,17802,10720,50592,-24688,233,-135633,1319,-4796,-22625,-27319,-20115,-39872,3
2022-11-16 14:00:00,118572,257494,766,23676,11610,39280,4390,24623,91892,116364,165,0,6227,4975,13247,18248,9887,54537,-24472,165,-138922,1252,-5001,-22910,-27670,-20233,-44650,3
2022-11-16 15:00:00,126443,262259,760,24126,12822,40397,4591,24480,87888,115480,207,0,6226,5202,13732,18523,10419,58850,-27592,207,-135816,1024,-4791,-23366,-27575,-19889,-48431,3
2022-11-16 16:00:00,141787,269746,745,23770,11650,39537,5106,24095,84296,117760,220,0,6300,4994,13617,18072,13444,62516,-33464,220,-127959,1306,-4455,-23025,-27887,-18989,-49072,3
2022-11-16 17:00:00,139060,264549,772,23536,11349,39173,5497,23951,89420,121916,253,0,6351,4720,12517,17539,14781,59850,-32496,253,-125489,1631,-5022,-22764,-27824,-18454,-45069,3
2022-11-16 18:00:00,135450,254744,771,23018,9427,36966,5266,23344,92824,123676,281,0,6337,4494,12087,17267,15821,57266,-30852,281,-119294,1843,-5180,-22247,-27539,-18078,-41445,3
2022-11-16 19:00:00,134030,241008,791,22147,8245,34177,5092,21807,94416,124516,172,0,6290,4383,11208,16545,16730,54553,-30100,172,-106978,1907,-5337,-21356,-25932,-16715,-37823,3
2022-11-16 20:00:00,142010,226499,824,21044,7514,30737,4408,20233,92648,117476,96,0,6364,4029,10735,15642,17379,51473,-24828,96,-84489,2335,-4907,-20220,-23223,-15825,-34094,3
2022-11-16 21:00:00,147524,213710,841,20190,6629,27936,4106,18933,91256,106092,50,0,5749,3975,10039,15241,17856,48116,-14836,50,-66186,1774,-5202,-19349,-21307,-14827,-30260,3
2022-11-16 22:00:00,158279,198351,811,18982,6340,25596,3925,17744,90696,97504,11,0,5434,3785,10205,14630,18088,45269,-6808,11,-40072,1649,-4425,-18171,-19256,-13819,-27181,3
2022-11-16 23:00:00,173839,187634,814,17730,6499,24310,4053,17235,89104,92896,24,0,5600,3640,9443,14098,17407,42825,-3792,24,-13795,1960,-4655,-16916,-17811,-13182,-25418,3
2022-11-17 00:00:00,182464,183140,875,16820,5903,23626,4122,16911,87592,88720,11,0,5794,3603,8772,14286,17562,41239,-1128,11,-676,2191,-5514,-15945,-17723,-12789,-23677,3
2022-11-17 01:00:00,187625,182300,900,16365,6070,23344,4188,17021,82256,85900,10,0,5852,3593,8507,14229,17321,40498,-3644,10,5325,2259,-5722,-15465,-17274,-12833,-23177,2
2022-11-17 02:00:00,188377,185107,877,16349,5440,23637,4251,17293,77520,84880,6,0,5923,3531,8561,14271,17238,40162,-7360,6,3270,2392,-5710,-15472,-18197,-13042,-22924,2
2022-11-17 03:00:00,189180,192005,833,17124,5075,25384,4349,18237,76116,85628,3,0,5983,3811,9151,14948,16658,40565,-9512,3,-2825,2172,-5797,-16291,-20309,-13888,-23907,3
2022-11-17 04:00:00,195402,209828,826,18955,6236,30302,4421,20928,75768,89564,7,0,5722,4370,12254,16764,16612,42821,-13796,7,-14426,1352,-4510,-18129,-24066,-16507,-26209,3
2022-11-17 05:00:00,190646,239916,829,21455,7941,34946,4498,22693,71300,100800,10,0,6279,4845,12847,18137,16994,48305,-29500,10,-49270,1434,-5290,-20626,-27005,-18195,-31311,3
2022-11-17 06:00:00,184108,256552,1169,22157,10360,38402,4713,23827,73228,113044,15,0,6269,4964,12975,18198,17168,54658,-39816,15,-72444,1305,-5223,-20988,-28042,-19114,-37490,3
2022-11-17 07:00:00,185674,265139,2014,22052,12140,39320,5031,24258,76288,116280,9,0,6304,4997,13031,18197,17091,57535,-39992,9,-79465,1307,-5166,-20038,-27180,-19227,-40444,3
2022-11-17 08:00:00,185292,265613,2726,21819,11909,38921,5191,24239,80648,116844,39,0,6340,5013,13038,18208,17003,58517,-36196,39,-80321,1327,-5170,-19093,-27012,-19048,-41514,3
2022-11-17 09:00:00,188879,271569,3039,21719,12163,38649,5172,24668,88132,116488,87,0,6418,4973,12962,18401,16954,58160,-28356,87,-82690,1445,-5439,-18680,-26486,-19496,-41206,3
2022-11-17 10:00:00,190419,274443,3224,21867,11879,36784,4945,24813,94264,116816,151,0,6438,4939,12842,18223,16976,57711,-22552,151,-84024,1499,-5381,-18643,-24905,-19868,-40735,3
2022-11-17 11:00:00,193165,273017,3093,22110,11741,36697,4503,24803,101192,117780,205,0,6396,4921,12690,17871,17221,57234,-16588,205,-79852,1475,-5181,-19017,-24956,-20300,-40013,3
2022-11-17 12:00:00,186770,268102,2573,21912,10605,37633,3759,24472,104556,117668,285,0,6297,4885,12682,17939,17210,57955,-13112,285,-81332,1412,-5257,-19339,-27028,-20713,-40745,3
2022-11-17 13:00:00,170929,265752,1665,22389,10030,38102,3309,24533,107904,116300,324,0,6289,4910,12893,18408,17328,58067,-8396,324,-94823,1379,-5515,-20724,-28072,-21224,-40739,3
2022-11-17 14:00:00,157994,263689,871,23329,10018,38729,3698,25060,106060,114424,336,0,6336,5008,13334,18817,17090,59302,-8364,336,-105695,1328,-5483,-22458,-28711,-21362,-42212,3
2022-11-17 15:00:00,158990,267746,727,23865,10692,39915,3529,25031,101124,114604,438,0,6363,5266,13533,19085,17504,61151,-13480,438,-108756,1097,-5552,-23138,-29223,-21502,-43647,3
2022-11-17 16:00:00,164612,271838,726,23680,10791,39191,3050,24647,90992,117088,495,0,6299,5083,13495,18633,17848,63013,-26096,495,-107226,1216,-5138,-22954,-28400,-21597,-45165,3
2022-11-17 17:00:00,157477,266113,725,23528,10922,38796,3183,24467,82256,122020,535,0,6218,4801,13398,18282,17649,60553,-39764,535,-108636,1417,-4884,-22803,-27874,-21284,-42904,3
2022-11-17 18:00:00,143711,257485,736,23104,9249,36649,3078,23843,85416,123612,502,0,6116,4621,13217,17793,17335,58104,-38196,502,-113774,1495,-4576,-22368,-27400,-20765,-40769,3
2022-11-17 19:00:00,131863,241912,768,22277,8335,33872,2554,22385,83796,124300,448,0,6057,4405,12715,17331,16838,55461,-40504,448,-110049,1652,-4616,-21509,-25537,-19831,-38623,3
2022-11-17 20:00:00,125509,227804,775,21207,8168,30754,2248,20785,76924,117312,422,0,6019,4122,12456,16455,16284,52653,-40388,422,-102295,1897,-3999,-20432,-22586,-18537,-36369,3
2022-11-17 21:00:00,118033,212909,772,20247,7963,28077,2198,19456,68316,106716,427,0,5962,4016,11841,15855,15339,49499,-38400,427,-94876,1946,-4014,-19475,-20114,-17258,-34160,3
2022-11-17 22:00:00,118962,198439,742,19077,8519,25774,2086,18422,60340,97972,460,0,5960,3828,11220,15000,14790,46734,-37632,460,-79477,2132,-3780,-18335,-17255,-16336,-31944,3
2022-11-17 23:00:00,129566,189945,754,17893,8652,24490,2027,17831,55700,93696,591,0,5612,3738,11098,14662,14135,44471,-37996,591,-60379,1874,-3564,-17139,-15838,-15804,-30336,3
2022-11-18 00:00:00,130425,185729,752,17002,8585,23823,2123,17661,50580,88988,610,0,5323,3655,11059,14547,13339,42714,-38408,610,-55304,1668,-3488,-16250,-15238,-15538,-29375,3
2022-11-18 01:00:00,130858,183652,723,16425,8888,23566,2060,17574,46796,86504,878,0,5225,3644,11045,14605,12486,41498,-39708,878,-52794,1581,-3560,-15702,-14678,-15514,-29012,3
2022-11-18 02:00:00,130549,185173,738,16448,8939,23676,2175,17987,44704,84964,1086,0,5429,3650,11353,14929,11173,41014,-40260,1086,-54624,1779,-3576,-15710,-14737,-15812,-29841,3
2022-11-18 03:00:00,126277,192750,731,17233,8651,25127,2372,19036,41096,85356,1192,0,5274,3871,11723,15366,10131,41174,-44260,1192,-66473,1403,-3643,-16502,-16476,-16664,-31043,3
2022-11-18 04:00:00,118028,207804,727,19017,9093,29807,2497,21647,37800,88652,1484,0,5056,4344,12387,17139,10299,43288,-50852,1484,-89776,712,-4752,-18290,-20714,-19150,-32989,1
2022-11-18 05:00:00,109154,236710,719,21582,11261,34544,2965,23477,38416,99468,1602,0,5292,4808,13297,18610,10109,48293,-61052,1602,-127556,484,-5313,-20863,-23283,-20512,-38184,1
2022-11-18 06:00:00,123275,255269,842,22605,13318,37740,3033,24618,45284,111164,1879,0,5334,4983,13538,18513,8717,53930,-65880,1879,-131994,351,-4975,-21763,-24422,-21585,-45213,1
2022-11-18 07:00:00,133000,263428,1056,23153,15138,38632,3461,24981,49192,114980,2160,0,5429,4964,13613,18588,8050,56453,-65788,2160,-130428,465,-4975,-22097,-23494,-21520,-48403,1
2022-11-18 08:00:00,133661,266606,1232,23487,16836,38713,3711,24995,54928,117828,2342,0,5689,5122,13624,18581,7989,55295,-62900,2342,-132945,567,-4957,-22255,-21877,-21284,-47306,1
2022-11-18 09:00:00,134049,269105,1294,23852,16956,37826,3808,25341,58800,118452,2189,0,5740,5030,13646,18380,8117,53237,-59652,2189,-135056,710,-4734,-22558,-20870,-21533,-45120,1
2022-11-18 10:00:00,133174,267622,1259,24176,17431,35855,3659,25557,63300,118552,2267,0,5367,4903,13753,18362,7809,53302,-55252,2267,-134448,464,-4609,-22917,-18424,-21898,-45493,1
2022-11-18 11:00:00,128445,265500,1212,24301,17234,35220,3742,25582,68220,120012,2670,0,5347,4843,13668,18132,7393,54139,-51792,2670,-137055,504,-4464,-23089,-17986,-21840,-46746,1
2022-11-18 12:00:00,125214,258351,1071,23897,16374,36251,3052,24906,74920,118824,2642,0,5119,4709,13633,18325,6932,55631,-43904,2642,-133137,410,-4692,-22826,-19877,-21854,-48699,1
2022-11-18 13:00:00,118139,252549,963,23883,13438,36571,2716,24881,88280,115588,2658,0,4994,4669,13767,18434,7153,56634,-27308,2658,-134410,325,-4667,-22920,-23133,-22165,-49481,1
2022-11-18 14:00:00,113348,250344,845,24009,12779,37411,2832,25508,94016,112980,2318,0,4729,4903,13970,18996,6940,58036,-18964,2318,-136996,-174,-5026,-23164,-24632,-22676,-51096,1
2022-11-18 15:00:00,115574,255362,833,24354,13784,39037,2775,25318,90912,111788,2184,0,4718,5086,14116,18905,6667,60429,-20876,2184,-139788,-368,-4789,-23521,-25253,-22543,-53762,1
2022-11-18 16:00:00,116341,260365,913,23738,13048,38650,2418,24889,78628,114264,2038,0,4732,4845,13898,18550,7344,62385,-35636,2038,-144024,-113,-4652,-22825,-25602,-22471,-55041,1
2022-11-18 17:00:00,110819,254097,992,23415,12344,38048,2108,24619,75472,119020,1846,0,4564,4529,13863,18103,8720,59828,-43548,1846,-143278,35,-4240,-22423,-25704,-22511,-51108,1
2022-11-18 18:00:00,97605,245700,1152,22841,10793,35913,1954,24072,75636,120004,1623,0,4319,4310,13614,17458,9531,57295,-44368,1623,-148095,9,-3844,-21689,-25120,-22118,-47764,1
2022-11-18 19:00:00,96577,230119,1224,22110,9509,33017,1386,22591,74888,119492,1519,0,4048,4103,13220,16788,10862,54377,-44604,1519,-133542,-55,-3568,-20886,-23508,-21205,-43515,1
2022-11-18 20:00:00,94582,215603,1213,21222,8436,29988,948,21233,73196,113572,1417,0,3509,3895,12971,16342,11584,51513,-40376,1417,-121021,-386,-3371,-20009,-21552,-20285,-39929,1
2022-11-18 21:00:00,92717,204098,1107,20377,7338,27491,796,19954,70708,103760,1182,0,3276,3704,12585,15832,11630,48569,-33052,1182,-111381,-428,-3247,-19270,-20153,-19158,-36939,1
2022-11-18 22:00:00,91041,191948,1013,19331,7628,25486,575,18833,69632,96520,939,0,3063,3522,12050,15424,10969,46370,-26888,939,-100907,-459,-3374,-18318,-17858,-18258,-35401,1
2022-11-18 23:00:00,92227,183355,908,17981,7018,24139,425,18124,72332,92704,672,0,3198,3392,11825,15021,10746,43732,-20372,672,-91128,-194,-3196,-17073,-17121,-17699,-32986,1
2022-11-19 00:00:00,99883,177925,824,17102,6198,23122,465,17848,71328,87784,400,0,3280,3315,11513,14735,10510,41731,-16456,400,-78042,-35,-3222,-16278,-16924,-17383,-31221,1
2022-11-19 01:00:00,103478,175946,859,16656,5604,22517,596,17748,72024,83984,228,0,3326,3199,11574,14619,10504,40318,-11960,228,-72468,127,-3045,-15797,-16913,-17152,-29814,1
2022-11-19 02:00:00,105506,176307,861,16474,5705,22579,713,17753,71972,81632,115,0,3132,3186,11638,14534,10799,40026,-9660,115,-70801,-54,-2896,-15613,-16874,-17040,-29227,1
2022-11-19 03:00:00,105445,178445,879,16799,5818,23207,818,18027,72048,80784,103,0,3061,3267,11807,14793,11165,40022,-8736,103,-73000,-206,-2986,-15920,-17389,-17209,-28857,1
2022-11-19 04:00:00,97911,180269,846,17364,5768,25433,873,18944,71484,80924,171,0,3208,3429,11963,15199,11221,40671,-9440,171,-82358,-221,-3236,-16518,-19665,-18071,-29450,1
2022-11-19 05:00:00,84580,186048,850,18586,6895,27935,994,19868,70340,84324,326,0,3339,3642,12287,15834,11073,42929,-13984,326,-101468,-303,-3547,-17736,-21040,-18874,-31856,1
2022-11-19 06:00:00,77479,196883,1068,19733,8267,30252,1523,21271,67652,88356,588,0,3537,3846,12452,16328,11507,46303,-20704,588,-119404,-309,-3876,-18665,-21985,-19748,-34796,1
2022-11-19 07:00:00,81269,210453,1698,20364,10255,31512,2449,22045,69540,93124,1132,0,3527,4031,12656,17014,11695,48608,-23584,1132,-129184,-504,-4358,-18666,-21257,-19596,-36913,1
2022-11-19 08:00:00,87910,220037,2310,20634,10807,31286,2813,22337,81232,99980,1976,0,3648,4111,12772,17466,10459,48349,-18748,1976,-132127,-463,-4694,-18324,-20479,-19524,-37890,1
2022-11-19 09:00:00,93260,224274,2551,20877,10299,30751,3192,22463,96688,102308,2604,0,3656,4108,12793,17542,8988,46525,-5620,2604,-131014,-452,-4749,-18326,-20452,-19271,-37537,1
2022-11-19 10:00:00,90446,226287,2655,21145,10519,29860,3425,22504,109720,101952,2970,0,3622,4142,12755,17596,8157,44959,7768,2970,-135841,-520,-4841,-18490,-19341,-19079,-36802,0
2022-11-19 11:00:00,86814,223299,2410,21208,10527,28649,3247,22583,112348,102248,2954,0,3503,4119,12693,17554,7566,44187,10100,2954,-136485,-616,-4861,-18798,-18122,-19336,-36621,0
2022-11-19 12:00:00,78255,216835,1813,20807,10538,28744,2530,22114,109284,104196,2893,0,3146,4100,13026,17711,6803,44832,5088,2893,-138580,-954,-4685,-18994,-18206,-19584,-38029,0
2022-11-19 13:00:00,66612,210278,1111,20989,9841,28871,1973,22000,105384,102240,3241,0,2958,4125,13069,17894,5629,46753,3144,3241,-143666,-1167,-4825,-19878,-19030,-20027,-41124,1
2022-11-19 14:00:00,60955,210281,772,21443,10423,29953,2131,22550,99404,99056,3288,0,2905,4326,13033,18258,4259,50435,348,3288,-149326,-1421,-5225,-20671,-19530,-20419,-46176,1
2022-11-19 15:00:00,68410,218270,716,22388,13724,32521,2318,22561,84084,97820,3488,0,3007,4578,12980,18384,3597,55273,-13736,3488,-149860,-1571,-5404,-21672,-18797,-20243,-51676,1
2022-11-19 16:00:00,77675,226316,716,21975,14654,33100,2520,22386,70932,100684,3521,0,3003,4420,12897,18080,3080,58458,-29752,3521,-148641,-1417,-5183,-21259,-18446,-19866,-55378,1
2022-11-19 17:00:00,77381,221928,718,21717,13520,33136,2374,21992,73248,106360,3246,0,2904,4143,12783,17816,2535,56753,-33112,3246,-144547,-1239,-5033,-20999,-19616,-19618,-54218,1
2022-11-19 18:00:00,67122,213308,728,21360,11556,31418,2110,21289,76364,107964,2629,0,2869,3946,12376,17399,2621,54584,-31600,2629,-146186,-1077,-5023,-20632,-19862,-19179,-51963,1
2022-11-19 19:00:00,53221,199799,726,20700,9942,29053,1993,20305,77820,108656,2005,0,2542,3813,11942,16819,2305,52656,-30836,2005,-146578,-1271,-4877,-19974,-19111,-18312,-50351,1
2022-11-19 20:00:00,50902,191576,727,19756,9367,26903,1815,19273,76424,105476,1639,0,2455,3676,11763,16396,1919,50517,-29052,1639,-140674,-1221,-4633,-19029,-17536,-17458,-48598,1
2022-11-19 21:00:00,45854,184643,749,18790,8897,24985,1796,18100,71024,97260,1608,0,2453,3544,11544,16031,1393,48303,-26236,1608,-138789,-1091,-4487,-18041,-16088,-16304,-46910,1
2022-11-19 22:00:00,44563,175421,732,17756,8545,23209,1671,17151,65400,90984,1410,0,2408,3422,10795,15556,1009,45920,-25584,1410,-130858,-1014,-4761,-17024,-14664,-15480,-44911,1
2022-11-19 23:00:00,48037,167028,690,16718,8523,21829,1550,16506,66108,85372,1400,0,2580,3382,10472,15384,752,43855,-19264,1400,-118991,-802,-4912,-16028,-13306,-14956,-43103,1
2022-11-20 00:00:00,50114,161484,710,16065,8476,20984,1507,16196,66156,80336,1556,0,2673,3357,10309,15401,622,42352,-14180,1556,-111370,-684,-5092,-15355,-12508,-14689,-41730,1
2022-11-20 01:00:00,55382,158910,699,15480,7876,20557,1403,16020,65136,76676,1446,0,3064,3338,10270,15243,601,41327,-11540,1446,-103528,-274,-4973,-14781,-12681,-14617,-40726,1
2022-11-20 02:00:00,69071,159941,687,15312,7318,20378,1317,16113,64448,74548,1349,0,2996,3317,10265,15317,603,40827,-10100,1349,-90870,-321,-5052,-14625,-13060,-14796,-40224,1
2022-11-20 03:00:00,73989,159969,684,15570,6311,20979,1388,16276,63020,73968,1450,0,3014,3345,10568,15523,970,40718,-10948,1450,-85980,-331,-4955,-14886,-14668,-14888,-39748,1
2022-11-20 04:00:00,74525,160089,684,16043,6299,22082,1435,16805,60576,74140,1730,0,2871,3394,10875,16080,1089,40936,-13564,1730,-85564,-523,-5205,-15359,-15783,-15370,-39847,1
2022-11-20 05:00:00,65087,160980,696,17000,5855,22803,1567,17202,59672,76236,1657,0,2620,3605,11247,16507,1206,41726,-16564,1657,-95893,-985,-5260,-16304,-16948,-15635,-40520,1
2022-11-20 06:00:00,54905,167788,863,18157,7019,24429,2005,18123,55852,78252,1275,0,2612,3856,11330,16895,2139,43864,-22400,1275,-112883,-1244,-5565,-17294,-17410,-16118,-41725,1
2022-11-20 07:00:00,59656,180625,1246,19533,9014,26115,2559,19054,57456,81336,1228,0,2470,3997,11459,17548,2613,45470,-23880,1228,-120969,-1527,-6089,-18287,-17101,-16495,-42857,1
2022-11-20 08:00:00,69132,191663,1645,20440,10278,26822,2755,19534,66256,87532,1550,0,2379,4059,11559,17993,3298,45980,-21276,1550,-122531,-1680,-6434,-18795,-16544,-16779,-42682,1
2022-11-20 09:00:00,76406,199910,2187,20911,10943,26805,2826,19570,73980,91208,1798,0,2411,4009,11485,18215,4939,46313,-17228,1798,-123504,-1598,-6730,-18724,-15862,-16744,-41374,1
2022-11-20 10:00:00,82346,208752,2565,20722,11577,27217,2925,19891,76400,92040,1654,0,2272,4000,11480,18490,6293,47231,-15640,1654,-126406,-1728,-7010,-18157,-15640,-16966,-40938,1
2022-11-20 11:00:00,86464,206568,2343,20353,11214,26143,2327,20019,78036,93116,1534,0,2042,4002,11406,18285,6684,49025,-15080,1534,-120104,-1960,-6879,-18010,-14929,-17692,-42341,1
2022-11-20 12:00:00,81824,199458,1931,20069,10200,25227,1822,19957,77268,95980,1862,0,1688,4014,11748,18452,8551,50983,-18712,1862,-117634,-2326,-6704,-18138,-15027,-18135,-42432,1
2022-11-20 13:00:00,66769,197435,1326,20018,9272,25515,1590,19852,75832,94476,1506,0,1399,4105,11977,18867,9200,51876,-18644,1506,-130666,-2706,-6890,-18692,-16243,-18262,-42676,1
2022-11-20 14:00:00,56715,197899,833,20407,9225,26667,1655,20579,73408,90692,1082,0,1321,4448,12212,19513,9586,52874,-17284,1082,-141184,-3127,-7301,-19574,-17442,-18924,-43288,1
2022-11-20 15:00:00,65297,208043,757,21597,11696,29447,2150,20757,65964,89644,934,0,1361,4777,12409,19771,10064,55900,-23680,934,-142746,-3416,-7362,-20840,-17751,-18607,-45836,1
2022-11-20 16:00:00,82012,217128,809,21660,12904,30477,2252,20804,55556,93212,1096,0,1346,4635,12571,19421,9750,58184,-37656,1096,-135116,-3289,-6850,-20851,-17573,-18552,-48434,1
2022-11-20 17:00:00,85432,215642,807,21749,12016,30961,2031,20844,54924,100852,929,0,1288,4351,12655,18968,10163,56396,-45928,929,-130210,-3063,-6313,-20942,-18945,-18813,-46233,1
2022-11-20 18:00:00,80958,208621,814,21580,9889,29784,2105,20325,57000,104728,840,0,1178,4159,12479,18609,9815,54539,-47728,840,-127663,-2981,-6130,-20766,-19895,-18220,-44724,1
2022-11-20 19:00:00,70294,198753,795,20881,8778,28104,2081,19467,59448,107856,622,0,1153,3971,12442,18124,9419,52394,-48408,622,-128459,-2818,-5682,-20086,-19326,-17386,-42975,1
2022-11-20 20:00:00,72145,193430,784,19822,8058,26000,1932,18822,59732,104952,688,0,1173,3799,12355,17618,8797,49869,-45220,688,-121285,-2626,-5263,-19038,-17942,-16890,-41072,1
2022-11-20 21:00:00,75708,190330,753,18730,8107,23771,1766,17731,57992,97872,863,0,1199,3658,11914,16931,7937,47306,-39880,863,-114622,-2459,-5017,-17977,-15664,-15965,-39369,1
2022-11-20 22:00:00,82148,182681,750,17670,8559,22092,1586,16904,56028,90440,1262,0,1298,3661,11143,16549,7694,44929,-34412,1262,-100533,-2363,-5406,-16920,-13533,-15318,-37235,1
2022-11-20 23:00:00,85862,174903,747,16749,8417,21028,1408,16546,63604,84980,1812,0,1389,3537,10979,16277,6076,43171,-21376,1812,-89041,-2148,-5298,-16002,-12611,-15138,-37095,1
2022-11-21 00:00:00,87508,170776,740,16216,8195,20443,1541,16351,68328,80828,2286,0,1530,3455,10739,16040,4502,41730,-12500,2286,-83268,-1925,-5301,-15476,-12248,-14810,-37228,1
2022-11-21 01:00:00,85688,170277,727,15830,8221,20378,1655,16435,74424,78376,2482,0,1742,3364,10659,15856,3173,40948,-3952,2482,-84589,-1622,-5197,-15103,-12157,-14780,-37775,1
2022-11-21 02:00:00,81499,172976,707,15879,8176,20927,1669,16929,77556,78132,2284,0,1754,3403,10758,16139,2565,41120,-576,2284,-91477,-1649,-5381,-15172,-12751,-15260,-38555,1
2022-11-21 03:00:00,71947,179997,725,16800,7936,23057,1632,18143,77336,78616,2967,0,1619,3637,11362,16782,2613,41564,-1280,2967,-108050,-2018,-5420,-16075,-15121,-16511,-38951,1
2022-11-21 04:00:00,60006,196454,741,19042,7105,28766,1637,21344,79528,83632,2628,0,1576,4175,12386,18332,2472,43671,-4104,2628,-136448,-2599,-5946,-18301,-21661,-19707,-41199,1
2022-11-21 05:00:00,67628,227517,761,22128,9199,34054,1588,23387,83680,97560,2911,0,1744,4728,12902,19751,1950,48297,-13880,2911,-159889,-2984,-6849,-21367,-24855,-21799,-46347,1
2022-11-21 06:00:00,82569,247394,1046,23100,12773,37977,1840,24574,82252,111512,3326,0,1753,4910,12842,19970,2120,56136,-29260,3326,-164825,-3157,-7128,-22054,-25204,-22734,-54016,1
2022-11-21 07:00:00,90436,255645,1742,23381,14126,38882,2157,24892,81372,116680,3522,0,1756,4954,12925,19992,2697,59475,-35308,3522,-165209,-3198,-7067,-21639,-24756,-22735,-56778,1
2022-11-21 08:00:00,93663,258067,2584,23254,13881,37930,2396,24885,83724,119512,2936,0,1828,5028,12897,20135,3500,58446,-35788,2936,-164404,-3200,-7238,-20670,-24049,-22489,-54946,1
2022-11-21 09:00:00,89894,261003,3250,23124,14574,37240,2254,25082,88768,121000,1757,0,1880,4997,12770,20001,4557,55930,-32232,1757,-171109,-3117,-7231,-19874,-22666,-22828,-51373,1
2022-11-21 10:00:00,91795,263579,3553,23038,14254,35662,2135,25293,90332,122024,1177,0,1890,4909,12798,20038,4880,53982,-31692,1177,-171784,-3019,-7240,-19485,-21408,-23158,-49102,1
2022-11-21 11:00:00,90130,262431,3425,23151,13313,35895,2010,25482,94616,124352,980,0,1830,4895,12742,19875,5535,52680,-29736,980,-172301,-3065,-7133,-19726,-22582,-23472,-47145,1
2022-11-21 12:00:00,84227,257615,2658,22822,12549,37855,1753,25203,97304,125612,1082,0,1691,4813,13030,19966,6926,56291,-28308,1082,-173388,-3122,-6936,-20164,-25306,-23450,-49365,1
2022-11-21 13:00:00,81971,252984,1772,23209,12209,38636,1678,25252,98836,123676,1174,0,1546,4754,13215,20296,7219,58191,-24840,1174,-171013,-3208,-7081,-21437,-26427,-23574,-50972,1
2022-11-21 14:00:00,75153,252897,943,23922,11441,39447,1974,25792,100568,120340,1150,0,1574,4887,13166,20378,9635,60773,-19772,1150,-177744,-3313,-7212,-22979,-28006,-23818,-51138,1
2022-11-21 15:00:00,83830,260952,796,24830,12217,40409,1730,25785,100980,119464,1161,0,1766,5190,13316,20635,11474,64173,-18484,1161,-177122,-3424,-7319,-24034,-28192,-24055,-52699,1
2022-11-21 16:00:00,95830,267750,813,24612,12041,39437,1514,25252,96680,122452,1201,0,1889,5055,13257,20149,12275,65092,-25772,1201,-171920,-3166,-6892,-23799,-27396,-23738,-52817,1
2022-11-21 17:00:00,103183,263594,830,24439,11181,38947,1426,25061,96072,126864,1226,0,2170,4705,13156,19722,13142,61106,-30792,1226,-160411,-2535,-6566,-23609,-27766,-23635,-47964,1
2022-11-21 18:00:00,107101,257164,867,24121,9629,36845,990,24447,96264,128524,1300,0,2080,4505,12704,19188,14225,59541,-32260,1300,-150063,-2425,-6484,-23254,-27216,-23457,-45316,1
2022-11-21 19:00:00,114557,242055,884,23260,8785,34096,627,22951,99520,129208,1414,0,2000,4272,12132,18455,15075,56360,-29688,1414,-127498,-2272,-6323,-22376,-25311,-22324,-41285,1
2022-11-21 20:00:00,121999,228428,1013,22169,8663,30670,619,21266,97072,122168,1309,0,2037,4011,11664,17642,15187,53225,-25096,1309,-106429,-1974,-5978,-21156,-22007,-20647,-38038,1
2022-11-21 21:00:00,128025,215765,1136,21161,8837,27842,631,19849,91316,110168,970,0,2349,3825,11309,17040,15329,50029,-18852,970,-87740,-1476,-5731,-20025,-19005,-19218,-34700,1
2022-11-21 22:00:00,136629,204256,1047,19894,8492,25707,646,18833,87868,100060,868,0,2367,3760,10204,16469,15450,47200,-12192,868,-67627,-1393,-6265,-18847,-17215,-18187,-31750,1
2022-11-21 23:00:00,140674,193653,953,18641,8551,24531,775,18362,87712,94396,1162,0,2533,3681,9869,16064,15754,44567,-6684,1162,-52979,-1148,-6195,-17688,-15980,-17587,-28813,1
2022-11-22 00:00:00,140392,187172,974,17802,10126,23987,849,18094,88340,89284,1048,0,2682,3688,9708,15906,15692,42543,-944,1048,-46780,-1006,-6198,-16828,-13861,-17245,-26851,1
2022-11-22 01:00:00,145272,186122,1055,17280,10914,23758,892,18207,86696,86748,1040,0,2901,3699,9653,15958,15287,41601,-52,1040,-40850,-798,-6305,-16225,-12844,-17315,-26314,1
2022-11-22 02:00:00,150244,189559,1051,17270,11803,24249,984,18611,89540,85412,820,0,3332,3721,9629,16024,14841,41146,4128,820,-39315,-389,-6395,-16219,-12446,-17627,-26305,0
2022-11-22 03:00:00,150276,197171,1089,18088,11601,25929,1023,19642,90796,85684,803,0,3987,3902,9902,16555,14714,41594,5112,803,-46895,85,-6653,-16999,-14328,-18619,-26880,0
2022-11-22 04:00:00,140471,214464,1164,19995,12130,30716,1108,22251,89656,89816,630,0,4347,4458,11348,18206,15241,43856,-160,630,-73993,-111,-6858,-18831,-18586,-21143,-28615,1
2022-11-22 05:00:00,122294,243275,1317,22821,13521,35984,1455,24086,87064,101644,252,0,4654,4925,12197,19465,15186,49387,-14580,252,-120981,-271,-7268,-21504,-22463,-22631,-34201,1
2022-11-22 06:00:00,125792,262396,1695,23575,14870,40118,2109,24932,81612,115912,166,0,4880,5053,12340,19460,15325,55969,-34300,166,-136604,-173,-7120,-21880,-25248,-22823,-40644,1
2022-11-22 07:00:00,128069,268550,2468,23534,16303,41588,2598,25156,81436,122120,65,0,5100,5092,12344,19617,14741,58752,-40684,65,-140481,8,-7273,-21066,-25285,-22558,-44011,1
2022-11-22 08:00:00,124691,267857,3305,23214,16358,41701,2992,24918,88356,123972,33,0,5227,5121,12389,19756,15211,58849,-35616,33,-143166,106,-7367,-19909,-25343,-21926,-43638,3
2022-11-22 09:00:00,123401,271315,3645,23095,17297,42430,3083,25087,95652,124464,52,0,5419,5082,12448,19660,15130,57929,-28812,52,-147914,337,-7212,-19450,-25133,-22004,-42799,3
2022-11-22 10:00:00,124954,274286,3323,23345,16301,40186,2964,25050,99948,125112,44,0,5439,5005,12537,19591,15296,57390,-25164,44,-149332,434,-7054,-20022,-23885,-22086,-42094,3
2022-11-22 11:00:00,123805,273528,2805,23662,14739,39497,2654,25086,103356,126064,54,0,5437,5013,12550,19298,14443,57552,-22708,54,-149723,424,-6748,-20857,-24758,-22432,-43109,3
2022-11-22 12:00:00,118838,267993,2278,23758,14772,40320,2210,24884,103360,127076,106,0,5402,4938,12807,19245,13268,57792,-23716,106,-149155,464,-6438,-21480,-25548,-22674,-44524,3
2022-11-22 13:00:00,111524,263503,1559,24252,14054,40498,2384,25074,101428,125864,57,0,5393,4843,12996,19745,13242,58692,-24436,57,-151979,550,-6749,-22693,-26444,-22690,-45450,3
2022-11-22 14:00:00,115167,261715,1101,24647,14416,41173,2577,25631,94972,123764,12,0,5312,5015,13148,19999,13114,60433,-28792,12,-146548,297,-6851,-23546,-26757,-23054,-47319,3
2022-11-22 15:00:00,122269,267833,1051,25276,15938,41788,2901,25352,88920,122772,29,0,5265,5244,13178,20055,12832,63061,-33852,29,-145564,21,-6877,-24225,-25850,-22451,-50229,1
2022-11-22 16:00:00,132892,271450,1017,24896,15773,40871,2954,24692,87868,126368,52,0,5097,5032,13206,19717,12650,64862,-38500,52,-138558,65,-6511,-23879,-25098,-21738,-52212,3
2022-11-22 17:00:00,134302,265702,1115,24724,14839,40262,2796,24766,91096,130444,91,0,4774,4691,13215,19472,11456,61790,-39348,91,-131400,83,-6257,-23609,-25423,-21970,-50334,1
2022-11-22 18:00:00,129351,259695,1237,24276,13016,38051,2256,24127,93072,132116,232,0,4763,4434,13016,18918,10406,59236,-39044,232,-130344,329,-5902,-23039,-25035,-21871,-48830,3
2022-11-22 19:00:00,123080,245094,1419,23414,12115,35238,2054,22673,92876,132068,452,0,4672,4191,12580,17948,9802,56256,-39192,452,-122014,481,-5368,-21995,-23123,-20619,-46454,3
2022-11-22 20:00:00,122325,232032,1469,22292,11821,31809,1992,21052,90380,124620,746,0,4572,3942,12131,16946,9698,53021,-34240,746,-109707,630,-4815,-20823,-19988,-19060,-43323,1
2022-11-22 21:00:00,122816,218711,1385,21303,11248,28939,1958,19741,83684,112156,1131,0,4439,3747,11955,16275,9216,49746,-28472,1131,-95895,692,-4320,-19918,-17691,-17783,-40530,1
2022-11-22 22:00:00,127600,204136,1269,20093,10523,26617,1920,18640,83828,101824,1354,0,4278,3644,11444,15728,9350,46488,-17996,1354,-76536,634,-4284,-18824,-16094,-16720,-37138,1
2022-11-22 23:00:00,133840,194641,1247,18847,10698,25101,1736,18159,87756,96436,1429,0,4024,3550,11001,15389,9530,44045,-8680,1429,-60801,474,-4388,-17600,-14403,-16423,-34515,1
2022-11-23 00:00:00,133259,188341,1309,18032,9856,24355,1583,17979,90304,91752,1906,0,3936,3526,10475,15446,9330,42158,-1448,1906,-55082,410,-4971,-16723,-14499,-16396,-32828,1
2022-11-23 01:00:00,134802,186879,1272,17517,9653,24192,1377,18061,92152,88852,1994,0,3935,3488,10368,15567,10457,41475,3300,1994,-52077,447,-5199,-16245,-14539,-16684,-31018,0
2022-11-23 02:00:00,130276,190312,1217,17429,10419,24720,1343,18347,91512,87532,2158,0,3985,3504,10580,15802,10232,41109,3980,2158,-60036,481,-5222,-16212,-14301,-17004,-30877,0
2022-11-23 03:00:00,125495,196716,1158,18213,10385,26660,1438,19394,91456,87852,1728,0,4056,3636,11098,16430,11165,41420,3604,1728,-71221,420,-5332,-17055,-16275,-17956,-30255,0
2022-11-23 04:00:00,112780,211595,1120,20065,10081,31661,1356,22095,92956,92104,1583,0,4181,4150,12020,18067,12334,43662,852,1583,-98815,31,-6047,-18945,-21580,-20739,-31328,1
2022-11-23 05:00:00,105110,238786,1124,22832,10802,36864,1464,24010,91200,104540,1922,0,4400,4733,13075,19465,11360,48007,-13340,1922,-133676,-333,-6390,-21708,-26062,-22546,-36647,1
2022-11-23 06:00:00,119378,257110,1410,23767,13489,40438,1823,25037,85804,117812,2190,0,4626,4951,13345,19761,12520,54477,-32008,2190,-137732,-325,-6416,-22357,-26949,-23214,-41957,1
2022-11-23 07:00:00,127497,262758,1826,24252,16037,41354,1839,25371,87772,121948,1772,0,4770,4970,13437,20015,13649,57431,-34176,1772,-135261,-200,-6578,-22426,-25317,-23532,-43782,1
2022-11-23 08:00:00,129487,263893,1980,24442,16130,40055,1723,25354,87792,123276,1882,0,4764,4993,13381,19820,15061,55812,-35484,1882,-134406,-229,-6439,-22462,-23925,-23631,-40751,1
2022-11-23 09:00:00,135570,263380,2061,24601,16133,39181,1811,25674,90368,122800,2140,0,4608,4996,13308,19764,15234,51929,-32432,2140,-127810,-388,-6456,-22540,-23048,-23863,-36695,1
2022-11-23 10:00:00,144124,263235,2066,24872,15419,37126,1570,25587,97104,122188,2332,0,4456,4961,13303,19710,14948,49312,-25084,2332,-119111,-505,-6407,-22806,-21707,-24017,-34364,1
2022-11-23 11:00:00,148592,258952,2049,24797,14254,37089,1470,25736,100540,122148,2726,0,4244,4969,13194,19599,14727,48798,-21608,2726,-110360,-725,-6405,-22748,-22835,-24266,-34071,1
2022-11-23 12:00:00,143044,256571,1771,24474,12108,37904,1140,25391,102824,120860,2674,0,4219,4855,13227,19800,16426,52512,-18036,2674,-113527,-636,-6573,-22703,-25796,-24251,-36086,1
2022-11-23 13:00:00,120488,254673,1300,24672,10260,38657,1021,25434,102648,118584,3008,0,4395,4723,13225,20111,16417,56858,-15936,3008,-134185,-328,-6886,-23372,-28397,-24413,-40441,1
2022-11-23 14:00:00,105103,256113,997,24849,9595,40058,1807,25925,101512,116948,3008,0,4586,4829,13259,20178,16604,59595,-15436,3008,-151010,-243,-6919,-23852,-30463,-24118,-42991,1
2022-11-23 15:00:00,117571,264075,974,25356,11306,41715,1729,25795,88964,116392,3057,0,4616,5097,13424,20380,16559,62523,-27428,3057,-146504,-481,-6956,-24382,-30409,-24066,-45964,1
2022-11-23 16:00:00,131928,270724,929,24962,10607,41022,1656,25402,71660,119920,3210,0,4796,4895,13429,19847,16195,64234,-48260,3210,-138796,-99,-6418,-24033,-30415,-23746,-48039,1
2022-11-23 17:00:00,134120,267704,899,24810,10327,40525,1659,25229,65412,124408,3194,0,4791,4644,13298,19465,16342,61271,-58996,3194,-133584,147,-6167,-23911,-30198,-23570,-44929,1
2022-11-23 18:00:00,131540,257510,920,24315,8692,38453,1203,24594,64012,126868,3204,0,4636,4477,12793,18763,16720,58976,-62856,3204,-125970,159,-5970,-23395,-29761,-23391,-42256,1
2022-11-23 19:00:00,128196,242380,955,23344,6832,35538,766,23123,62688,127464,3136,0,4737,4223,11937,18058,16701,56243,-64776,3136,-114184,514,-6121,-22389,-28706,-22357,-39542,1
2022-11-23 20:00:00,124609,228712,980,22164,6032,32050,708,21556,60784,120476,3134,0,4512,3952,11550,17361,16433,52949,-59692,3134,-104103,560,-5811,-21184,-26018,-20848,-36516,1
2022-11-23 21:00:00,123844,214181,970,21182,5454,29080,614,20165,56156,109076,2952,0,4338,3755,11133,16833,16457,49368,-52920,2952,-90337,583,-5700,-20212,-23626,-19551,-32911,1
2022-11-23 22:00:00,130664,200352,958,19912,5199,26627,498,19093,50848,99408,2385,0,4393,3551,10274,15868,16588,46188,-48560,2385,-69688,842,-5594,-18954,-21428,-18595,-29600,1
2022-11-23 23:00:00,139527,191432,966,18656,5387,25412,458,18534,48260,94040,2736,0,3891,3638,9781,15351,16288,43705,-45780,2736,-51905,253,-5570,-17690,-20025,-18076,-27417,1
2022-11-24 00:00:00,138283,184671,1023,17768,5877,24599,425,18222,47720,89668,2687,0,3891,3519,9576,15230,16430,41797,-41948,2687,-46388,372,-5654,-16745,-18722,-17797,-25367,1
2022-11-24 01:00:00,140351,182864,1016,17279,6193,24351,401,18210,47496,86956,2568,0,3741,3416,9514,15293,16364,40676,-39460,2568,-42513,325,-5779,-16263,-18158,-17809,-24312,1
2022-11-24 02:00:00,133598,185524,1053,17261,5882,24629,385,18637,47468,85836,2546,0,3568,3330,9654,15580,14651,40360,-38368,2546,-51926,238,-5926,-16208,-18747,-18252,-25709,1
2022-11-24 03:00:00,128123,190637,1172,18042,5959,26373,350,19592,46716,86148,2416,0,3566,3513,10442,16311,12413,40059,-39432,2416,-62514,53,-5869,-16870,-20414,-19242,-27646,1
2022-11-24 04:00:00,123800,207829,1051,20016,5943,31457,341,22287,44400,90496,2303,0,3317,4035,11758,17673,13166,43001,-46096,2303,-84029,-718,-5915,-18965,-25514,-21946,-29835,1
2022-11-24 05:00:00,102957,237006,1036,22837,7677,36691,488,24252,43424,102448,2494,0,3267,4529,12937,19103,13365,48410,-59024,2494,-134049,-1262,-6166,-21801,-29014,-23764,-35045,1
2022-11-24 06:00:00,108499,255431,1118,23727,11420,39934,557,25365,44060,115732,3065,0,3063,4717,13005,19108,10598,54756,-71672,3065,-146932,-1654,-6103,-22609,-28514,-24808,-44158,1
2022-11-24 07:00:00,111426,262280,1585,24025,12598,40530,713,25813,48848,119864,3231,0,2746,4757,12890,19266,8466,57246,-71016,3231,-150854,-2011,-6376,-22440,-27932,-25100,-48780,1
2022-11-24 08:00:00,104181,263322,2159,24099,12945,39662,1065,25881,55776,121340,3416,0,2652,4835,12695,19152,8591,54543,-65564,3416,-159141,-2183,-6457,-21940,-26717,-24816,-45952,1
2022-11-24 09:00:00,102765,265009,2480,24143,13273,38784,1179,26222,62632,121872,3624,0,2498,4825,12460,18982,8031,49201,-59240,3624,-162244,-2327,-6522,-21663,-25511,-25043,-41170,1
2022-11-24 10:00:00,104024,265780,2519,24316,13075,36754,1085,26287,67660,122036,3590,0,2249,4747,12481,18998,8318,46150,-54376,3590,-161756,-2498,-6517,-21797,-23679,-25202,-37832,1
2022-11-24 11:00:00,100422,264631,2439,24246,12146,36573,1080,26522,70716,122836,3530,0,2219,4785,12510,19117,9373,44571,-52120,3530,-164209,-2566,-6607,-21807,-24427,-25442,-35198,1
2022-11-24 12:00:00,88993,260015,2246,23728,10496,37824,983,26045,73072,122520,3654,0,2108,4731,12496,19245,9597,45925,-49448,3654,-171022,-2623,-6749,-21482,-27328,-25062,-36328,1
2022-11-24 13:00:00,81089,254842,1703,24000,9845,38841,978,25773,70276,120660,3550,0,1990,4680,12537,19504,10825,50129,-50384,3550,-173753,-2690,-6967,-22297,-28996,-24795,-39304,1
2022-11-24 14:00:00,80474,253345,1220,24485,9654,40176,964,26266,62468,118496,3396,0,2003,4806,12564,19691,11975,56105,-56028,3396,-172871,-2803,-7127,-23265,-30522,-25302,-44130,1
2022-11-24 15:00:00,91467,259838,1030,25300,10080,41610,954,26117,55216,118308,3170,0,2149,4967,12646,19630,13929,60501,-63092,3170,-168371,-2818,-6984,-24270,-31530,-25163,-46572,1
2022-11-24 16:00:00,101745,265675,929,24957,9164,40910,665,25701,49048,121244,3398,0,2274,4773,12768,19245,15404,63030,-72196,3398,-163930,-2499,-6477,-24028,-31746,-25036,-47626,1
2022-11-24 17:00:00,97312,261959,918,24755,8433,40529,673,25519,50616,125132,3380,0,2282,4498,12727,18793,16640,60505,-74516,3380,-164647,-2216,-6066,-23837,-32096,-24846,-43865,1
2022-11-24 18:00:00,94538,254909,979,24306,6890,38371,478,24849,51112,126352,1562,0,2224,4232,12298,18198,17123,58362,-75240,1562,-160371,-2008,-5900,-23327,-31481,-24371,-41239,1
2022-11-24 19:00:00,93562,239968,990,23423,5588,35595,264,23353,50940,126792,1198,0,2031,3985,11793,17369,17236,55469,-75852,1198,-146406,-1954,-5576,-22433,-30007,-23089,-38233,1
2022-11-24 20:00:00,92817,225711,1070,22390,4907,32289,255,21701,48372,120012,2132,0,2172,3783,11439,16607,17025,52078,-71640,2132,-132894,-1611,-5168,-21320,-27382,-21446,-35053,1
2022-11-24 21:00:00,96965,215417,1051,21382,4649,29403,258,20243,42540,108900,2093,0,2357,3612,10855,15796,15861,48548,-66360,2093,-118452,-1255,-4941,-20331,-24754,-19985,-32687,1
2022-11-24 22:00:00,101717,201581,1009,20175,4189,26995,278,19124,39264,99304,2157,0,2468,3596,9856,15301,13748,45285,-60040,2157,-99864,-1128,-5445,-19166,-22806,-18846,-31537,1
2022-11-24 23:00:00,102912,187529,1016,18867,4456,25672,274,18517,42448,94568,2296,0,2496,3547,9448,14936,15216,43500,-52120,2296,-84617,-1051,-5488,-17851,-21216,-18243,-28284,1
2022-11-25 00:00:00,108305,181217,962,18036,3803,24866,301,18234,42488,89784,2492,0,2698,3472,9155,14783,14741,42084,-47296,2492,-72912,-774,-5628,-17074,-21063,-17933,-27343,1
2022-11-25 01:00:00,117735,181343,907,17469,3742,24536,301,18281,43604,86624,2408,0,2759,3478,8995,14771,12752,41085,-43020,2408,-63608,-719,-5776,-16562,-20794,-17980,-28333,1
2022-11-25 02:00:00,122264,184775,853,17518,3756,24939,364,18704,47140,85504,2586,0,2918,3518,9054,14804,11897,40756,-38364,2586,-62511,-600,-5750,-16665,-21183,-18340,-28859,1
2022-11-25 03:00:00,119556,192339,838,18324,3704,26563,400,19653,49764,86140,1381,0,3554,3555,9796,15366,12722,41291,-36376,1381,-72783,-1,-5570,-17486,-22859,-19253,-28569,1
2022-11-25 04:00:00,110115,207551,833,20082,4083,31548,420,22280,49084,89332,1416,0,3911,4092,11175,16809,12550,43507,-40248,1416,-97436,-181,-5634,-19249,-27465,-21860,-30957,1
2022-11-25 05:00:00,97444,235571,851,22739,4993,36490,531,24086,48588,100920,1448,0,4110,4580,12496,18324,13003,48052,-52332,1448,-138127,-470,-5828,-21888,-31497,-23555,-35049,1
2022-11-25 06:00:00,100893,254661,1341,23326,8195,39894,764,25150,52048,114196,1465,0,4432,4738,12823,18569,13207,54838,-62148,1465,-153768,-306,-5746,-21985,-31699,-24386,-41631,1
2022-11-25 07:00:00,104712,261760,2742,22803,9789,40606,962,25600,55252,117588,3104,0,4378,4748,12781,18611,12704,57129,-62336,3104,-157048,-370,-5830,-20061,-30817,-24638,-44425,1
2022-11-25 08:00:00,105707,262749,4211,21961,9956,39741,1154,25592,63728,118464,3121,0,4240,4794,12686,18587,12283,53654,-54736,3121,-157042,-554,-5901,-17750,-29785,-24438,-41371,1
2022-11-25 09:00:00,111576,264167,5086,21565,9995,38743,1214,25873,78400,118040,3119,0,3917,4758,12572,18377,11464,49468,-39640,3119,-152591,-841,-5805,-16479,-28748,-24659,-38004,1
2022-11-25 10:00:00,111168,264460,4962,21562,9553,36843,1261,25911,87760,117048,3147,0,3756,4615,12580,18219,10085,47429,-29288,3147,-153292,-859,-5639,-16600,-27290,-24650,-37344,1
2022-11-25 11:00:00,103762,261623,4553,21824,8628,36900,1046,25935,98824,117164,3043,0,3609,4514,12559,17969,9062,46969,-18340,3043,-157861,-905,-5410,-17271,-28272,-24889,-37907,1
2022-11-25 12:00:00,89881,254514,3527,21874,7377,37994,810,25412,102024,116872,2964,0,3433,4413,12614,17923,6827,49001,-14848,2964,-164633,-980,-5309,-18347,-30617,-24602,-42174,1
2022-11-25 13:00:00,79061,250102,2084,22666,7004,39009,957,25344,105596,115420,2474,0,3352,4371,12708,18204,5320,52355,-9824,2474,-171041,-1019,-5496,-20582,-32005,-24387,-47035,1
2022-11-25 14:00:00,74046,247874,971,23645,6927,40073,1102,25771,103652,113568,1174,0,3199,4528,12709,18173,5041,55965,-9916,1174,-173828,-1329,-5464,-22674,-33146,-24669,-50924,1
2022-11-25 15:00:00,82086,252750,817,24708,8352,41019,1138,25568,86824,113168,907,0,3312,4722,12836,18334,5125,59480,-26344,907,-170664,-1410,-5498,-23891,-32667,-24430,-54355,1
2022-11-25 16:00:00,90879,256847,825,24254,8104,40503,743,25042,61936,115980,2050,0,3281,4564,12736,17935,6368,61253,-54044,2050,-165968,-1283,-5199,-23429,-32399,-24299,-54885,1
2022-11-25 17:00:00,92794,251036,827,23939,8139,40003,678,24676,56156,121008,1072,0,3073,4267,12501,17354,6959,58444,-64852,1072,-158242,-1194,-4853,-23112,-31864,-23998,-51485,1
2022-11-25 18:00:00,89218,242163,821,23408,6900,37750,688,24028,58012,121988,1032,0,2690,4033,12272,16795,6356,56612,-63976,1032,-152945,-1343,-4523,-22587,-30850,-23340,-50256,1
2022-11-25 19:00:00,86429,228881,812,22696,6591,34925,731,22577,57824,122208,2018,0,2303,3819,11884,16262,5784,53817,-64384,2018,-142452,-1516,-4378,-21884,-28334,-21846,-48033,1
2022-11-25 20:00:00,83161,214672,786,21791,6360,31710,669,21025,56556,116268,1942,0,2087,3617,11656,15779,5824,50338,-59712,1942,-131511,-1530,-4123,-21005,-25350,-20356,-44514,1
2022-11-25 21:00:00,80734,201475,737,20981,5665,28833,660,19701,52276,106884,2345,0,1961,3464,11132,15242,5818,47616,-54608,2345,-120741,-1503,-4110,-20244,-23168,-19041,-41798,1
2022-11-25 22:00:00,82819,187243,735,19840,6040,26532,631,18597,48332,98780,2510,0,1793,3361,10754,15002,4737,45496,-50448,2510,-104424,-1568,-4248,-19105,-20492,-17966,-40759,1
2022-11-25 23:00:00,85342,176202,736,18701,5570,24940,596,17917,50132,94580,2503,0,1664,3258,10414,14589,4196,43418,-44448,2503,-90860,-1594,-4175,-17965,-19370,-17321,-39222,1
2022-11-26 00:00:00,92913,169995,731,17836,5308,23948,584,17461,52012,89344,2518,0,1529,3194,10302,14382,3896,41407,-37332,2518,-77082,-1665,-4080,-17105,-18640,-16877,-37511,1
2022-11-26 01:00:00,89979,166245,769,17183,6064,23579,593,17329,52268,85304,2512,0,1535,3140,10252,14166,4068,40204,-33036,2512,-76266,-1605,-3914,-16414,-17515,-16736,-36136,1
2022-11-26 02:00:00,85072,169334,774,16920,6681,23473,600,17404,49152,82764,2531,0,1487,3093,10286,14028,5011,40079,-33612,2531,-84262,-1606,-3742,-16146,-16792,-16804,-35068,1
2022-11-26 03:00:00,75492,169546,823,17171,6813,24216,611,17641,46784,82160,1304,0,1515,3106,10548,14248,5073,39789,-35376,1304,-94054,-1591,-3700,-16348,-17403,-17030,-34716,1
2022-11-26 04:00:00,66589,169732,804,17703,7651,26741,819,18543,45672,82760,1224,0,1504,3267,11114,14743,5709,40096,-37088,1224,-103143,-1763,-3629,-16899,-19090,-17724,-34387,1
2022-11-26 05:00:00,61142,178086,836,19093,9580,29588,752,19491,43580,86164,2177,0,1543,3500,11583,15183,5987,41935,-42584,2177,-116944,-1957,-3600,-18257,-20008,-18739,-35948,1
2022-11-26 06:00:00,61563,190683,981,20295,11380,32128,854,20790,43356,91320,2308,0,1563,3753,11922,15711,6440,45357,-47964,2308,-129120,-2190,-3789,-19314,-20748,-19936,-38917,1
2022-11-26 07:00:00,67287,204048,1412,21195,13125,33795,1420,21791,44152,96256,2528,0,1660,3911,12231,16503,6309,47855,-52104,2528,-136761,-2251,-4272,-19783,-20670,-20371,-41546,1
2022-11-26 08:00:00,74462,212096,1917,21591,13780,33755,1345,22382,56172,102528,2960,0,1813,3966,12279,16176,6790,48187,-46356,2960,-137634,-2153,-3897,-19674,-19975,-21037,-41397,1
2022-11-26 09:00:00,81848,217027,2244,21883,13023,32635,1648,22668,73576,104952,3339,0,1831,3923,12475,16512,6873,47536,-31376,3339,-135179,-2092,-4037,-19639,-19612,-21020,-40663,1
2022-11-26 10:00:00,82987,220381,2406,22021,12243,31135,1705,22619,78036,104172,3448,0,1736,3871,12420,16476,6862,45777,-26136,3448,-137394,-2135,-4056,-19615,-18892,-20914,-38915,1
2022-11-26 11:00:00,80188,217287,2210,21806,11000,29931,1290,22580,75384,103092,3523,0,1526,3859,12326,16396,7057,44387,-27708,3523,-137099,-2333,-4070,-19596,-18931,-21290,-37330,1
2022-11-26 12:00:00,75863,210127,1785,21434,10149,29724,941,21955,75092,103532,3462,0,1442,3820,12342,16743,6733,44908,-28440,3462,-134264,-2378,-4401,-19649,-19575,-21014,-38175,1
2022-11-26 13:00:00,65770,205899,1298,21288,9498,29954,1289,21827,72568,101472,3320,0,1505,3926,12360,16951,7011,45190,-28904,3320,-140129,-2421,-4591,-19990,-20456,-20538,-38179,1
2022-11-26 14:00:00,62473,205907,907,21583,10602,31410,1402,22352,70824,98396,3492,0,1628,4139,12562,17363,7937,48369,-27572,3492,-143434,-2511,-4801,-20676,-20808,-20950,-40432,1
2022-11-26 15:00:00,72589,215048,886,22467,12159,33909,1500,22196,56648,96992,3590,0,1834,4270,12627,17603,9695,53378,-40344,3590,-142459,-2436,-4976,-21581,-21750,-20696,-43683,1
2022-11-26 16:00:00,84115,221364,981,22053,12418,34664,1114,21706,42572,100520,3440,0,1906,4136,12455,17524,11347,56412,-57948,3440,-137249,-2230,-5069,-21072,-22246,-20592,-45065,1
2022-11-26 17:00:00,74464,220130,1012,21839,12445,35038,880,21357,44400,106848,3435,0,1959,3921,12420,17095,12274,54620,-62448,3435,-145666,-1962,-4675,-20827,-22593,-20477,-42346,1
2022-11-26 18:00:00,68182,212762,1018,21550,11389,33168,785,20726,46472,108888,3141,0,2063,3739,12345,16705,13469,52653,-62416,3141,-144580,-1676,-4360,-20532,-21779,-19941,-39184,1
2022-11-26 19:00:00,67427,199231,1018,20822,9816,30677,722,19644,47100,110288,3490,0,2176,3569,12100,16187,14414,50310,-63188,3490,-131804,-1393,-4087,-19804,-20861,-18922,-35896,1
2022-11-26 20:00:00,73143,191849,1055,19839,8852,28283,706,18693,44692,107204,3524,0,2288,3423,11824,15533,14566,48254,-62512,3524,-118706,-1135,-3709,-18784,-19431,-17987,-33688,1
2022-11-26 21:00:00,74012,185624,1025,18810,8768,25984,634,17581,42644,100072,3259,0,2229,3293,11456,15217,14845,45821,-57428,3259,-111612,-1064,-3761,-17785,-17216,-16947,-30976,1
2022-11-26 22:00:00,75867,173659,994,17787,8659,24046,585,16490,39888,93184,3053,0,2001,3175,11072,14866,15485,43691,-53296,3053,-97792,-1174,-3794,-16793,-15387,-15905,-28206,1
2022-11-26 23:00:00,89604,164531,1059,16760,9470,22629,643,15891,41488,87236,2915,0,1976,3080,10531,14356,16013,41948,-45748,2915,-74927,-1104,-3825,-15701,-13159,-15248,-25935,1
2022-11-27 00:00:00,94247,159230,1125,16062,10232,21621,675,15491,37360,82180,2844,0,2000,3051,10229,14234,16211,40669,-44820,2844,-64983,-1051,-4005,-14937,-11389,-14816,-24458,1
2022-11-27 01:00:00,100353,157837,1134,15474,10229,21149,649,15367,35212,78836,2646,0,2225,3076,9804,14281,16629,39649,-43624,2646,-57484,-851,-4477,-14340,-10920,-14718,-23020,1
2022-11-27 02:00:00,108397,160105,1170,15221,10339,21175,622,15476,34316,76980,2746,0,2405,3045,9822,14392,16609,38948,-42664,2746,-51708,-640,-4570,-14051,-10836,-14854,-22339,1
2022-11-27 03:00:00,115410,160610,1162,15453,9897,21540,580,15578,34744,75664,2666,0,2723,3045,10085,14566,16426,38692,-40920,2666,-45200,-322,-4481,-14291,-11643,-14998,-22266,1
2022-11-27 04:00:00,118092,161906,994,15942,9469,22771,559,15982,36408,76076,2693,0,2948,3152,10520,14885,16615,39269,-39668,2693,-43814,-204,-4365,-14948,-13302,-15423,-22654,1
2022-11-27 05:00:00,117367,165350,839,16943,10114,23869,573,16284,36280,78604,2729,0,3061,3364,11181,15627,16523,40174,-42324,2729,-47983,-303,-4446,-16104,-13755,-15711,-23651,1
2022-11-27 06:00:00,115770,172202,1029,18008,11716,25684,730,17238,35452,81328,2726,0,3093,3600,11514,16196,16115,42489,-45876,2726,-56432,-507,-4682,-16979,-13968,-16508,-26374,1
2022-11-27 07:00:00,119713,185387,1575,19156,13626,27593,1090,18358,36820,84020,2640,0,3212,3791,11864,16609,15958,45296,-47200,2640,-65674,-579,-4745,-17581,-13967,-17268,-29338,1
2022-11-27 08:00:00,126025,195382,2106,20052,14169,27975,1576,19123,49920,90840,2628,0,3533,3900,11845,16973,14907,47867,-40920,2628,-69357,-367,-5128,-17946,-13806,-17547,-32960,1
2022-11-27 09:00:00,127509,203519,2403,20663,14860,28056,1835,19635,61060,94928,2542,0,3684,3934,11819,17265,14262,48491,-33868,2542,-76010,-250,-5446,-18260,-13196,-17800,-34229,1
2022-11-27 10:00:00,124098,209480,2445,21116,15289,28035,1816,19822,65164,96240,2580,0,3656,3929,11791,17519,13572,49320,-31076,2580,-85382,-273,-5728,-18671,-12746,-18006,-35748,1
2022-11-27 11:00:00,118036,206744,2195,20782,14119,26870,1699,19810,66976,96248,2884,0,3495,3930,11769,17574,12243,49788,-29272,2884,-88708,-435,-5805,-18587,-12751,-18111,-37545,1
2022-11-27 12:00:00,109015,200769,1856,20351,12255,26116,1565,19504,66092,98536,2988,0,3350,3921,11707,17641,11270,50060,-32444,2988,-91754,-571,-5934,-18495,-13861,-17939,-38790,1
2022-11-27 13:00:00,104067,198832,1237,20494,12033,26817,1165,19329,66716,98224,2992,0,3319,3997,11830,17930,9955,50367,-31508,2992,-94765,-678,-6100,-19257,-14784,-18164,-40412,1
2022-11-27 14:00:00,103643,200518,804,20936,10870,28012,1209,20130,61804,94172,2680,0,3588,4206,11884,18251,9536,51078,-32368,2680,-96875,-618,-6367,-20132,-17142,-18921,-41542,1
2022-11-27 15:00:00,113576,212666,778,21791,11048,30676,1412,20245,50724,93676,2934,0,3813,4493,12030,18297,9167,54024,-42952,2934,-99090,-680,-6267,-21013,-19628,-18833,-44857,1
2022-11-27 16:00:00,124844,222401,794,21653,10828,31868,1554,20240,39408,98012,2859,0,3864,4377,11824,17845,9010,56236,-58604,2859,-97557,-513,-6021,-20859,-21040,-18686,-47226,1
2022-11-27 17:00:00,128759,222582,797,21617,11577,32686,1436,20285,46124,106024,2640,0,3712,4119,11820,17554,8326,54567,-59900,2640,-93823,-407,-5734,-20820,-21109,-18849,-46241,1
2022-11-27 18:00:00,124613,216255,717,21456,10755,31659,1380,19891,48960,110628,2596,0,3703,3926,11802,17402,7776,53193,-61668,2596,-91642,-223,-5600,-20739,-20904,-18511,-45417,1
2022-11-27 19:00:00,119301,205377,637,20651,9002,29879,1309,19085,52556,111872,2488,0,3606,3794,11620,16881,6959,51148,-59316,2488,-86076,-188,-5261,-20014,-20877,-17776,-44189,1
2022-11-27 20:00:00,116018,200010,756,19568,7748,27472,1327,18322,53652,106748,2685,0,3700,3625,10947,16010,6024,48709,-53096,2685,-83992,75,-5063,-18812,-19724,-16995,-42685,1
2022-11-27 21:00:00,118848,197176,863,18593,6324,24837,1394,17317,51004,100728,2267,0,3892,3522,10366,15538,5870,45857,-49724,2267,-78328,370,-5172,-17730,-18513,-15923,-39987,1
2022-11-27 22:00:00,126568,188483,912,17449,6400,22797,1607,16416,50520,91988,1937,0,4007,3537,10431,14836,5772,43607,-41468,1937,-61915,470,-4405,-16537,-16397,-14809,-37835,1
2022-11-27 23:00:00,135486,181138,853,16531,6380,21612,1685,15929,52392,86584,1797,0,3747,3454,10349,14547,5664,41332,-34192,1797,-45652,293,-4198,-15678,-15232,-14244,-35668,1
2022-11-28 00:00:00,140445,176361,824,15939,6184,21117,1753,15819,58752,81908,1900,0,3805,3385,10326,14345,5343,40182,-23156,1900,-35916,420,-4019,-15115,-14933,-14066,-34839,1
2022-11-28 01:00:00,145828,176148,865,15505,5974,20947,1762,15826,70352,78820,1537,0,4324,3359,10282,14234,5192,39460,-8468,1537,-30320,965,-3952,-14640,-14973,-14064,-34268,1
2022-11-28 02:00:00,148841,179937,957,15515,5827,21317,1758,16224,73264,77788,1064,0,4536,3405,10256,14181,5026,39388,-4524,1064,-31096,1131,-3925,-14558,-15490,-14466,-34362,3
2022-11-28 03:00:00,151655,187415,998,16480,5345,23690,2085,17611,75028,78552,654,0,4864,3632,10853,14936,5008,39991,-3524,654,-35760,1232,-4083,-15482,-18345,-15526,-34983,3
2022-11-28 04:00:00,138014,206847,919,18764,4856,29800,2413,20792,75500,83576,317,0,4775,4202,12033,16615,4524,42366,-8076,317,-68833,573,-4582,-17845,-24944,-18379,-37842,3
2022-11-28 05:00:00,127391,240703,989,21918,6463,35741,2607,22917,78604,98052,159,0,5115,4797,12816,17911,4194,48254,-19448,159,-113312,318,-5095,-20929,-29278,-20310,-44060,3
2022-11-28 06:00:00,121304,264356,1242,23044,8916,39866,2910,23991,79048,114252,9,0,4999,5071,13251,18321,4052,55864,-35204,9,-143052,-72,-5070,-21802,-30950,-21081,-51812,1
2022-11-28 07:00:00,120635,272689,1837,23457,9369,40922,3471,24520,78852,119960,26,0,5245,5112,13352,18502,3713,59640,-41108,26,-152054,133,-5150,-21620,-31553,-21049,-55927,3
2022-11-28 08:00:00,116508,271551,2414,23362,10171,41116,3933,24655,92472,122128,62,0,5667,5109,13412,18620,2684,60302,-29656,62,-155043,558,-5208,-20948,-30945,-20722,-57618,3
2022-11-28 09:00:00,112875,274704,2830,23377,10199,40934,3821,24702,101556,121924,144,0,5588,5094,13347,18509,2058,59854,-20368,144,-161829,494,-5162,-20547,-30735,-20881,-57796,3
2022-11-28 10:00:00,108367,277023,2817,23592,9695,39139,3765,24803,114572,121024,182,0,5295,5055,13432,18545,1630,59560,-6452,182,-168656,240,-5113,-20775,-29444,-21038,-57930,3
2022-11-28 11:00:00,95333,274613,2702,23744,8161,39140,3404,24854,121048,121064,189,0,5344,4994,13438,18555,1147,59254,-16,189,-179280,350,-5117,-21042,-30979,-21450,-58107,3
2022-11-28 12:00:00,87164,270242,2313,23539,7292,40249,3111,24490,124160,121184,258,0,5191,4909,13465,18653,1075,59124,2976,258,-183078,282,-5188,-21226,-32957,-21379,-58049,0
2022-11-28 13:00:00,83451,267505,1541,23854,7385,41136,3290,24459,124772,120308,243,0,5280,4800,13504,18811,1065,59305,4464,243,-184054,480,-5307,-22313,-33751,-21169,-58240,0
2022-11-28 14:00:00,82822,266352,1088,24351,7462,42001,3748,25029,120080,118492,178,0,5042,4963,13620,18947,1065,60840,1588,178,-183530,79,-5327,-23263,-34539,-21281,-59775,0
2022-11-28 15:00:00,89209,271313,1050,25043,8173,42462,3949,24858,107568,118604,168,0,5187,5223,13703,19035,820,63758,-11036,168,-182104,-36,-5332,-23993,-34289,-20909,-62938,1
2022-11-28 16:00:00,96849,273529,1038,24668,7679,41200,4105,24565,82044,122512,115,0,4918,4957,13572,18805,854,65476,-40468,115,-176680,-39,-5233,-23630,-33521,-20460,-64622,1
2022-11-28 17:00:00,94849,268026,1046,24487,7504,40428,4084,24466,73092,128524,80,0,4886,4651,13309,18590,1127,62347,-55432,80,-173177,235,-5281,-23441,-32924,-20382,-61220,3
2022-11-28 18:00:00,81764,258473,1101,24067,6105,38230,4160,23767,72724,130748,91,0,4911,4397,13071,17908,1452,59864,-58024,91,-176709,514,-4837,-22966,-32125,-19607,-58412,3
2022-11-28 19:00:00,65142,243445,1044,23283,4530,35409,3725,22210,72396,131852,90,0,4569,4175,12695,17459,1577,57002,-59456,90,-178303,394,-4764,-22239,-30879,-18485,-55425,3
2022-11-28 20:00:00,61585,229924,1079,22131,4141,32093,3563,20746,67988,124276,64,0,4409,3960,12330,16598,1310,53691,-56288,64,-168339,449,-4268,-21052,-27952,-17183,-52381,3
2022-11-28 21:00:00,65157,213824,1086,21088,4349,29038,3493,19332,61196,112464,32,0,4289,3747,11699,15702,1026,50046,-51268,32,-148667,542,-4003,-20002,-24689,-15839,-49020,3
2022-11-28 22:00:00,73226,200664,977,20001,4869,26496,3309,18257,54412,101820,19,0,4120,3562,11218,15365,899,46616,-47408,19,-127438,558,-4147,-19024,-21627,-14948,-45717,3
2022-11-28 23:00:00,71509,191862,901,18772,5103,25013,3139,17710,52204,95756,43,0,4082,3431,10956,14964,871,44536,-43552,43,-120353,651,-4008,-17871,-19910,-14571,-43665,3
2022-11-29 00:00:00,72729,185476,955,17848,5389,24116,3115,17429,53080,90628,89,0,3888,3322,10731,14573,859,42917,-37548,89,-112747,566,-3842,-16893,-18727,-14314,-42058,3
2022-11-29 01:00:00,74251,184007,919,17380,5326,23998,3053,17602,51348,87632,103,0,3689,3280,10674,14454,871,42403,-36284,103,-109756,409,-3780,-16461,-18672,-14549,-41532,3
2022-11-29 02:00:00,73808,185872,956,17350,5263,24489,3083,17951,49972,86096,189,0,3454,3307,10653,14623,810,42179,-36124,189,-112064,147,-3970,-16394,-19226,-14868,-41369,1
2022-11-29 03:00:00,74017,192390,925,18180,5538,26204,3046,18844,52204,86636,128,0,3365,3541,11083,15369,585,42298,-34432,128,-118373,-176,-4286,-17255,-20666,-15798,-41713,1
2022-11-29 04:00:00,63199,208566,866,20171,4960,31656,3108,21668,52256,91064,11,0,3211,4134,12177,16974,607,44121,-38808,11,-145367,-923,-4797,-19305,-26696,-18560,-43514,1
2022-11-29 05:00:00,49169,238763,885,23110,6459,37198,3159,23672,50000,103720,3,0,3081,4600,13255,18244,776,49764,-53720,3,-189594,-1519,-4989,-22225,-30739,-20513,-48988,1
2022-11-29 06:00:00,51038,257055,1122,23997,9371,41708,3421,24606,53968,118556,4,0,2903,4785,13310,18419,892,56640,-64588,4,-206017,-1882,-5109,-22875,-32337,-21185,-55748,1
2022-11-29 07:00:00,54975,264441,1583,24246,11035,43537,3793,24952,59044,123924,7,0,2595,4810,13254,18328,987,60375,-64880,7,-209466,-2215,-5074,-22663,-32502,-21159,-59388,1
2022-11-29 08:00:00,53933,266833,2056,24160,10230,42818,3867,24912,69992,124640,19,0,2682,4864,13225,18405,1353,60539,-54648,19,-212900,-2182,-5180,-22104,-32588,-21045,-59186,1
2022-11-29 09:00:00,55141,269011,2466,24042,10733,42693,3622,25089,81112,123840,94,0,2570,4833,13207,18213,1553,58528,-42728,94,-213870,-2263,-5006,-21576,-31960,-21467,-56975,1
2022-11-29 10:00:00,58376,269986,2664,24003,9950,40999,3426,25111,86252,122924,166,0,2400,4779,13140,18184,1728,56946,-36672,166,-211610,-2379,-5044,-21339,-31049,-21685,-55218,1
2022-11-29 11:00:00,57122,268496,2451,24148,8735,40605,3130,25248,88176,122796,227,0,2366,4792,13159,18215,1791,55787,-34620,227,-211374,-2426,-5056,-21697,-31870,-22118,-53996,1
2022-11-29 12:00:00,52362,264438,2008,23990,8380,41726,2837,25167,88040,122724,363,0,2245,4740,13196,18262,2149,56420,-34684,363,-212076,-2495,-5066,-21982,-33346,-22330,-54271,1
2022-11-29 13:00:00,50476,261089,1214,24477,7573,41793,2480,25124,86816,121864,494,0,2279,4659,13274,18747,2602,57570,-35048,494,-210613,-2380,-5473,-23263,-34220,-22644,-54968,1
2022-11-29 14:00:00,50287,259851,810,24921,7829,42755,2734,25646,80180,120364,630,0,2254,4791,13319,18900,2258,59915,-40184,630,-209564,-2537,-5581,-24111,-34926,-22912,-57657,1
2022-11-29 15:00:00,58354,264443,760,25681,9148,43316,2595,25451,64536,120448,733,0,2245,4953,13227,18865,1616,62719,-55912,733,-206089,-2708,-5638,-24921,-34168,-22856,-61103,1
2022-11-29 16:00:00,66244,268333,765,25259,9101,42233,2286,25065,56720,124200,858,0,2355,4747,13227,18528,1094,64488,-67480,858,-202089,-2392,-5301,-24494,-33132,-22779,-63394,1
2022-11-29 17:00:00,67154,265018,792,25052,8716,41527,2205,24932,57732,129092,1064,0,2358,4470,13221,18194,880,61824,-71360,1064,-197864,-2112,-4973,-24260,-32811,-22727,-60944,1
2022-11-29 18:00:00,58458,255361,837,24584,7275,39359,2113,24302,58728,131588,1244,0,2259,4276,13038,17733,797,59398,-72860,1244,-196903,-2017,-4695,-23747,-32084,-22189,-58601,1
2022-11-29 19:00:00,45265,240435,793,23798,6652,36489,2053,22681,59012,132892,1590,0,1929,4090,12694,17093,689,56575,-73880,1590,-195170,-2161,-4399,-23005,-29837,-20628,-55886,1
2022-11-29 20:00:00,43163,227257,792,22607,6272,32958,1865,21183,55784,126060,1524,0,1890,3773,12208,16283,626,53756,-70276,1524,-184094,-1883,-4075,-21815,-26686,-19318,-53130,1
2022-11-29 21:00:00,43496,213166,773,21545,6297,29775,1694,19870,48400,114040,1668,0,1839,3638,11646,15564,563,50540,-65640,1668,-169670,-1799,-3918,-20772,-23478,-18176,-49977,1
2022-11-29 22:00:00,48963,198266,776,20330,6207,27367,1634,18740,43160,103504,1700,0,1852,3499,10577,14947,607,47408,-60344,1700,-149303,-1647,-4370,-19554,-21160,-17106,-46801,1
2022-11-29 23:00:00,54226,188257,756,19038,6483,25754,1562,18205,40668,97504,1777,0,1856,3416,10435,14607,547,44582,-56836,1777,-134031,-1560,-4172,-18282,-19271,-16643,-44035,1
2022-11-30 00:00:00,61524,183700,746,18176,7149,25068,1518,17883,38712,91864,1853,0,1823,3379,10302,14406,548,42600,-53152,1853,-122176,-1556,-4104,-17430,-17919,-16365,-42052,1
2022-11-30 01:00:00,62815,181723,744,17622,7252,24756,1456,17950,34268,88740,1832,0,1704,3355,10241,14432,506,41921,-54472,1832,-118908,-1651,-4191,-16878,-17504,-16494,-41415,1
2022-11-30 02:00:00,66777,185291,745,17534,7204,25214,1465,18307,31852,87564,1900,0,1592,3353,10243,14632,531,41854,-55712,1900,-118514,-1761,-4389,-16789,-18010,-16842,-41323,1
2022-11-30 03:00:00,66893,193590,746,18351,7297,27292,1480,19270,30896,88336,1898,0,1685,3548,10804,15414,710,42185,-57440,1898,-126697,-1863,-4610,-17605,-19995,-17790,-41475,1
2022-11-30 04:00:00,60118,208019,762,20217,7517,32606,1475,22104,30224,92408,1972,0,1770,4074,12185,17023,699,44372,-62184,1972,-147901,-2304,-4838,-19455,-25089,-20629,-43673,1
2022-11-30 05:00:00,47912,237451,786,23115,9029,38400,1642,24147,31648,105460,2003,0,1830,4602,12667,18241,688,49704,-73812,2003,-189539,-2772,-5574,-22329,-29371,-22505,-49016,1
2022-11-30 06:00:00,51650,255665,922,24005,11388,42409,1884,25126,30820,120960,1979,0,1927,4786,12787,18339,732,56612,-90140,1979,-204015,-2859,-5552,-23083,-31021,-23242,-55880,1
2022-11-30 07:00:00,61609,263852,1285,24303,12777,43826,2077,25706,33580,126164,2142,0,2007,4770,12851,18254,870,60531,-92584,2142,-202243,-2763,-5403,-23018,-31049,-23629,-59661,1
2022-11-30 08:00:00,56006,266292,1709,24238,13607,43464,2357,25820,41320,126872,2056,0,1953,4859,12710,18267,898,60097,-85552,2056,-210286,-2906,-5557,-22529,-29857,-23463,-59199,1
2022-11-30 09:00:00,58638,268603,2020,24258,14456,42844,2386,26127,48692,126188,2096,0,1825,4812,12689,18296,882,58063,-77496,2096,-209965,-2987,-5607,-22238,-28388,-23741,-57181,1
2022-11-30 10:00:00,61275,270853,2160,24395,14839,41229,2433,26189,48580,124720,2222,0,1747,4763,12534,18253,824,55830,-76140,2222,-209578,-3016,-5719,-22235,-26390,-23756,-55006,1
2022-11-30 11:00:00,56849,269166,1999,24449,14738,41489,2194,26194,49076,124724,1986,0,1736,4738,12514,18285,809,54137,-75648,1986,-212317,-3002,-5771,-22450,-26751,-24000,-53328,1
2022-11-30 12:00:00,53102,265630,1608,24206,14963,42395,1719,25742,47740,125340,1928,0,1812,4623,12454,18422,891,55056,-77600,1928,-212528,-2811,-5968,-22598,-27432,-24023,-54165,1
2022-11-30 13:00:00,53812,262979,1163,24507,13683,42363,1730,25658,48088,124120,1806,0,1851,4565,12629,19019,1125,57845,-76032,1806,-209167,-2714,-6390,-23344,-28680,-23928,-56720,1
2022-11-30 14:00:00,50684,262930,886,24888,12057,42760,2141,26094,44008,123080,1716,0,1923,4742,12644,18955,1034,60716,-79072,1716,-212246,-2819,-6311,-24002,-30703,-23953,-59682,1
2022-11-30 15:00:00,56927,266994,864,25432,13061,43286,2094,25710,36328,123052,1666,0,1978,4866,12729,19068,961,64082,-86724,1666,-210067,-2888,-6339,-24568,-30225,-23616,-63121,1
2022-11-30 16:00:00,65568,269022,890,24962,12838,42434,1925,25321,31732,127208,1732,0,2012,4748,12723,18727,1606,66096,-95476,1732,-203454,-2736,-6004,-24072,-29596,-23396,-64490,1
2022-11-30 17:00:00,62621,264852,871,24822,11940,41623,1893,25126,31868,131568,1880,0,2007,4475,12704,18357,1599,62941,-99700,1880,-202231,-2468,-5653,-23951,-29683,-23233,-61342,1
2022-11-30 18:00:00,53125,255942,854,24334,10112,39260,1720,24078,32392,133332,1520,0,2083,4184,12622,17897,1655,60578,-100940,1520,-202817,-2101,-5275,-23480,-29148,-22358,-58923,1
2022-11-30 19:00:00,51102,241281,843,23592,8931,36653,1448,22508,33172,134072,1407,0,2019,4063,12226,17235,1715,57679,-100900,1407,-190179,-2044,-5009,-22749,-27722,-21060,-55964,1
2022-11-30 20:00:00,51937,227801,796,22499,8284,32981,1300,21382,32876,126884,1588,0,1954,3865,11786,16432,1882,54727,-94008,1588,-175864,-1911,-4646,-21703,-24697,-20082,-52845,1
2022-11-30 21:00:00,55638,214385,815,21516,8441,29992,1198,20055,29252,114572,1546,0,1859,3750,10905,15849,2034,51362,-85320,1546,-158747,-1891,-4944,-20701,-21551,-18857,-49328,1
2022-11-30 22:00:00,61480,200649,823,20254,8355,27441,1088,18941,27784,104452,1629,0,1759,3586,10572,15239,2138,48197,-76668,1629,-139169,-1827,-4667,-19431,-19086,-17853,-46059,1
2022-11-30 23:00:00,59661,192728,804,19037,8718,25642,1014,18312,31728,99228,1622,0,1733,3482,10339,14854,2384,45064,-67500,1622,-133067,-1749,-4515,-18233,-16924,-17298,-42680,1
2022-12-01 00:00:00,62754,187850,814,18195,8623,24940,1021,18035,32912,93492,1406,0,1704,3408,10078,14626,2031,43044,-60580,1406,-125096,-1704,-4548,-17381,-16317,-17014,-41013,1
2022-12-01 01:00:00,63576,185176,793,17693,8238,24637,989,18051,32832,89640,1492,0,1791,3428,10049,14601,2303,42218,-56808,1492,-121600,-1637,-4552,-16900,-16399,-17062,-39915,1
2022-12-01 02:00:00,64910,187326,817,17671,7775,25040,951,18413,32892,88304,1408,0,1901,3434,10223,14722,2561,42260,-55412,1408,-122416,-1533,-4499,-16854,-17265,-17462,-39699,1
2022-12-01 03:00:00,65682,194173,825,18497,7580,26964,926,19289,36392,89080,1261,0,1911,3631,10516,15469,2268,42616,-52688,1261,-128491,-1720,-4953,-17672,-19384,-18363,-40348,1
2022-12-01 04:00:00,62153,211531,803,20517,7320,32445,920,21942,39104,93332,1348,0,1996,4146,12032,16936,2642,44903,-54228,1348,-149378,-2150,-4904,-19714,-25125,-21022,-42261,1
2022-12-01 05:00:00,47487,240839,795,23475,7891,38044,865,23929,38712,105756,616,0,2162,4626,12400,18147,2611,50382,-67044,616,-193352,-2464,-5747,-22680,-30153,-23064,-47771,1
2022-12-01 06:00:00,52179,259077,1185,24078,9598,41768,1032,25013,42760,120884,580,0,2226,4753,12619,18635,2527,57161,-78124,580,-206898,-2527,-6016,-22893,-32170,-23981,-54634,1
2022-12-01 07:00:00,55561,268221,2335,23562,10374,42223,1250,25481,49032,125736,1070,0,2116,4770,12647,18630,2231,60553,-76704,1070,-212660,-2654,-5983,-21227,-31849,-24231,-58322,1
2022-12-01 08:00:00,58576,270967,3691,22663,10766,41476,1344,25598,57768,127876,1080,0,2063,4831,12627,18709,2015,59429,-70108,1080,-212391,-2768,-6082,-18972,-30710,-24254,-57414,1
2022-12-01 09:00:00,60772,271355,4323,22379,11316,40863,1294,25972,65964,127896,794,0,2023,4786,12606,18876,1925,56369,-61932,794,-210583,-2763,-6270,-18056,-29547,-24678,-54444,1
2022-12-01 10:00:00,59963,272920,4589,22377,10297,38833,1250,26122,69744,126052,802,0,1977,4678,12517,18843,1611,53615,-56308,802,-212957,-2701,-6326,-17788,-28536,-24872,-52004,1
2022-12-01 11:00:00,59974,272549,4223,22549,9376,38739,1191,26155,72956,126100,848,0,1926,4704,12502,18743,1404,52311,-53144,848,-212575,-2778,-6241,-18326,-29363,-24964,-50907,1
2022-12-01 12:00:00,58316,269240,3090,22762,8197,40046,1100,25700,69804,125604,798,0,1696,4667,12464,18620,1337,53414,-55800,798,-210924,-2971,-6156,-19672,-31849,-24600,-52077,1
2022-12-01 13:00:00,57086,266468,1635,23720,7744,41039,1195,25742,70828,124212,776,0,1751,4615,12624,19064,1449,55632,-53384,776,-209382,-2864,-6440,-22085,-33295,-24547,-54183,1
2022-12-01 14:00:00,56668,265864,871,24616,8208,42205,1417,26069,73016,122988,858,0,1875,4728,12758,19196,1520,59435,-49972,858,-209196,-2853,-6438,-23745,-33997,-24652,-57915,1
2022-12-01 15:00:00,66164,270365,800,25549,8965,43256,1403,25734,64964,123432,1056,0,1986,4916,12840,19024,2340,63413,-58468,1056,-204201,-2930,-6184,-24749,-34291,-24331,-61073,1
2022-12-01 16:00:00,72386,273877,786,25186,8355,42286,1341,25362,58276,128196,1450,0,1996,4752,12806,18538,2696,65541,-69920,1450,-201491,-2756,-5732,-24400,-33931,-24021,-62845,1
2022-12-01 17:00:00,62924,270199,798,25088,7290,41363,1365,25131,61244,133380,1904,0,2030,4466,12808,18139,2366,62862,-72136,1904,-207275,-2436,-5331,-24290,-34073,-23766,-60496,1
2022-12-01 18:00:00,52242,261955,817,24641,6435,39294,1239,24489,63668,135560,2076,0,2053,4249,12429,17656,2270,60356,-71892,2076,-209713,-2196,-5227,-23824,-32859,-23250,-58086,1
2022-12-01 19:00:00,47399,245373,818,23878,5845,36506,960,22974,64660,135224,1956,0,2071,4070,12177,16977,2094,57857,-70564,1956,-197974,-1999,-4800,-23060,-30661,-22014,-55763,1
2022-12-01 20:00:00,46468,232612,825,22769,4168,32951,899,21522,60776,126296,1832,0,2074,3883,11738,16219,2396,54713,-65520,1832,-186144,-1809,-4481,-21944,-28783,-20623,-52317,1
2022-12-01 21:00:00,47324,221953,808,21868,3901,30006,889,20101,54908,115360,1738,0,2156,3717,11289,15559,1826,50756,-60452,1738,-174629,-1561,-4270,-21060,-26105,-19212,-48930,1
2022-12-01 22:00:00,52781,207513,805,20679,3432,27255,921,19108,46996,104072,1702,0,2245,3563,10678,15135,1911,47841,-57076,1702,-154732,-1318,-4457,-19874,-23823,-18187,-45930,1
2022-12-01 23:00:00,55102,197905,798,19333,3726,25679,927,18452,43780,98572,1656,0,2096,3507,10519,14800,1591,45215,-54792,1656,-142803,-1411,-4281,-18535,-21953,-17525,-43624,1
2022-12-02 00:00:00,63459,192393,769,18396,3744,24944,942,18189,44964,92800,1546,0,2102,3457,10657,14647,1773,43241,-47836,1546,-128934,-1355,-3990,-17627,-21200,-17247,-41468,1
2022-12-02 01:00:00,66540,190865,765,17800,3731,24860,989,18145,43704,89572,1308,0,2185,3389,10776,14536,1944,42005,-45868,1308,-124325,-1204,-3760,-17035,-21129,-17156,-40061,1
2022-12-02 02:00:00,68302,194114,786,17711,3774,25208,1029,18539,42676,88132,1095,0,2316,3387,10912,14759,2578,41432,-45456,1095,-125812,-1071,-3847,-16925,-21434,-17510,-38854,1
2022-12-02 03:00:00,70136,199757,768,18524,3594,26887,1113,19594,40512,88548,906,0,2313,3552,11530,15476,4033,41844,-48036,906,-129621,-1239,-3946,-17756,-23293,-18481,-37811,1
2022-12-02 04:00:00,65265,214387,754,20393,3837,31933,1220,22339,37268,93168,763,0,2453,4078,12579,17073,4924,44021,-55900,763,-149122,-1625,-4494,-19639,-28096,-21119,-39097,1
2022-12-02 05:00:00,64743,242678,759,23211,5475,37596,1571,24396,32716,106604,754,0,2572,4567,13326,18561,6255,49455,-73888,754,-177935,-1995,-5235,-22452,-32121,-22825,-43200,1
2022-12-02 06:00:00,78117,263419,841,24219,7905,41472,2047,25366,36376,122660,618,0,2591,4769,13393,18929,7067,56555,-86284,618,-185302,-2178,-5536,-23378,-33567,-23319,-49488,1
2022-12-02 07:00:00,94401,272287,1114,24691,8582,42301,2084,25888,37720,128284,498,0,2716,4765,13468,19034,7973,60759,-90564,498,-177886,-2049,-5566,-23577,-33719,-23804,-52786,1
2022-12-02 08:00:00,95718,273564,1384,24852,8328,42098,2023,26014,45152,130448,436,0,2914,4806,13497,19256,9183,61754,-85296,436,-177846,-1892,-5759,-23468,-33770,-23991,-52571,1
2022-12-02 09:00:00,95309,276657,1571,25030,9122,41830,2163,26352,53324,130448,434,0,3048,4763,13392,19075,11495,60890,-77124,434,-181348,-1715,-5683,-23459,-32708,-24189,-49395,1
2022-12-02 10:00:00,92378,278409,1556,25252,8840,39982,2028,26435,57120,128596,339,0,2960,4667,13313,18968,11984,60241,-71476,339,-186031,-1707,-5655,-23696,-31142,-24407,-48257,1
2022-12-02 11:00:00,89666,277832,1376,25254,8402,39899,1899,26537,55952,127788,258,0,2934,4593,13192,18709,10663,59607,-71836,258,-188166,-1659,-5517,-23878,-31497,-24638,-48944,1
2022-12-02 12:00:00,92431,272586,1152,24881,8193,41066,1581,26054,54876,126732,232,0,3094,4528,12988,18643,11434,60406,-71856,232,-180155,-1434,-5655,-23729,-32873,-24473,-48972,1
2022-12-02 13:00:00,92863,268198,942,24983,7876,41468,1442,26095,52644,124604,197,0,3347,4475,12884,18903,12903,61529,-71960,197,-175335,-1128,-6019,-24041,-33592,-24653,-48626,1
2022-12-02 14:00:00,93565,266600,808,25290,8170,42255,1814,26226,52188,123076,124,0,3375,4706,13031,19000,13337,62662,-70888,124,-173035,-1331,-5969,-24482,-34085,-24412,-49325,1
2022-12-02 15:00:00,98389,272160,807,25699,8974,42733,1736,25917,45392,123032,74,0,3570,4942,13429,19031,13684,64574,-77640,74,-173771,-1372,-5602,-24892,-33759,-24181,-50890,1
2022-12-02 16:00:00,100301,274846,832,24961,8409,41796,1637,25487,34808,126208,124,0,3253,4761,13375,18433,14364,65682,-91400,124,-174545,-1508,-5058,-24129,-33387,-23850,-51318,1
2022-12-02 17:00:00,98264,271228,855,24551,8041,41052,1372,25120,35512,130844,155,0,3222,4421,13137,17814,13569,62797,-95332,155,-172964,-1199,-4677,-23696,-33011,-23748,-49228,1
2022-12-02 18:00:00,95849,260501,855,24111,7253,38517,1266,24380,34956,131956,128,0,3519,4270,12353,17001,14849,59591,-97000,128,-164652,-751,-4648,-23256,-31264,-23114,-44742,1
2022-12-02 19:00:00,97841,246137,848,23339,5947,35630,1235,22898,35536,132024,90,0,3053,4059,11992,16527,14910,56939,-96488,90,-148296,-1006,-4535,-22491,-29683,-21663,-42029,1
2022-12-02 20:00:00,94946,231975,877,22401,5872,32344,1209,21417,33576,125632,95,0,3061,3917,11599,16093,14133,53707,-92056,95,-137029,-856,-4494,-21524,-26472,-20208,-39574,1
2022-12-02 21:00:00,93033,219678,885,21550,5653,29535,1140,20187,32000,114956,146,0,3373,3738,11132,15560,13597,50276,-82956,146,-126645,-365,-4428,-20665,-23882,-19047,-36679,1
2022-12-02 22:00:00,97023,206345,870,20372,5598,27169,1130,19011,28352,105596,123,0,3372,3527,10619,15428,13651,47569,-77244,123,-109322,-155,-4809,-19502,-21571,-17881,-33918,1
2022-12-02 23:00:00,100369,195138,854,19113,5465,25575,1107,18344,31136,99992,67,0,3468,3481,10398,15128,13591,44962,-68856,67,-94769,-13,-4730,-18259,-20110,-17237,-31371,1
2022-12-03 00:00:00,103960,189075,869,18189,5336,24622,1110,17872,30128,94360,40,0,3525,3369,10245,14715,13392,42597,-64232,40,-85115,156,-4470,-17320,-19286,-16762,-29205,3
2022-12-03 01:00:00,109035,186018,836,17517,5725,24117,1171,17758,34168,90088,54,0,3793,3360,10212,14577,13156,41337,-55920,54,-76983,433,-4365,-16681,-18392,-16587,-28181,3
2022-12-03 02:00:00,105921,184170,838,17288,5918,24013,1178,17946,32444,87416,34,0,3559,3395,10215,14510,13102,41017,-54972,34,-78249,164,-4295,-16450,-18095,-16768,-27915,3
2022-12-03 03:00:00,98573,184804,813,17606,5970,24889,1159,18181,30724,85940,68,0,3578,3415,10372,14572,12899,40857,-55216,68,-86231,163,-4200,-16793,-18919,-17022,-27958,3
2022-12-03 04:00:00,92711,187192,820,18157,5405,27388,1150,19094,29528,86492,181,0,3596,3458,10761,15112,13077,41358,-56964,181,-94481,138,-4351,-17337,-21983,-17944,-28281,1
2022-12-03 05:00:00,83922,192343,855,19494,6036,30302,1173,19931,26812,90068,151,0,3820,3729,11781,15793,12990,43774,-63256,151,-108421,91,-4012,-18639,-24266,-18758,-30784,1
2022-12-03 06:00:00,77900,204717,1074,20600,7583,32920,1239,21242,28060,95916,185,0,3686,3974,12253,16409,12816,47734,-67856,185,-126817,-288,-4156,-19526,-25337,-20003,-34918,1
2022-12-03 07:00:00,75442,217774,1911,21268,8494,34579,1750,22427,30640,102024,249,0,3784,4122,12722,16899,11461,51310,-71384,249,-142332,-338,-4177,-19357,-26085,-20677,-39849,1
2022-12-03 08:00:00,79384,228420,2862,21391,8685,34849,2206,22963,40852,109720,249,0,4069,4199,12958,17740,11026,53600,-68868,249,-149036,-130,-4782,-18529,-26164,-20757,-42574,1
2022-12-03 09:00:00,84497,235888,3674,21308,9027,34677,2083,23170,51592,113388,216,0,4216,4248,12908,18161,10230,54420,-61796,216,-151391,-32,-5253,-17634,-25650,-21087,-44190,1
2022-12-03 10:00:00,85946,239488,3905,21311,9063,33276,1927,23052,58752,112776,213,0,4131,4165,12793,18004,9581,54695,-54024,213,-153542,-34,-5211,-17406,-24213,-21125,-45114,1
2022-12-03 11:00:00,75963,236356,3517,21131,8484,31750,1645,22970,60636,112412,202,0,3846,4112,12765,17964,8624,54593,-51776,202,-160393,-266,-5199,-17614,-23266,-21325,-45969,1
2022-12-03 12:00:00,71324,231184,2455,21124,8643,31331,1254,22507,57960,113564,161,0,3694,4101,12894,17987,7842,54625,-55604,161,-159860,-407,-5093,-18669,-22688,-21253,-46783,1
2022-12-03 13:00:00,69752,226899,1440,21424,7720,31431,1218,22387,56192,111868,133,0,3914,4115,13027,18294,7428,55036,-55676,133,-157147,-201,-5267,-19984,-23711,-21169,-47608,1
2022-12-03 14:00:00,67161,227384,885,21990,8362,32594,1546,22805,50992,108800,133,0,4074,4289,13123,18652,8038,56029,-57808,133,-160223,-215,-5529,-21105,-24232,-21259,-47991,1
2022-12-03 15:00:00,68704,233292,874,22815,10258,34535,1423,22530,43416,107276,177,0,4049,4500,13182,18731,8581,57690,-63860,177,-164588,-451,-5549,-21941,-24277,-21107,-49109,1
2022-12-03 16:00:00,75372,237501,921,22295,10005,35045,1484,22216,36096,111360,248,0,4046,4357,13103,18411,9180,58660,-75264,248,-162129,-311,-5308,-21374,-25040,-20732,-49480,1
2022-12-03 17:00:00,73510,234980,978,22122,8994,35012,1553,21908,36020,116316,307,0,4255,4100,12940,17759,8992,57904,-80296,307,-161470,155,-4819,-21144,-26018,-20355,-48912,1
2022-12-03 18:00:00,71788,227301,957,21880,7825,33115,1442,21208,36716,118144,354,0,4337,3927,12800,17370,9082,55788,-81428,354,-155513,410,-4570,-20923,-25290,-19766,-46706,3
2022-12-03 19:00:00,71036,214690,938,21212,7487,30638,1400,20154,38324,119036,471,0,3885,3934,12311,16873,9646,53602,-80712,471,-143654,-49,-4562,-20274,-23151,-18754,-43956,1
2022-12-03 20:00:00,71576,205658,990,20241,7013,28462,1462,19116,37200,115332,644,0,3894,3732,12126,16478,9783,51283,-78132,644,-134082,162,-4352,-19251,-21449,-17654,-41500,1
2022-12-03 21:00:00,71619,197177,972,19251,6507,26180,1566,17759,35128,107296,701,0,4050,3573,11343,15872,9080,48805,-72168,701,-125558,477,-4529,-18279,-19673,-16193,-39725,1
2022-12-03 22:00:00,73832,185274,988,18153,6857,23947,1615,16682,32912,99144,644,0,4032,3502,10693,15472,8404,46100,-66232,644,-111442,530,-4779,-17165,-17090,-15067,-37696,1
2022-12-03 23:00:00,76928,177019,974,17097,6989,22447,1764,16075,28876,92656,666,0,3963,3371,10191,15244,7204,43619,-63780,666,-100091,592,-5053,-16123,-15458,-14311,-36415,1
2022-12-04 00:00:00,79393,170682,1052,16383,7272,21560,1912,15596,28668,86452,773,0,4126,3291,10021,15066,6643,41621,-57784,773,-91289,835,-5045,-15331,-14288,-13684,-34978,3
2022-12-04 01:00:00,89067,168357,1161,15819,6889,20831,1987,15481,25812,82176,824,0,4111,3321,9868,14993,6975,40867,-56364,824,-79290,790,-5125,-14658,-13942,-13494,-33892,1
2022-12-04 02:00:00,90671,168598,1117,15592,6132,20710,2151,15494,26892,79932,903,0,4022,3283,9873,15035,7446,40463,-53040,903,-77927,739,-5162,-14475,-14578,-13343,-33017,1
2022-12-04 03:00:00,91224,168947,1043,15867,6199,21075,2317,15737,26528,79248,926,0,3915,3289,9876,15143,7394,40381,-52720,926,-77723,626,-5267,-14824,-14876,-13420,-32987,1
2022-12-04 04:00:00,91604,167712,1069,16398,6521,22402,2411,16158,26084,79724,1065,0,3890,3382,10091,15381,8035,40737,-53640,1065,-76108,508,-5290,-15329,-15881,-13747,-32702,1
2022-12-04 05:00:00,86986,169694,1130,17483,6411,23802,2529,16455,24312,81824,1258,0,3897,3578,10636,15888,8010,41717,-57512,1258,-82708,319,-5252,-16353,-17391,-13926,-33707,1
2022-12-04 06:00:00,77099,177867,1393,18529,7669,25660,2991,17452,24596,84740,1180,0,3835,3892,11469,16511,8603,44120,-60144,1180,-100768,-57,-5042,-17136,-17991,-14461,-35517,1
2022-12-04 07:00:00,77437,191270,2401,19355,8864,27681,3455,18629,26220,88152,1215,0,3924,4046,11959,17132,9703,47400,-61932,1215,-113833,-122,-5173,-16954,-18817,-15174,-37697,1
2022-12-04 08:00:00,79008,205311,3508,19829,9235,28314,3591,19301,30244,96836,1252,0,4063,4123,12293,17631,10646,50557,-66592,1252,-126303,-60,-5338,-16321,-19079,-15710,-39911,1
2022-12-04 09:00:00,83158,215793,4309,19997,10048,28689,3488,19647,37288,102656,1364,0,4062,4195,12371,17821,9433,51747,-65368,1364,-132635,-133,-5450,-15688,-18641,-16159,-42314,1
2022-12-04 10:00:00,89341,225750,4047,20291,10605,29126,3466,19834,42216,104308,1432,0,4211,4165,12427,18175,8954,52787,-62092,1432,-136409,46,-5748,-16244,-18521,-16368,-43833,1
2022-12-04 11:00:00,84945,225558,3311,20168,10041,27986,3409,19926,48872,105188,1442,0,4194,4168,12504,18199,8674,54149,-56316,1442,-140613,26,-5695,-16857,-17945,-16517,-45475,1
2022-12-04 12:00:00,80857,219288,2333,20227,9347,28049,3095,19698,51048,107320,1332,0,4237,4173,12631,18225,9238,54328,-56272,1332,-138431,64,-5594,-17894,-18702,-16603,-45090,1
2022-12-04 13:00:00,79898,216881,1496,20554,7638,27926,3134,19854,50464,105636,1302,0,4514,4214,12666,18410,9710,54412,-55172,1302,-136983,300,-5744,-19058,-20288,-16720,-44702,1
2022-12-04 14:00:00,79488,217963,1057,21187,7409,28922,3280,19991,46120,101360,1236,0,4491,4501,13035,18829,10398,54857,-55240,1236,-138475,-10,-5794,-20130,-21513,-16711,-44459,1
2022-12-04 15:00:00,87169,225203,974,22016,8671,31151,3379,19785,37616,99960,1431,0,4345,4746,13091,18936,10956,57084,-62344,1431,-138034,-401,-5845,-21042,-22480,-16406,-46128,1
2022-12-04 16:00:00,91666,231680,976,21782,9585,31993,3501,20174,30524,103632,1788,0,4422,4572,12890,18671,10536,58900,-73108,1788,-140014,-150,-5781,-20806,-22408,-16673,-48364,1
2022-12-04 17:00:00,88317,230442,976,21834,8580,32299,3640,20261,35968,110568,1879,0,4251,4279,12690,18184,10325,57501,-74600,1879,-142125,-28,-5494,-20858,-23719,-16621,-47176,1
2022-12-04 18:00:00,88075,223178,1029,21612,8199,31443,3411,19778,38268,114132,1820,0,4281,4062,12686,17821,10645,55899,-75864,1820,-135103,219,-5135,-20583,-23244,-16367,-45254,1
2022-12-04 19:00:00,89419,213612,997,20894,5838,29702,3420,19004,39876,116888,1626,0,4379,3837,12636,17194,10219,53880,-77012,1626,-124193,542,-4558,-19897,-23864,-15584,-43661,1
2022-12-04 20:00:00,86897,210175,916,19856,5743,27543,3484,18313,38708,114184,1846,0,4456,3640,12302,16548,9974,51512,-75476,1846,-123278,816,-4246,-18940,-21800,-14829,-41538,1
2022-12-04 21:00:00,88461,205207,945,18830,4737,24879,3452,17214,33600,106204,1714,0,4647,3579,11839,16059,9929,48569,-72604,1714,-116746,1068,-4220,-17885,-20142,-13762,-38640,1
2022-12-04 22:00:00,95028,194791,991,17669,4908,22779,3392,16340,31072,97208,1356,0,4599,3554,10987,15581,9666,45562,-66136,1356,-99763,1045,-4594,-16678,-17871,-12948,-35896,1
2022-12-04 23:00:00,103136,185932,1096,16685,4270,21571,3454,15954,26868,90364,1411,0,4614,3504,10636,15284,9453,43142,-63496,1411,-82796,1110,-4648,-15589,-17301,-12500,-33689,1
2022-12-05 00:00:00,100197,180108,1164,16116,4219,20988,3478,15691,25824,84728,1478,0,4602,3422,10392,15088,10123,41637,-58904,1478,-79911,1180,-4696,-14952,-16769,-12213,-31514,1
2022-12-05 01:00:00,99179,180269,1206,15721,5431,20734,3478,15827,28584,81744,1294,0,4544,3370,10386,14970,10334,41134,-53160,1294,-81090,1174,-4584,-14515,-15303,-12349,-30800,1
2022-12-05 02:00:00,96900,182687,1081,15717,4627,21119,3361,16204,32476,80992,1181,0,4523,3458,10679,15303,10051,41040,-48516,1181,-85787,1065,-4624,-14636,-16492,-12843,-30989,1
2022-12-05 03:00:00,93757,190402,1189,16700,4897,23575,3289,17550,34228,81772,1182,0,3889,3728,11688,16150,9771,41344,-47544,1182,-96645,161,-4462,-15511,-18678,-14261,-31573,1
2022-12-05 04:00:00,83834,208017,1131,18977,5665,29873,3058,20834,35816,86600,1191,0,3694,4265,12829,17735,10453,44330,-50784,1191,-124183,-571,-4906,-17846,-24208,-17776,-33877,1
2022-12-05 05:00:00,76583,243341,1172,22306,7556,35874,2847,23133,35704,98952,1128,0,4064,4839,14056,19429,10656,50108,-63248,1128,-166758,-775,-5373,-21134,-28318,-20286,-39452,1
2022-12-05 06:00:00,76846,265105,1267,23331,10235,40113,2885,24373,36752,113240,1104,0,3675,5096,14269,19710,10404,56851,-76488,1104,-188259,-1421,-5441,-22064,-29878,-21488,-46447,1
2022-12-05 07:00:00,82018,273544,1646,23760,10899,41216,2856,24899,40904,121044,1128,0,3731,5094,14341,19773,10486,61673,-80140,1128,-191526,-1363,-5432,-22114,-30317,-22043,-51187,1
2022-12-05 08:00:00,80105,277409,2269,23721,11054,40593,2873,24819,47564,125460,1178,0,3756,5122,14378,20004,9180,63227,-77896,1178,-197304,-1366,-5626,-21452,-29539,-21946,-54047,1
2022-12-05 09:00:00,77981,279559,2458,23828,10898,40108,2774,25164,50256,126132,592,0,3701,5046,14543,20348,8779,63150,-75876,592,-201578,-1345,-5805,-21370,-29210,-22390,-54371,1
2022-12-05 10:00:00,79643,281160,2496,23925,11268,38506,2684,25396,52432,126196,684,0,3538,4918,14533,20392,8100,62842,-73764,684,-201517,-1380,-5859,-21429,-27238,-22712,-54742,1
2022-12-05 11:00:00,74117,279578,2269,24093,11133,39006,2217,25402,52804,126808,1380,0,3405,4939,14460,20209,7155,62197,-74004,1380,-205461,-1534,-5749,-21824,-27873,-23185,-55042,1
2022-12-05 12:00:00,72918,274733,1849,23912,9875,39811,1749,25087,53232,127716,1472,0,3232,4874,14448,20392,7034,62357,-74484,1472,-201815,-1642,-5944,-22063,-29936,-23338,-55323,1
2022-12-05 13:00:00,70993,270247,1378,24038,8277,40238,1635,25195,52216,126080,1474,0,3160,4810,14516,20648,6884,62177,-73864,1474,-199254,-1650,-6132,-22660,-31961,-23560,-55293,1
2022-12-05 14:00:00,72742,269149,1033,24435,7747,40982,1895,25674,50828,123408,1252,0,2997,4918,14416,20887,6482,62682,-72580,1252,-196407,-1921,-6471,-23402,-33235,-23779,-56200,1
2022-12-05 15:00:00,78299,272468,1035,24894,8538,41650,1783,25432,50060,123028,1246,0,2727,5096,14358,21239,6662,64656,-72968,1246,-194169,-2369,-6881,-23859,-33112,-23649,-57994,1
2022-12-05 16:00:00,82244,274246,915,24303,8830,40702,1355,25052,49832,125664,1210,0,2338,4857,14211,20601,6916,65673,-75832,1210,-192002,-2519,-6390,-23388,-31872,-23697,-58757,1
2022-12-05 17:00:00,77740,269979,868,24101,8311,40051,1264,24917,51500,127976,1180,0,2036,4542,14100,19979,6682,62719,-76476,1180,-192239,-2506,-5879,-23233,-31740,-23653,-56037,1
2022-12-05 18:00:00,65929,261632,833,23783,8118,38278,1143,24337,52536,128760,1127,0,1927,4243,14133,19560,6794,60075,-76224,1127,-195703,-2316,-5427,-22950,-30160,-23194,-53281,1
2022-12-05 19:00:00,58653,247417,793,23157,7437,35663,900,22719,51792,129356,1003,0,1745,3982,13923,18763,6011,57206,-77564,1003,-188764,-2237,-4840,-22364,-28226,-21819,-51195,1
2022-12-05 20:00:00,58254,234581,867,22061,6603,31748,863,21147,49220,123520,902,0,1666,3783,13924,18007,5718,54398,-74300,902,-176327,-2117,-4083,-21194,-25145,-20284,-48680,1
2022-12-05 21:00:00,58400,221449,1041,21038,6779,28713,824,19686,43396,112868,702,0,1748,3639,13766,17435,5538,50607,-69472,702,-163049,-1891,-3669,-19997,-21934,-18862,-45069,1
2022-12-05 22:00:00,62229,206888,1086,19777,6930,26614,794,18564,37028,102808,528,0,1849,3420,11109,16580,4825,47356,-65780,528,-144659,-1571,-5471,-18691,-19684,-17770,-42531,1
2022-12-05 23:00:00,75312,198676,952,18573,6655,25155,741,18004,31684,96292,490,0,1711,3450,10834,16376,4490,44342,-64608,490,-123364,-1739,-5542,-17621,-18500,-17263,-39852,1
2022-12-06 00:00:00,74075,191416,969,17773,6480,24396,735,17724,28684,90224,370,0,1567,3386,10926,16485,4913,42632,-61540,370,-117341,-1819,-5559,-16804,-17916,-16989,-37719,1
2022-12-06 01:00:00,70739,187936,893,17257,6377,24219,704,17793,26036,86488,272,0,1534,3305,11031,16612,4690,41915,-60452,272,-117197,-1771,-5581,-16364,-17842,-17089,-37225,1
2022-12-06 02:00:00,68736,189176,847,17222,6563,24647,699,18140,26792,84252,327,0,1526,3323,11140,16674,4964,41530,-57460,327,-120440,-1797,-5534,-16375,-18084,-17441,-36566,1
2022-12-06 03:00:00,60867,196007,911,18023,6230,26282,672,19143,25976,84112,305,0,1513,3526,11501,17314,3952,41828,-58136,305,-135140,-2013,-5813,-17112,-20052,-18471,-37876,1
2022-12-06 04:00:00,51087,211514,866,19877,6125,31788,750,21951,24504,85012,324,0,1574,4050,12034,18794,3851,44124,-60508,324,-160427,-2476,-6760,-19011,-25663,-21201,-40273,1
2022-12-06 05:00:00,46195,239734,815,22838,7012,37249,819,23971,23248,89508,372,0,1482,4632,12697,20117,4432,50117,-66260,372,-193539,-3150,-7420,-22023,-30237,-23152,-45685,1
2022-12-06 06:00:00,52095,259691,855,23662,9779,40851,860,24944,24932,94200,417,0,1545,4832,13037,20153,3254,57747,-69268,417,-207596,-3287,-7116,-22807,-31072,-24084,-54493,1
2022-12-06 07:00:00,51863,268462,1181,24038,11533,41875,1105,25306,24740,97828,274,0,1536,4856,13315,20201,3298,61202,-73088,274,-216599,-3320,-6886,-22857,-30342,-24201,-57904,1
2022-12-06 08:00:00,53782,271612,1651,23860,10721,40713,1350,25249,26308,105104,310,0,1543,4872,13269,20171,1989,59405,-78796,310,-217830,-3329,-6902,-22209,-29992,-23899,-57416,1
2022-12-06 09:00:00,57023,274328,2406,23561,11238,40242,1496,25553,30128,109628,317,0,1550,4767,13195,20249,1614,55145,-79500,317,-217305,-3217,-7054,-21155,-29004,-24057,-53531,1
2022-12-06 10:00:00,55320,276058,2896,23371,10507,37945,1223,25758,35124,111340,271,0,1535,4665,13095,20036,1679,52946,-76216,271,-220738,-3130,-6941,-20475,-27438,-24535,-51267,1
2022-12-06 11:00:00,53175,273567,3176,23509,9937,37900,1301,25876,39040,111904,218,0,1415,4690,12925,20015,2123,52743,-72864,218,-220392,-3275,-7090,-20333,-27963,-24575,-50620,1
2022-12-06 12:00:00,52089,269240,2822,23352,8685,39326,1294,25371,37376,114228,245,0,1387,4637,12857,19995,2585,54523,-76852,245,-217151,-3250,-7138,-20530,-30641,-24077,-51938,1
2022-12-06 13:00:00,53682,266392,1993,23704,8024,40201,1295,25391,37732,111804,329,0,1448,4609,13177,20394,3395,57014,-74072,329,-212710,-3161,-7217,-21711,-32177,-24096,-53619,1
2022-12-06 14:00:00,58417,265898,1087,24295,7474,41499,1196,25765,33844,107448,261,0,1358,4799,13386,20783,4214,60181,-73604,261,-207481,-3441,-7397,-23208,-34025,-24569,-55967,1
2022-12-06 15:00:00,70125,270745,940,25033,8935,42493,1071,25505,30716,105068,267,0,1636,4990,13455,21145,6613,63786,-74352,267,-200620,-3354,-7690,-24093,-33558,-24434,-57173,1
2022-12-06 16:00:00,76775,272974,869,24634,8053,41489,1121,25032,26416,106912,250,0,1599,4767,13287,20625,7358,65559,-80496,250,-196199,-3168,-7338,-23765,-33436,-23911,-58201,1
2022-12-06 17:00:00,72118,269193,882,24537,7626,40926,1247,24851,29028,111268,231,0,1619,4500,13205,20322,7415,62703,-82240,231,-197075,-2881,-7117,-23655,-33300,-23604,-55288,1
2022-12-06 18:00:00,73752,263160,877,24313,5968,38739,1321,24240,29612,116548,216,0,1562,4309,12978,19714,7591,60696,-86936,216,-189408,-2747,-6736,-23436,-32771,-22919,-53105,1
2022-12-06 19:00:00,77573,249141,931,23648,4707,35940,1400,22726,27352,118436,198,0,1444,4126,12790,18989,7825,57902,-91084,198,-171568,-2682,-6199,-22717,-31233,-21326,-50077,1
2022-12-06 20:00:00,82422,235644,979,22586,4287,32539,1408,21185,29840,115204,215,0,1309,3908,12584,18247,7760,54568,-85364,215,-153222,-2599,-5663,-21607,-28252,-19777,-46808,1
2022-12-06 21:00:00,85141,222849,910,21569,4113,29514,1495,19725,25412,107024,197,0,1344,3722,12214,17740,7811,50345,-81612,197,-137708,-2378,-5526,-20659,-25401,-18230,-42534,1
2022-12-06 22:00:00,91882,207479,873,20317,3702,26675,1662,18683,22984,97792,239,0,1561,3585,11570,17438,8098,47306,-74808,239,-115597,-2024,-5868,-19444,-22973,-17021,-39208,1
2022-12-06 23:00:00,102380,195244,827,19111,3610,25153,1799,18144,21648,91032,272,0,1803,3536,10782,16951,8988,44802,-69384,272,-92864,-1733,-6169,-18284,-21543,-16345,-35814,1
2022-12-07 00:00:00,116805,191029,771,18299,3543,24533,1998,17799,24488,86072,271,0,2007,3566,10568,16763,8814,42710,-61584,271,-74224,-1559,-6195,-17528,-20990,-15801,-33896,1
2022-12-07 01:00:00,121733,189694,786,17790,3498,24332,2296,17850,22012,83048,339,0,2249,3559,10458,16770,9318,41941,-61036,339,-67961,-1310,-6312,-17004,-20834,-15554,-32623,1
2022-12-07 02:00:00,122685,190680,806,17737,3707,24620,2309,18073,21704,81860,275,0,2454,3544,10419,16863,9352,41627,-60156,275,-67995,-1090,-6444,-16931,-20913,-15764,-32275,1
2022-12-07 03:00:00,123433,198281,797,18466,3478,26354,2510,19072,21720,82388,176,0,2608,3746,10903,17699,9506,42163,-60668,176,-74848,-1138,-6796,-17669,-22876,-16562,-32657,1
2022-12-07 04:00:00,118083,214624,808,20387,4264,31819,2754,21787,21980,86584,172,0,2888,4323,11439,19285,9306,44635,-64604,172,-96541,-1435,-7846,-19579,-27555,-19033,-35329,1
2022-12-07 05:00:00,114062,245627,767,23331,6063,37099,2853,23810,20572,98304,151,0,3008,4848,12335,21152,9367,50223,-77732,151,-131565,-1840,-8817,-22564,-31036,-20957,-40856,1
2022-12-07 06:00:00,111723,266704,898,24204,8368,40557,3172,24804,21160,112908,184,0,3008,4697,12407,21531,8729,57558,-91748,184,-154981,-1689,-9124,-23306,-32189,-21632,-48829,1
2022-12-07 07:00:00,115372,274194,1588,24204,10253,41289,3452,25221,21620,119412,183,0,3100,4597,12137,21418,8124,60730,-97792,183,-158822,-1497,-9281,-22616,-31036,-21769,-52606,1
2022-12-07 08:00:00,119452,276477,2546,23756,10215,40298,3845,25179,27232,122768,153,0,2949,4723,11872,21327,6864,59164,-95536,153,-157025,-1774,-9455,-21210,-30083,-21334,-52300,1
2022-12-07 09:00:00,121772,277474,3297,23377,9677,39446,4301,25459,32244,123148,71,0,2753,4735,11837,21317,7092,56002,-90904,71,-155702,-1982,-9480,-20080,-29769,-21158,-48910,1
2022-12-07 10:00:00,121475,278799,3647,23303,9480,37381,4448,25427,36796,122448,49,0,2508,4628,11741,21055,6101,54138,-85652,49,-157324,-2120,-9314,-19656,-27901,-20979,-48037,1
2022-12-07 11:00:00,117241,278742,3708,23353,8753,37660,4281,25419,37852,121964,59,0,2448,4647,11639,20738,6936,54096,-84112,59,-161501,-2199,-9099,-19645,-28907,-21138,-47160,1
2022-12-07 12:00:00,111046,273745,2909,23315,8573,39044,4184,25023,37220,122980,101,0,2356,4668,12019,20871,6106,55774,-85760,101,-162699,-2312,-8852,-20406,-30471,-20839,-49668,1
2022-12-07 13:00:00,100720,271304,1642,23992,7964,39817,4201,24955,37092,121840,51,0,2171,4698,12433,21349,6823,57683,-84748,51,-170584,-2527,-8916,-22350,-31853,-20754,-50860,1
2022-12-07 14:00:00,97955,270508,940,24710,6796,40887,4749,25343,32152,120052,86,0,2039,4944,12736,21668,6853,60590,-87900,86,-172553,-2905,-8932,-23770,-34091,-20594,-53737,1
2022-12-07 15:00:00,101872,276519,830,25512,8397,41959,5119,25291,32464,119488,311,0,1898,5154,12828,21980,6407,64326,-87024,311,-174647,-3256,-9152,-24682,-33562,-20172,-57919,1
2022-12-07 16:00:00,97826,279531,816,25142,7845,40942,5326,24923,29316,122892,364,0,1570,4969,12653,21541,6455,66191,-93576,364,-181705,-3399,-8888,-24326,-33097,-19597,-59736,1
2022-12-07 17:00:00,91495,274916,831,25035,6909,40008,4858,24621,30504,125608,355,0,1442,4671,12675,20985,6855,63902,-95104,355,-183421,-3229,-8310,-24204,-33099,-19763,-57047,1
2022-12-07 18:00:00,83790,267286,864,24660,5600,37869,4821,24045,32332,125616,438,0,1279,4411,12427,20564,7960,61329,-93284,438,-183496,-3132,-8137,-23796,-32269,-19224,-53369,1
2022-12-07 19:00:00,81520,251574,839,23923,4632,34984,4746,22625,34272,125800,409,0,1191,4254,11629,20119,8537,58566,-91528,409,-170054,-3063,-8490,-23084,-30352,-17879,-50029,1
2022-12-07 20:00:00,78740,236127,803,22834,4319,31649,4617,21130,34468,120212,497,0,1194,4047,11310,19553,8099,55335,-85744,497,-157387,-2853,-8243,-22031,-27330,-16513,-47236,1
2022-12-07 21:00:00,85026,222763,800,21835,4156,28680,4516,19837,35988,109908,298,0,1161,3906,10965,19016,7920,51536,-73920,298,-137737,-2745,-8051,-21035,-24524,-15321,-43616,1
2022-12-07 22:00:00,95852,209804,763,20643,4619,26261,4258,18642,34572,100696,299,0,1186,3777,10119,18241,8755,48159,-66124,299,-113952,-2591,-8122,-19880,-21642,-14384,-39404,1
2022-12-07 23:00:00,101106,200708,684,19402,4313,24729,4105,18190,38244,96120,219,0,1181,3721,9862,17722,7954,44679,-57876,219,-99602,-2540,-7860,-18718,-20416,-14085,-36725,1
2022-12-08 00:00:00,103550,193937,668,18577,4796,23714,3897,17952,40284,89016,168,0,1211,3712,9806,17654,8600,43227,-48732,168,-90387,-2501,-7848,-17909,-18918,-14055,-34627,1
2022-12-08 01:00:00,96364,191321,676,18038,4954,23026,3545,17882,41652,84876,205,0,1213,3668,9936,17629,9480,42476,-43224,205,-94957,-2455,-7693,-17362,-18072,-14337,-32996,1
2022-12-08 02:00:00,100251,194356,675,18026,5146,22691,3293,18288,46280,83196,164,0,1216,3630,10129,18108,9119,42100,-36916,164,-94105,-2414,-7979,-17351,-17545,-14995,-32981,1
2022-12-08 03:00:00,104211,200400,675,18796,4979,22958,2918,19202,48296,82400,198,0,1262,3832,10555,18809,8407,42376,-34104,198,-96189,-2570,-8254,-18121,-17979,-16284,-33969,1
2022-12-08 04:00:00,96568,215744,675,20620,5213,24019,2717,21914,48468,82416,221,0,1352,4397,11819,20814,7826,44641,-33948,221,-119176,-3045,-8995,-19945,-18806,-19197,-36815,1
2022-12-08 05:00:00,82548,245126,692,23537,7091,25715,2786,23922,49272,85364,135,0,1461,4943,12761,22370,6380,50283,-36092,135,-162578,-3482,-9609,-22845,-18624,-21136,-43903,1
2022-12-08 06:00:00,79500,265503,927,24393,9961,27645,2835,24586,50732,89328,156,0,1450,5147,12708,22264,6013,58171,-38596,156,-186003,-3697,-9556,-23466,-17684,-21751,-52158,1
2022-12-08 07:00:00,79946,268778,1525,24527,10940,29236,3493,24877,52420,92772,358,0,1494,5067,12782,22006,4997,61855,-40352,358,-188832,-3573,-9224,-23002,-18296,-21384,-56858,1
2022-12-08 08:00:00,79743,271027,2013,24381,10783,28763,3885,24684,54764,100252,390,0,1629,5004,12974,21807,3901,62309,-45488,390,-191284,-3375,-8833,-22368,-17980,-20799,-58408,1
2022-12-08 09:00:00,79835,273362,2359,24413,10881,28575,3567,24735,55448,106112,284,0,1826,4782,12989,21609,4539,60567,-50664,284,-193527,-2956,-8620,-22054,-17694,-21168,-56028,1
2022-12-08 10:00:00,80285,275810,2415,24475,10936,28766,3537,25060,60724,108728,332,0,1917,4654,13076,21409,4499,59892,-48004,332,-195525,-2737,-8333,-22060,-17830,-21523,-55393,1
2022-12-08 11:00:00,71818,274376,2150,24605,10735,28118,3234,25347,61512,110564,359,0,2067,4641,13110,21108,4934,58886,-49052,359,-202558,-2574,-7998,-22455,-17383,-22113,-53952,1
2022-12-08 12:00:00,63513,269230,1634,24661,10037,27741,2901,25024,62376,113896,362,0,2280,4629,13228,21269,5182,58339,-51520,362,-205717,-2349,-8041,-23027,-17704,-22123,-53157,1
2022-12-08 13:00:00,56908,267138,1039,24998,8077,27923,2640,25065,58976,111364,295,0,2527,4636,13365,21653,4953,59622,-52388,295,-210230,-2109,-8288,-23959,-19846,-22425,-54669,1
2022-12-08 14:00:00,53770,267117,729,25342,8217,29284,3088,25565,54944,106800,273,0,2895,4797,13499,21822,5065,62281,-51856,273,-213347,-1902,-8323,-24613,-21067,-22477,-57216,1
2022-12-08 15:00:00,57145,271745,745,25714,9409,31634,2923,25268,49288,104012,392,0,3241,5009,13454,21775,5555,65717,-54724,392,-214600,-1768,-8321,-24969,-22225,-22345,-60162,1
2022-12-08 16:00:00,66194,275900,728,25181,9550,32215,3065,24867,45780,106748,400,0,3103,4772,13546,21293,4038,67649,-60968,400,-209706,-1669,-7747,-24453,-22665,-21802,-63611,1
2022-12-08 17:00:00,65610,271995,742,24957,9079,32611,2990,24692,45968,111240,293,0,2883,4538,13510,20786,2969,64885,-65272,293,-206385,-1655,-7276,-24215,-23532,-21702,-61916,1
2022-12-08 18:00:00,57364,264252,776,24511,8022,31395,2695,24147,49380,112800,212,0,2669,4268,13465,20186,2926,62587,-63420,212,-206888,-1599,-6721,-23735,-23373,-21452,-59661,1
2022-12-08 19:00:00,42928,251030,765,23745,7168,29736,2514,22765,53212,115028,121,0,2569,4103,13254,19415,2674,59734,-61816,121,-208102,-1534,-6161,-22980,-22568,-20251,-57060,1
2022-12-08 20:00:00,36755,238078,731,22646,6592,27576,2129,21242,54664,112400,80,0,2571,3950,12991,18433,2329,56711,-57736,80,-201323,-1379,-5442,-21915,-20984,-19113,-54382,1
2022-12-08 21:00:00,38391,225823,702,21666,6638,25122,1699,19908,52268,105336,35,0,2415,3844,12796,17808,2405,52801,-53068,35,-187432,-1429,-5012,-20964,-18484,-18209,-50396,1
2022-12-08 22:00:00,49340,214001,691,20432,6625,22904,1452,18761,50800,96508,94,0,2259,3645,12776,17780,2344,49520,-45708,94,-164661,-1386,-5004,-19741,-16279,-17309,-47176,1
2022-12-08 23:00:00,61524,202831,615,19107,7089,21475,1187,18286,50952,89632,308,0,2010,3617,12340,17481,2257,46734,-38680,308,-141307,-1607,-5141,-18492,-14386,-17099,-44477,1
2022-12-09 00:00:00,64947,195866,608,18272,7733,20847,981,18172,51144,84168,295,0,1738,3601,12002,17286,2348,44993,-33024,295,-130919,-1863,-5284,-17664,-13114,-17191,-42645,1
2022-12-09 01:00:00,67883,193577,613,17765,8410,20558,841,18302,47760,80880,290,0,1596,3543,11966,17386,2488,43911,-33120,290,-125694,-1947,-5420,-17152,-12148,-17461,-41423,1
2022-12-09 02:00:00,67748,195091,631,17715,9176,20742,704,18601,46924,79216,278,0,1485,3544,11853,17348,2312,43671,-32292,278,-127343,-2059,-5495,-17084,-11566,-17897,-41359,1
2022-12-09 03:00:00,66158,202027,623,18472,8041,22230,640,19537,49172,79952,256,0,1469,3728,12567,18084,2200,43945,-30780,256,-135869,-2259,-5517,-17849,-14189,-18897,-41745,1
2022-12-09 04:00:00,61727,218317,641,20247,8349,26664,842,22302,48760,83324,354,0,1513,4224,13342,19565,1659,45813,-34564,354,-156590,-2711,-6223,-19606,-18315,-21460,-44154,1
2022-12-09 05:00:00,50983,244756,650,23109,9925,30931,1073,24300,46708,93384,359,0,1703,4730,13761,20908,1670,51372,-46676,359,-193773,-3027,-7147,-22459,-21006,-23227,-49702,1
2022-12-09 06:00:00,60215,264352,771,24199,11700,34295,1154,25156,42160,105068,462,0,1720,4920,13772,21106,1786,58344,-62908,462,-204137,-3200,-7334,-23428,-22595,-24002,-56558,1
2022-12-09 07:00:00,65335,272827,1079,24759,12731,36141,1473,25305,44380,111604,454,0,1863,4959,13791,21016,1574,62549,-67224,454,-207492,-3096,-7225,-23680,-23410,-23832,-60975,1
2022-12-09 08:00:00,68584,274471,1321,24959,13097,36686,1619,24936,47236,115952,500,0,1774,4998,13878,20959,1629,62574,-68716,500,-205887,-3224,-7081,-23638,-23589,-23317,-60945,1
2022-12-09 09:00:00,66959,275954,1537,25238,13054,36686,1782,25176,51328,118020,493,0,1719,4890,13741,20835,1540,59820,-66692,493,-208995,-3171,-7094,-23701,-23632,-23394,-58280,1
2022-12-09 10:00:00,67116,274978,1547,25377,13276,36092,1839,25343,52876,118488,595,0,1656,4741,13672,20813,1569,57882,-65612,595,-207862,-3085,-7141,-23830,-22816,-23504,-56313,1
2022-12-09 11:00:00,65176,272874,1276,25349,13082,35623,1574,25447,54476,118964,667,0,1589,4643,13689,20779,1612,57595,-64488,667,-207698,-3054,-7090,-24073,-22541,-23873,-55983,1
2022-12-09 12:00:00,58551,268141,994,24995,12586,35635,1064,25154,54824,120460,504,0,1683,4532,13734,20614,2682,59005,-65636,504,-209590,-2849,-6880,-24001,-23049,-24090,-56323,1
2022-12-09 13:00:00,52611,262413,1017,24989,12493,35630,1147,25353,52944,118968,422,0,1550,4531,13863,20735,1471,60012,-66024,422,-209802,-2981,-6872,-23972,-23137,-24206,-58541,1
2022-12-09 14:00:00,49490,261548,838,25264,11916,36496,1704,26012,48836,115948,327,0,1572,4693,14083,21121,993,61910,-67112,327,-212058,-3121,-7038,-24426,-24580,-24308,-60917,1
2022-12-09 15:00:00,59979,266565,699,25496,12465,37733,1747,25711,46244,114804,357,0,1702,4807,14020,20864,1213,65421,-68560,357,-206586,-3105,-6844,-24797,-25268,-23964,-64208,1
2022-12-09 16:00:00,72306,267457,776,24670,12544,37528,1473,25302,47632,117492,432,0,1701,4621,13972,20074,1694,67186,-69860,432,-195151,-2920,-6102,-23894,-24984,-23829,-65492,1
2022-12-09 17:00:00,64151,262030,766,24223,12761,37238,1311,25137,50904,120268,549,0,1908,4320,13982,19680,2371,63870,-69364,549,-197879,-2412,-5698,-23457,-24477,-23826,-61499,1
2022-12-09 18:00:00,55877,254404,679,23834,11269,35072,1040,24256,53752,121844,510,0,2001,4020,13813,19168,2740,60942,-68092,510,-198527,-2019,-5355,-23155,-23803,-23216,-58202,1
2022-12-09 19:00:00,49589,240304,612,23016,9884,32612,985,22745,56504,121756,543,0,2033,3855,13089,18563,2809,57235,-65252,543,-190715,-1822,-5474,-22404,-22728,-21760,-54426,1
2022-12-09 20:00:00,47090,228585,597,22019,9245,29724,1027,21346,55304,116108,400,0,1977,3728,12934,18063,3658,54227,-60804,400,-181495,-1751,-5129,-21422,-20479,-20319,-50569,1
2022-12-09 21:00:00,48314,216289,672,21182,8493,26784,1027,20071,56796,106552,334,0,1837,3599,12763,17558,3873,51580,-49756,334,-167975,-1762,-4795,-20510,-18291,-19044,-47707,1
2022-12-09 22:00:00,53614,204870,751,19945,8107,24604,904,18927,65504,99060,265,0,2004,3511,12495,16929,3036,49704,-33556,265,-151256,-1507,-4434,-19194,-16497,-18023,-46668,1
2022-12-09 23:00:00,60358,196092,864,18612,8103,23316,870,18209,73200,93736,279,0,1826,3415,12497,16912,2794,47032,-20536,279,-135734,-1589,-4415,-17748,-15213,-17339,-44238,1
2022-12-10 00:00:00,62249,190012,860,17703,7958,22258,897,17737,77820,88272,262,0,1901,3373,12457,17094,2528,44742,-10452,262,-127763,-1472,-4637,-16843,-14300,-16840,-42214,1
2022-12-10 01:00:00,65618,186603,842,17031,8156,21919,941,17701,78184,83692,263,0,2059,3304,12274,16885,2090,43627,-5508,263,-120985,-1245,-4611,-16189,-13763,-16760,-41537,1
2022-12-10 02:00:00,65867,184198,899,16737,8002,22078,951,17773,74884,81460,191,0,2132,3296,12237,16789,1936,43287,-6576,191,-118331,-1164,-4552,-15838,-14076,-16822,-41351,1
2022-12-10 03:00:00,64102,184209,850,16965,7629,23040,947,17884,73444,80440,210,0,2156,3313,12375,16942,2173,43212,-6996,210,-120107,-1157,-4567,-16115,-15411,-16937,-41039,1
2022-12-10 04:00:00,62719,184171,847,17516,7802,25558,976,18794,70336,81264,200,0,2197,3420,12720,17478,2189,43787,-10928,200,-121452,-1223,-4758,-16669,-17756,-17818,-41598,1
2022-12-10 05:00:00,55139,188214,892,18801,8193,28168,983,19745,65916,84680,217,0,2229,3644,12753,18109,1860,45605,-18764,217,-133075,-1415,-5356,-17909,-19975,-18762,-43745,1
2022-12-10 06:00:00,45412,200819,894,19883,9165,30513,1013,21051,59592,89428,190,0,2200,3879,12810,18365,1901,49260,-29836,190,-155407,-1679,-5555,-18989,-21348,-20038,-47359,1
2022-12-10 07:00:00,43345,216273,1091,20901,10041,32137,1133,22278,57304,94084,161,0,2139,4036,12940,18739,1921,53248,-36780,161,-172928,-1897,-5799,-19810,-22096,-21145,-51327,1
2022-12-10 08:00:00,46215,227079,1205,21654,10065,32537,1596,22768,63932,101832,157,0,2128,4106,13105,19307,2103,55715,-37900,157,-180864,-1978,-6202,-20449,-22472,-21172,-53612,1
2022-12-10 09:00:00,51270,232749,1270,22308,11074,32547,1689,23023,70996,105548,151,0,2106,4105,13022,19357,2023,56135,-34552,151,-181479,-1999,-6335,-21038,-21473,-21334,-54112,1
2022-12-10 10:00:00,52488,236415,1290,22881,10610,31724,1445,23032,72680,105476,195,0,2042,4080,12912,19255,2208,56197,-32796,195,-183927,-2038,-6343,-21591,-21114,-21587,-53989,1
2022-12-10 11:00:00,50549,233154,1164,22862,9908,30618,1288,22929,78312,106076,112,0,1963,4087,12868,19050,2097,56331,-27764,112,-182605,-2124,-6182,-21698,-20710,-21641,-54234,1
2022-12-10 12:00:00,47015,227493,1159,22344,9720,29934,1067,22506,81884,107012,102,0,1806,4087,12993,19126,1696,56173,-25128,102,-180478,-2281,-6133,-21185,-20214,-21439,-54477,1
2022-12-10 13:00:00,41997,224863,1062,22273,10715,30342,1057,22557,85188,105712,189,0,1765,4161,13185,19714,1787,56528,-20524,189,-182866,-2396,-6529,-21211,-19627,-21500,-54741,1
2022-12-10 14:00:00,39116,226404,1055,22566,11608,31494,1227,22891,78812,103000,217,0,1790,4378,13342,20001,1670,57442,-24188,217,-187288,-2588,-6659,-21511,-19886,-21664,-55772,1
2022-12-10 15:00:00,48123,233374,1047,22912,12006,33399,1258,22552,62036,102588,228,0,1823,4560,13298,19918,1377,59565,-40552,228,-185251,-2737,-6620,-21865,-21393,-21294,-58188,1
2022-12-10 16:00:00,57602,238205,1107,22335,12196,34085,1175,22302,55652,105572,321,0,1718,4437,13299,19719,1253,61054,-49920,321,-180603,-2719,-6420,-21228,-21889,-21127,-59801,1
2022-12-10 17:00:00,56075,237077,1219,22193,12679,34342,1113,22092,54376,110752,362,0,1750,4161,13208,19314,1493,59638,-56376,362,-181002,-2411,-6106,-20974,-21663,-20979,-58145,1
2022-12-10 18:00:00,46104,229483,1397,21916,11645,32489,866,21506,56032,112684,344,0,1710,3961,13023,18932,1298,57362,-56652,344,-183379,-2251,-5909,-20519,-20844,-20640,-56064,1
2022-12-10 19:00:00,43524,216944,1547,21215,11038,30269,865,20279,57468,113932,311,0,1770,3808,12816,18560,1293,55169,-56464,311,-173420,-2038,-5744,-19668,-19231,-19414,-53876,1
2022-12-10 20:00:00,41425,208121,1634,20303,10840,27949,888,19221,52292,110332,337,0,1759,3691,12721,18211,1784,52615,-58040,337,-166696,-1932,-5490,-18669,-17109,-18333,-50831,1
2022-12-10 21:00:00,41129,202353,1681,19444,9812,25596,852,18036,46844,103168,356,0,1740,3573,12556,17969,3140,50087,-56324,356,-161224,-1833,-5413,-17763,-15784,-17184,-46947,1
2022-12-10 22:00:00,44947,192337,1733,18334,8614,23674,855,17119,45324,95676,338,0,1771,3436,12393,17782,3702,47283,-50352,338,-147390,-1665,-5389,-16601,-15060,-16264,-43581,1
2022-12-10 23:00:00,45739,184188,1725,17304,8246,22207,912,16454,44304,89044,366,0,1726,3359,12234,17534,3110,44850,-44740,366,-138449,-1633,-5300,-15579,-13961,-15542,-41740,1
2022-12-11 00:00:00,51822,179445,1709,16642,7996,21248,1020,16096,43556,83784,386,0,1728,3312,12009,17449,2069,42921,-40228,386,-127623,-1584,-5440,-14933,-13252,-15076,-40852,1
2022-12-11 01:00:00,55710,176274,1704,16108,7910,20747,1087,15898,49076,79844,342,0,1688,3332,11889,17296,1312,41777,-30768,342,-120564,-1644,-5407,-14404,-12837,-14811,-40465,1
2022-12-11 02:00:00,60405,174221,1704,15938,7750,20742,1153,15924,50404,78116,410,0,1789,3315,11864,17281,1798,41467,-27712,410,-113816,-1526,-5417,-14234,-12992,-14771,-39669,1
2022-12-11 03:00:00,59906,173582,1521,16085,8104,21187,1200,16118,48940,77892,348,0,1914,3326,11756,17349,1834,41449,-28952,348,-113676,-1412,-5593,-14564,-13083,-14918,-39615,1
2022-12-11 04:00:00,61148,173621,1612,16645,8283,22584,1323,16738,44180,79028,360,0,1889,3424,11961,17938,1669,41571,-34848,360,-112473,-1535,-5977,-15033,-14301,-15415,-39902,1
2022-12-11 05:00:00,55521,174426,1612,17777,8280,23656,1412,17281,34444,81048,284,0,1924,3634,12031,18205,2309,42662,-46604,284,-118905,-1710,-6174,-16165,-15376,-15869,-40353,1
2022-12-11 06:00:00,45945,181560,1638,18905,9713,25435,1460,18298,28924,83576,255,0,1962,3903,12137,18950,2554,45033,-54652,255,-135615,-1941,-6813,-17267,-15722,-16838,-42479,1
2022-12-11 07:00:00,42889,194941,1906,20298,12172,27805,1628,19576,33556,85808,230,0,1903,4049,12276,19534,2906,48077,-52252,230,-152052,-2146,-7258,-18392,-15633,-17948,-45171,1
2022-12-11 08:00:00,46346,208685,2325,21316,14691,28947,2009,20401,40484,93700,247,0,1906,4101,12277,19976,2802,50535,-53216,247,-162339,-2195,-7699,-18991,-14256,-18392,-47733,1
2022-12-11 09:00:00,50477,220940,2773,21921,15018,28447,2071,20710,46720,100536,178,0,1978,4063,12163,20033,2900,51562,-53816,178,-170463,-2085,-7870,-19148,-13429,-18639,-48662,1
2022-12-11 10:00:00,51959,230561,2968,22289,15611,28994,2295,21015,49828,104224,82,0,1775,3976,12275,20072,3005,52052,-54396,82,-178602,-2201,-7797,-19321,-13383,-18720,-49047,1
2022-12-11 11:00:00,51190,228580,2662,21929,14002,27380,2502,21117,49912,106436,0,0,1674,4019,12348,20164,2970,52562,-56524,0,-177390,-2345,-7816,-19267,-13378,-18615,-49592,1
2022-12-11 12:00:00,47991,221361,2320,21557,12717,27160,2146,20836,47688,109604,115,0,1684,4127,12436,20035,2471,52912,-61916,115,-173370,-2443,-7599,-19237,-14443,-18690,-50441,1
2022-12-11 13:00:00,44384,217263,1934,21465,12763,27616,2212,20772,46992,108020,99,0,1661,4190,12704,20623,1935,53319,-61028,99,-172879,-2529,-7919,-19531,-14853,-18560,-51384,1
2022-12-11 14:00:00,41336,218402,1599,21840,13050,29071,2614,21332,43992,103328,63,0,1771,4370,12865,20911,1436,54618,-59336,63,-177066,-2599,-8046,-20241,-16021,-18718,-53182,1
2022-12-11 15:00:00,46255,225637,1535,22636,13079,31542,2848,21322,42852,100992,28,0,1987,4625,13044,21115,1436,57504,-58140,28,-179382,-2638,-8071,-21101,-18463,-18474,-56068,1
2022-12-11 16:00:00,56803,233399,1494,22432,13242,32431,2799,21247,41804,103896,12,0,2082,4557,13173,20905,1801,60236,-62092,12,-176596,-2475,-7732,-20938,-19189,-18448,-58435,1
2022-12-11 17:00:00,55661,232902,1430,22432,12668,32897,2796,21148,45136,109408,10,0,2277,4273,13160,20582,2006,58808,-64272,10,-177241,-1996,-7422,-21002,-20229,-18352,-56802,1
2022-12-11 18:00:00,52046,227825,1405,22272,11404,31790,2391,20645,48368,112504,26,0,2131,4077,13174,20132,2312,57023,-64136,26,-175779,-1946,-6958,-20867,-20386,-18254,-54711,1
2022-12-11 19:00:00,44697,220378,1312,21620,10115,30178,2451,19722,51060,115440,43,0,2155,3908,13189,19755,2528,55044,-64380,43,-175681,-1753,-6566,-20308,-20063,-17271,-52516,1
2022-12-11 20:00:00,43561,215720,1175,20662,8459,27963,2585,18881,52856,112404,76,0,2111,3779,13251,19216,2227,52652,-59548,76,-172159,-1668,-5965,-19487,-19504,-16296,-50425,1
2022-12-11 21:00:00,46810,210817,1068,19715,7238,25393,2584,17850,52716,104004,112,0,2075,3666,13193,18798,1845,49724,-51288,112,-164007,-1591,-5605,-18647,-18155,-15266,-47879,1
2022-12-11 22:00:00,53517,199788,879,18534,6455,23572,2864,17057,54504,94436,162,0,1958,3616,12771,18696,1511,46445,-39932,162,-146271,-1658,-5925,-17655,-17117,-14193,-44934,1
2022-12-11 23:00:00,56696,188950,775,17655,6240,22341,2688,16638,56480,87620,251,0,1985,3549,12753,18874,1429,44508,-31140,251,-132254,-1564,-6121,-16880,-16101,-13950,-43079,1
2022-12-12 00:00:00,66471,186715,783,17082,5784,21677,2912,16423,53132,83208,390,0,2073,3533,12709,18547,1334,43175,-30076,390,-120244,-1460,-5838,-16299,-15893,-13511,-41841,1
2022-12-12 01:00:00,66841,185886,895,16679,5435,21431,3252,16521,56548,80660,471,0,2130,3542,12709,18312,1496,42511,-24112,471,-119045,-1412,-5603,-15784,-15996,-13269,-41015,1
2022-12-12 02:00:00,68655,187605,807,16676,5417,21879,3584,16958,61892,79620,496,0,2082,3571,12768,18113,1582,42463,-17728,496,-118950,-1489,-5345,-15869,-16462,-13374,-40881,1
2022-12-12 03:00:00,68964,194442,879,17575,5364,24499,3900,18176,62808,80676,504,0,2116,3736,13087,18634,1542,43238,-17868,504,-125478,-1620,-5547,-16696,-19135,-14276,-41696,1
2022-12-12 04:00:00,58026,213185,931,19822,6165,30711,4137,21061,62032,86336,440,0,2128,4270,13723,20234,1420,45915,-24304,440,-155159,-2142,-6511,-18891,-24546,-16924,-44495,1
2022-12-12 05:00:00,51766,246692,879,23157,7664,36901,4332,23271,58104,101040,402,0,2213,4813,14565,21937,1403,51659,-42936,402,-194926,-2600,-7372,-22278,-29237,-18939,-50256,1
2022-12-12 06:00:00,57229,266028,872,24327,10651,41960,4441,24527,59224,118216,409,0,2352,5031,14589,22273,1248,59367,-58992,409,-208799,-2679,-7684,-23455,-31309,-20086,-58119,1
2022-12-12 07:00:00,64240,275764,1775,24460,12668,44210,4907,25315,65012,125324,450,0,2290,5051,14677,22326,1151,63748,-60312,450,-211524,-2761,-7649,-22685,-31542,-20408,-62597,1
2022-12-12 08:00:00,64713,277886,3311,23908,11574,42720,5062,25331,73360,129116,264,0,2205,5092,14694,22287,1455,62380,-55756,264,-213173,-2887,-7593,-20597,-31146,-20269,-60925,1
2022-12-12 09:00:00,72236,279115,4753,23501,12303,42140,5490,25675,80472,130672,252,0,2075,5040,14623,21904,1507,57926,-50200,252,-206879,-2965,-7281,-18748,-29837,-20185,-56419,1
2022-12-12 10:00:00,72458,279735,5039,23753,12375,40412,5922,25835,87544,131656,482,0,2136,4952,14656,21617,1638,53923,-44112,482,-207277,-2816,-6961,-18714,-28037,-19913,-52285,1
2022-12-12 11:00:00,67497,278464,4484,24159,11392,40363,6018,26030,97048,132496,486,0,2131,4961,14961,21744,1502,51826,-35448,486,-210967,-2830,-6783,-19675,-28971,-20012,-50324,1
2022-12-12 12:00:00,62520,275074,3219,24259,10534,41540,5734,25408,102840,132484,373,0,2263,4959,15089,21897,1718,53230,-29644,373,-212554,-2696,-6808,-21040,-31006,-19674,-51512,1
2022-12-12 13:00:00,59438,273504,2149,24771,9406,41836,5449,25331,104532,131908,235,0,2341,4922,15155,22211,1524,56349,-27376,235,-214066,-2581,-7056,-22622,-32430,-19882,-54825,1
2022-12-12 14:00:00,58812,272660,1246,25506,8950,42813,5477,25812,103740,130288,168,0,2486,5078,15173,22028,1505,61801,-26548,168,-213848,-2592,-6855,-24260,-33863,-20335,-60296,1
2022-12-12 15:00:00,68370,278480,1191,26296,9902,43788,5655,25528,97252,129128,215,0,2475,5300,15053,22046,1639,67228,-31876,215,-210110,-2825,-6993,-25105,-33886,-19873,-65589,1
2022-12-12 16:00:00,72222,282616,1171,25872,9218,42581,5574,25202,92028,131720,272,0,2421,5037,15101,21699,2251,69937,-39692,272,-210394,-2616,-6598,-24701,-33363,-19628,-67686,1
2022-12-12 17:00:00,65678,278364,1101,25670,7980,41774,5526,24913,94688,134752,310,0,2264,4686,15036,21006,2803,67244,-40064,310,-212686,-2422,-5970,-24569,-33794,-19387,-64441,1
2022-12-12 18:00:00,57125,269831,1146,25258,7069,39621,5454,24202,98544,135904,277,0,2147,4460,15016,20555,2581,64640,-37360,277,-212706,-2313,-5539,-24112,-32552,-18748,-62059,1
2022-12-12 19:00:00,51437,255451,1073,24464,5820,36884,5499,22651,97748,136092,344,0,2166,4246,14831,19982,2441,61605,-38344,344,-204014,-2080,-5151,-23391,-31064,-17152,-59164,1
2022-12-12 20:00:00,51686,245195,1013,23413,5100,33362,5441,21181,96188,128288,385,0,2188,4111,14649,19050,2215,58264,-32100,385,-193509,-1923,-4401,-22400,-28262,-15740,-56049,1
2022-12-12 21:00:00,57535,234719,964,22487,4853,30507,5519,19878,92648,115080,381,0,2248,3956,13991,18288,2226,54481,-22432,381,-177184,-1708,-4297,-21523,-25654,-14359,-52255,1
2022-12-12 22:00:00,62292,222444,906,21285,5110,27777,5449,18727,97512,104604,270,0,2259,3897,13511,17950,2459,51072,-7092,270,-160152,-1638,-4439,-20379,-22667,-13278,-48613,1
2022-12-12 23:00:00,69689,214286,850,20048,5260,26041,5225,18160,93628,98420,147,0,2190,3840,13471,17875,2450,48158,-4792,147,-144597,-1650,-4404,-19198,-20781,-12935,-45708,1
2022-12-13 00:00:00,75038,208696,857,19262,5432,25177,4848,17901,87856,92500,122,0,2124,3834,13338,17706,2405,46214,-4644,122,-133658,-1710,-4368,-18405,-19745,-13053,-43809,1
2022-12-13 01:00:00,78389,205698,770,18698,5667,24983,4728,18009,81920,89056,72,0,1991,3785,13405,17909,2040,45404,-7136,72,-127309,-1794,-4504,-17928,-19316,-13281,-43364,1
2022-12-13 02:00:00,80034,207500,722,18628,5730,25399,4486,18374,79548,88020,52,0,1867,3794,13844,18035,1909,45267,-8472,52,-127466,-1927,-4191,-17906,-19669,-13888,-43358,1
2022-12-13 03:00:00,80114,212604,589,19457,5647,27392,4329,19405,77452,88276,41,0,1801,3985,14172,18868,1607,45651,-10824,41,-132490,-2184,-4696,-18868,-21745,-15076,-44044,1
2022-12-13 04:00:00,69956,228019,570,21453,5819,32699,4243,22175,75316,92428,46,0,1639,4485,14846,20709,1609,47788,-17112,46,-158063,-2846,-5863,-20883,-26880,-17932,-46179,1
2022-12-13 05:00:00,55678,253439,514,24492,7997,39060,4204,24222,70172,105436,51,0,1489,5040,15378,21877,1796,53643,-35264,51,-197761,-3551,-6499,-23978,-31063,-20018,-51847,1
2022-12-13 06:00:00,71259,273356,751,25220,10041,43390,4143,25266,68588,119984,88,0,1416,5163,15407,21972,1812,61196,-51396,88,-202097,-3747,-6565,-24469,-33349,-21123,-59384,1
2022-12-13 07:00:00,82289,281867,2123,24730,10767,45198,4396,25962,67584,125912,97,0,1364,5233,15317,22120,1927,65142,-58328,97,-199578,-3869,-6803,-22607,-34431,-21566,-63215,1
2022-12-13 08:00:00,83314,283076,3947,23812,10546,45102,4641,26065,68892,128240,89,0,1591,5361,15282,22383,2187,63748,-59348,89,-199762,-3770,-7101,-19865,-34556,-21424,-61561,1
2022-12-13 09:00:00,82024,282192,5007,23263,11042,44854,4486,26330,71436,129412,144,0,1598,5313,15116,22340,3011,59291,-57976,144,-200168,-3715,-7224,-18256,-33812,-21844,-56280,1
2022-12-13 10:00:00,83427,279910,4988,23088,10412,42701,4234,26377,71876,130356,176,0,1490,5228,14839,22191,3168,56345,-58480,176,-196483,-3738,-7352,-18100,-32289,-22143,-53177,1
2022-12-13 11:00:00,80510,278162,4583,23339,9465,42288,3649,26465,73780,131656,181,0,1456,5096,14770,22163,2478,55434,-57876,181,-197652,-3640,-7393,-18756,-32823,-22816,-52956,1
2022-12-13 12:00:00,74010,274804,3340,23569,9703,43193,2904,26049,74644,131568,78,0,1483,5087,14767,22075,2156,57423,-56924,78,-200794,-3604,-7308,-20229,-33490,-23145,-55267,1
2022-12-13 13:00:00,69553,272341,1594,24578,10667,43692,2573,26044,71952,129680,202,0,1589,5028,14747,22574,2248,61369,-57728,202,-202788,-3439,-7827,-22984,-33025,-23471,-59121,1
2022-12-13 14:00:00,78955,272615,616,25630,10872,44246,2792,26604,67844,127112,628,0,1903,5210,14692,23032,2748,64996,-59268,628,-193660,-3307,-8340,-25014,-33374,-23812,-62248,1
2022-12-13 15:00:00,88078,279659,589,26628,11777,44470,2793,26275,66272,126232,821,0,2330,5376,14412,22933,3333,68390,-59960,821,-191581,-3046,-8521,-26039,-32693,-23482,-65057,1
2022-12-13 16:00:00,99609,285092,650,26213,10475,43086,2546,25912,66260,128504,997,0,2633,5243,13975,22099,3941,70480,-62244,997,-185483,-2610,-8124,-25563,-32611,-23366,-66539,1
2022-12-13 17:00:00,104582,282813,655,26104,9181,42210,2708,25768,70680,131316,1148,0,3393,4938,13880,21580,5359,67556,-60636,1148,-178231,-1545,-7700,-25449,-33029,-23060,-62197,1
2022-12-13 18:00:00,100029,274731,666,25755,7748,40127,2569,25203,77664,133324,1197,0,3665,4682,13703,20936,5501,65014,-55660,1197,-174702,-1017,-7233,-25089,-32379,-22634,-59513,1
2022-12-13 19:00:00,102426,260119,706,24901,6582,37268,2315,23740,81236,133748,1331,0,3664,4441,13050,20277,5437,61777,-52512,1331,-157693,-777,-7227,-24195,-30686,-21425,-56340,1
2022-12-13 20:00:00,104311,249941,745,23848,6156,33395,2242,22224,80460,125896,1317,0,4012,4214,12745,19469,5287,58385,-45436,1317,-145630,-202,-6724,-23103,-27239,-19982,-53098,1
2022-12-13 21:00:00,109055,237740,786,22847,5982,30361,2238,20859,77732,114700,1312,0,4145,4027,12296,18475,4742,54427,-36968,1312,-128685,118,-6179,-22061,-24379,-18621,-49685,1
2022-12-13 22:00:00,117754,227396,709,21675,6487,27804,2183,19810,81116,104500,1084,0,4044,3914,11444,17924,3838,50804,-23384,1084,-109642,130,-6480,-20966,-21317,-17627,-46966,1
2022-12-13 23:00:00,121653,217495,675,20383,6297,26079,2359,19243,87048,99036,900,0,4023,3788,11300,17687,3204,47823,-11988,900,-95842,235,-6387,-19708,-19782,-16884,-44619,1
2022-12-14 00:00:00,122653,210573,717,19518,6422,25442,2479,19104,89796,93380,850,0,3859,3717,11137,17525,2798,45691,-3584,850,-87920,142,-6388,-18801,-19020,-16625,-42893,1
2022-12-14 01:00:00,121407,207899,714,18905,6688,25222,2637,19162,85320,89916,824,0,3708,3630,11257,17552,2661,45051,-4596,824,-86492,78,-6295,-18191,-18534,-16525,-42390,1
2022-12-14 02:00:00,119054,209219,765,18798,6769,25532,2516,19612,83120,87988,700,0,3596,3630,11199,17670,2443,44895,-4868,700,-90165,-34,-6471,-18033,-18763,-17096,-42452,1
2022-12-14 03:00:00,110763,214058,879,19603,6572,27224,2598,20540,82864,88072,526,0,3528,3806,11593,18234,2015,45364,-5208,526,-103295,-278,-6641,-18724,-20652,-17942,-43349,1
2022-12-14 04:00:00,98608,227975,902,21623,5754,32682,2950,23254,84632,92172,575,0,3461,4345,12767,19934,1305,47721,-7540,575,-129367,-884,-7167,-20721,-26928,-20304,-46416,1
2022-12-14 05:00:00,82099,253544,975,24588,6862,38637,3146,25260,82420,104144,612,0,3144,4877,13691,21177,1089,53381,-21724,612,-171445,-1733,-7486,-23613,-31775,-22114,-52292,1
2022-12-14 06:00:00,80533,274764,1148,25551,9055,42849,3539,26273,78008,119060,689,0,2877,5002,13766,21446,1130,61023,-41052,689,-194231,-2125,-7680,-24403,-33794,-22734,-59893,1
2022-12-14 07:00:00,88096,284311,1485,25973,9642,44525,3894,26843,72488,124364,739,0,2726,4993,13792,21517,1207,65808,-51876,739,-196215,-2267,-7725,-24488,-34883,-22949,-64601,1
2022-12-14 08:00:00,91901,287957,1741,26068,9876,44570,3891,26824,69940,125340,685,0,2714,5045,13650,21253,1567,64655,-55400,685,-196056,-2331,-7603,-24327,-34694,-22933,-63088,1
2022-12-14 09:00:00,87547,289125,1831,26202,10243,44266,3835,26843,72772,125400,581,0,2701,5021,13569,21026,2059,58472,-52628,581,-201578,-2320,-7457,-24371,-34023,-23008,-56413,1
2022-12-14 10:00:00,80182,289169,1873,26272,10623,42424,3815,26627,73252,124640,574,0,2578,4982,13460,21249,2123,53953,-51388,574,-208987,-2404,-7789,-24399,-31801,-22812,-51830,1
2022-12-14 11:00:00,66406,285764,1766,26376,10345,41899,3393,26612,76464,125044,236,0,2308,5002,13378,21310,2141,51768,-48580,236,-219358,-2694,-7932,-24610,-31554,-23219,-49627,1
2022-12-14 12:00:00,64903,280687,1520,26025,11586,42766,3004,26215,73376,125076,177,0,2035,4882,13324,21321,2043,52933,-51700,177,-215784,-2847,-7997,-24505,-31180,-23211,-50890,1
2022-12-14 13:00:00,60172,277197,1189,26222,11603,42855,3226,26078,70392,124604,248,0,2041,4794,13281,21902,1625,56585,-54212,248,-217025,-2753,-8621,-25033,-31252,-22852,-54960,1
2022-12-14 14:00:00,59882,276539,1085,26506,11213,43224,3805,26570,66980,123004,217,0,2001,5048,13296,21854,1736,62996,-56024,217,-216657,-3047,-8558,-25421,-32011,-22765,-61260,1
2022-12-14 15:00:00,69833,282124,1087,26983,12040,43759,3546,26420,63000,122740,276,0,2178,5256,13516,22070,1921,68229,-59740,276,-212291,-3078,-8554,-25896,-31719,-22874,-66308,1
2022-12-14 16:00:00,77970,285389,858,26390,12030,42557,3276,26137,59360,125848,401,0,2160,5052,13267,21614,1620,70641,-66488,401,-207419,-2892,-8347,-25532,-30527,-22861,-69021,1
2022-12-14 17:00:00,75188,280922,822,26054,11145,41656,3059,25982,64424,129660,387,0,2155,4745,12861,21182,2023,67419,-65236,387,-205734,-2590,-8321,-25232,-30511,-22923,-65396,1
2022-12-14 18:00:00,63359,271790,737,25614,10131,39532,3058,25354,68264,131708,293,0,2021,4492,12498,20596,2746,65169,-63444,293,-208431,-2471,-8098,-24877,-29401,-22296,-62423,1
2022-12-14 19:00:00,60926,256725,628,24714,9089,36948,2517,23951,70516,131748,353,0,1769,4294,11964,20167,2538,61874,-61232,353,-195799,-2525,-8203,-24086,-27859,-21434,-59336,1
2022-12-14 20:00:00,64320,244789,589,23658,8333,33323,1949,22438,67316,124016,392,0,1671,4119,11609,19416,3627,58867,-56700,392,-180469,-2448,-7807,-23069,-24990,-20489,-55240,1
2022-12-14 21:00:00,71952,235270,522,22695,7676,30201,1546,21200,65056,112692,473,0,1606,3906,11335,18704,3929,55319,-47636,473,-163318,-2300,-7369,-22173,-22525,-19654,-51390,1
2022-12-14 22:00:00,88434,225657,532,21399,7417,27658,1204,20086,60392,102276,526,0,1588,3823,11543,18504,4574,51610,-41884,526,-137223,-2235,-6961,-20867,-20241,-18882,-47036,1
2022-12-14 23:00:00,93981,216624,559,20143,7019,26042,978,19577,60724,96796,559,0,1557,3765,11430,18277,3710,48182,-36072,559,-122643,-2208,-6847,-19584,-19023,-18599,-44472,1
2022-12-15 00:00:00,96204,209430,554,19290,7375,25243,859,19245,61968,91120,601,0,1447,3744,10889,17819,3250,45864,-29152,601,-113226,-2297,-6930,-18736,-17868,-18386,-42614,1
2022-12-15 01:00:00,96590,204819,513,18651,6965,24839,792,19307,62828,87600,621,0,1365,3739,11017,18082,3308,44853,-24772,621,-108229,-2374,-7065,-18138,-17874,-18515,-41545,1
2022-12-15 02:00:00,94052,205983,487,18581,6274,25112,809,19542,64180,86672,642,0,1261,3684,11143,18397,3762,44685,-22492,642,-111931,-2423,-7254,-18094,-18838,-18733,-40923,1
2022-12-15 03:00:00,95467,212369,450,19323,6240,27079,800,20337,61444,87368,635,0,1174,3944,11317,18996,3935,45043,-25924,635,-116902,-2770,-7679,-18873,-20839,-19537,-41108,1
2022-12-15 04:00:00,91043,227523,428,21165,6362,32570,957,23039,55292,91116,696,0,1251,4419,11877,20058,4598,47185,-35824,696,-136480,-3168,-8181,-20737,-26208,-22082,-42587,1
2022-12-15 05:00:00,79874,255472,429,24084,7454,38408,1305,25058,50352,103352,781,0,1459,4929,12364,21249,5394,53305,-53000,781,-175598,-3470,-8885,-23655,-30954,-23753,-47911,1
2022-12-15 06:00:00,84032,272880,491,25021,9497,42079,1551,26238,49860,118064,655,0,1514,5136,12445,21626,5684,61050,-68204,655,-188848,-3622,-9181,-24530,-32582,-24687,-55366,1
2022-12-15 07:00:00,97751,282087,741,25288,10502,43725,1849,26794,52664,123432,679,0,1425,5213,12459,22222,6029,64890,-70768,679,-184336,-3788,-9763,-24547,-33223,-24945,-58861,1
2022-12-15 08:00:00,98357,285592,1061,25332,10528,43275,2025,26628,55972,124704,521,0,1469,5244,12461,22281,5742,63207,-68732,521,-187235,-3775,-9820,-24271,-32747,-24603,-57465,1
2022-12-15 09:00:00,93438,285559,1274,25371,10972,43101,2052,26911,60928,124340,642,0,1488,5156,12405,22186,6227,58024,-63412,642,-192121,-3668,-9781,-24097,-32129,-24859,-51797,1
2022-12-15 10:00:00,87391,284570,1397,25516,10517,41169,1931,26869,64200,123328,512,0,1471,5029,13355,22841,5646,54332,-59128,512,-197179,-3558,-9486,-24119,-30652,-24938,-48686,1
2022-12-15 11:00:00,77450,282588,1240,25568,10471,41566,1767,26850,70256,123880,238,0,1423,5008,13333,22450,5521,52283,-53624,238,-205138,-3585,-9117,-24328,-31095,-25083,-46762,1
2022-12-15 12:00:00,71619,276852,966,25343,10871,43082,1629,26410,76852,122672,0,0,1350,4992,13559,22291,5552,53521,-45820,0,-205233,-3642,-8732,-24377,-32211,-24781,-47969,1
2022-12-15 13:00:00,68421,273244,631,25531,10213,43273,1707,26413,80052,121208,0,0,1260,4956,13749,22902,4808,56432,-41156,0,-204823,-3696,-9153,-24900,-33060,-24706,-51624,1
2022-12-15 14:00:00,67072,272189,462,25849,11062,43834,1913,26942,74736,120044,0,0,1210,5176,14070,23335,4666,61440,-45308,0,-205117,-3966,-9265,-25387,-32772,-25029,-56774,1
2022-12-15 15:00:00,74616,278488,449,26146,12099,43856,1839,26731,62348,120016,0,0,1166,5435,14221,23364,4340,66232,-57668,0,-203872,-4269,-9143,-25697,-31757,-24892,-61892,1
2022-12-15 16:00:00,83421,281724,472,25549,12131,42636,1783,26492,54744,124056,132,0,857,5240,13923,22809,4457,68595,-69312,132,-198303,-4383,-8886,-25077,-30505,-24709,-64138,1
2022-12-15 17:00:00,87216,278078,460,25248,11447,41416,1742,26176,59348,127584,199,0,1035,4963,13939,22812,5516,66496,-68236,199,-190862,-3928,-8873,-24788,-29969,-24434,-60980,1
2022-12-15 18:00:00,86762,269266,457,24813,11660,39400,1481,25611,62080,129132,130,0,1212,4747,13860,22614,5762,64276,-67052,130,-182504,-3535,-8754,-24356,-27740,-24130,-58514,1
2022-12-15 19:00:00,84710,254892,463,24019,11846,36583,1178,24030,63488,130132,123,0,1124,4572,13479,22027,6408,60973,-66644,123,-170182,-3448,-8548,-23556,-24737,-22852,-54565,1
2022-12-15 20:00:00,77740,246184,482,23131,10950,33150,858,22433,59876,124064,110,0,1040,4374,13276,20928,9412,57542,-64188,110,-168444,-3334,-7652,-22649,-22200,-21575,-48130,1
2022-12-15 21:00:00,76130,234024,555,22222,10196,30051,755,21116,55096,112804,70,0,947,4177,13156,20296,9396,53568,-57708,70,-157894,-3230,-7140,-21667,-19855,-20361,-44172,1
2022-12-15 22:00:00,81636,222986,595,20972,9663,27262,696,19878,50532,102700,189,0,1006,4121,13054,20396,10215,50134,-52168,189,-141350,-3115,-7342,-20377,-17599,-19182,-39919,1
2022-12-15 23:00:00,88162,215345,586,19798,10313,25760,674,19250,49172,97456,610,0,1077,4087,12959,19957,11720,47317,-48284,610,-127183,-3010,-6998,-19212,-15447,-18576,-35597,1
2022-12-16 00:00:00,88709,209933,620,18892,9951,24819,780,19010,44672,91844,849,0,1061,4064,12743,19552,10787,45203,-47172,849,-121224,-3003,-6809,-18272,-14868,-18230,-34416,1
2022-12-16 01:00:00,91319,206217,804,18227,9325,24378,900,18984,45152,88496,1114,0,1045,4024,12638,19662,9290,44028,-43344,1114,-114898,-2979,-7024,-17423,-15053,-18084,-34738,1
2022-12-16 02:00:00,90355,205816,727,18078,9234,24423,993,19302,45072,86724,1458,0,1053,4021,12619,20015,8038,43541,-41652,1458,-115461,-2968,-7396,-17351,-15189,-18309,-35503,1
2022-12-16 03:00:00,83437,211089,593,18672,9070,26049,1037,20231,45292,87484,1740,0,1212,4216,12860,20948,6863,43806,-42192,1740,-127652,-3004,-8088,-18079,-16979,-19194,-36943,1
2022-12-16 04:00:00,73249,223188,548,20353,8895,31206,1020,22985,46296,91584,1988,0,1397,4733,13450,22407,5807,45974,-45288,1988,-149939,-3336,-8957,-19805,-22311,-21965,-40167,1
2022-12-16 05:00:00,58761,247720,571,22965,10029,37144,1383,25113,47500,104172,2349,0,1475,5295,13796,23632,4137,51379,-56672,2349,-188959,-3820,-9836,-22394,-27115,-23730,-47242,1
2022-12-16 06:00:00,65769,267582,628,23923,12419,40780,1596,26186,52548,120084,2353,0,1526,5428,13945,24187,3780,58904,-67536,2353,-201813,-3902,-10242,-23295,-28361,-24590,-55124,1
2022-12-16 07:00:00,79413,276718,838,24307,13161,41970,1595,26731,55104,126024,2448,0,1556,5443,14020,24250,2736,63588,-70920,2448,-197305,-3887,-10230,-23469,-28809,-25136,-60852,1
2022-12-16 08:00:00,83151,279918,1390,24144,12921,41842,1554,26927,58416,126808,2514,0,1641,5454,13987,23658,2633,63551,-68392,2514,-196767,-3813,-9671,-22754,-28921,-25373,-60918,1
2022-12-16 09:00:00,78368,279760,1918,24140,13217,41763,1779,27211,62136,126232,2716,0,1674,5371,14068,22926,2171,60671,-64096,2716,-201392,-3697,-8858,-22222,-28546,-25432,-58500,1
2022-12-16 10:00:00,64744,277979,1907,24302,12905,39552,1821,27159,62864,125728,2696,0,1685,5160,14031,22214,1506,58331,-62864,2696,-213235,-3475,-8183,-22395,-26647,-25338,-56825,1
2022-12-16 11:00:00,52762,274421,1756,24419,12099,38985,1808,26873,63996,125508,2760,0,1642,4961,14157,22015,982,57065,-61512,2760,-221659,-3319,-7858,-22663,-26886,-25065,-56083,1
2022-12-16 12:00:00,46186,267968,1315,24049,11369,39758,1609,26338,64692,124420,2632,0,1722,4859,14217,22228,654,57645,-59728,2632,-221782,-3137,-8011,-22734,-28389,-24729,-56991,1
2022-12-16 13:00:00,41608,263828,970,24192,10408,39928,1501,26161,63052,121976,2602,0,1834,4832,14348,22840,618,59384,-58924,2602,-222220,-2998,-8492,-23222,-29520,-24660,-58766,1
2022-12-16 14:00:00,40303,263364,694,24558,10347,40530,1540,26582,61396,119548,2336,0,2144,5061,14311,23209,453,62448,-58152,2336,-223061,-2917,-8898,-23864,-30183,-25042,-61995,1
2022-12-16 15:00:00,50260,269992,726,24923,10902,40957,1370,26263,57156,119648,2172,0,2442,5311,14348,23148,380,65794,-62492,2172,-219732,-2869,-8800,-24197,-30055,-24893,-65414,1
2022-12-16 16:00:00,56446,272372,757,24243,10508,40015,1097,25897,54960,122972,2216,0,2528,5192,14205,22209,351,67660,-68012,2216,-215926,-2664,-8004,-23486,-29507,-24800,-67309,1
2022-12-16 17:00:00,48179,267140,812,23828,9748,39189,1023,25668,58336,127148,1967,0,2648,4918,14270,21787,365,64756,-68812,1967,-218961,-2270,-7517,-23016,-29441,-24645,-64391,1
2022-12-16 18:00:00,43804,258097,837,23364,9609,36966,920,24980,60976,127992,1794,0,2849,4726,14330,21220,482,62124,-67016,1794,-214293,-1877,-6890,-22527,-27357,-24060,-61642,1
2022-12-16 19:00:00,36808,244054,893,22678,9689,34372,791,23596,60676,127428,1598,0,2946,4606,13654,20501,636,59341,-66752,1598,-207246,-1660,-6847,-21785,-24683,-22805,-58705,1
2022-12-16 20:00:00,36002,233623,923,21902,9498,31106,735,22182,57692,121488,1536,0,3052,4450,13519,19995,1110,56367,-63796,1536,-197621,-1398,-6476,-20979,-21608,-21447,-55257,1
2022-12-16 21:00:00,35985,225310,916,21119,9512,28438,682,20918,52108,111212,1514,0,2956,4293,13612,19775,1974,53306,-59104,1514,-189325,-1337,-6163,-20203,-18926,-20236,-51332,1
2022-12-16 22:00:00,38160,214840,967,20010,9994,26001,729,19819,49268,102808,1427,0,3023,4124,13341,19314,2580,50425,-53540,1427,-176680,-1101,-5973,-19043,-16007,-19090,-47845,1
2022-12-16 23:00:00,41561,205729,1049,18755,9213,24292,609,19092,40044,97232,1392,0,3137,4005,13672,19025,3010,47813,-57188,1392,-164168,-868,-5353,-17706,-15079,-18483,-44803,1
2022-12-17 00:00:00,48045,198566,1153,17897,8906,23396,524,18703,35376,90684,1256,0,3116,3958,13890,18610,3444,45868,-55308,1256,-150521,-842,-4720,-16744,-14490,-18179,-42424,1
2022-12-17 01:00:00,51190,193227,1184,17265,8807,22825,568,18674,30904,86292,971,0,3151,3934,14031,18014,3851,44522,-55388,971,-142037,-783,-3983,-16081,-14018,-18106,-40671,1
2022-12-17 02:00:00,58020,193102,1418,16994,8090,22778,570,18818,28124,84064,834,0,3241,3914,14093,17869,4959,43979,-55940,834,-135082,-673,-3776,-15576,-14688,-18248,-39020,1
2022-12-17 03:00:00,65345,194659,1398,17342,7144,23540,544,19057,27020,82856,914,0,3554,3939,14509,17875,5661,43858,-55836,914,-129314,-385,-3366,-15944,-16396,-18513,-38197,1
2022-12-17 04:00:00,65626,195510,1364,18019,6828,26150,527,19991,26780,82688,860,0,3753,4003,15235,18422,6398,44558,-55908,860,-129884,-250,-3187,-16655,-19322,-19464,-38160,1
2022-12-17 05:00:00,62188,200657,1441,19373,6493,29118,585,20923,27176,86260,868,0,3915,4272,15511,19063,7249,46695,-59084,868,-138469,-357,-3552,-17932,-22625,-20338,-39446,1
2022-12-17 06:00:00,57235,212686,1521,20573,7426,31461,686,22179,35084,91944,902,0,3987,4536,15670,19862,8090,50143,-56860,902,-155451,-549,-4192,-19052,-24035,-21493,-42053,1
2022-12-17 07:00:00,60961,226966,1995,21621,10610,33441,1100,23334,37516,97340,667,0,4190,4680,15676,20443,8121,54188,-59824,667,-166005,-490,-4767,-19626,-22831,-22234,-46067,1
2022-12-17 08:00:00,68535,238674,2825,22105,12603,32986,1777,23986,39820,104760,706,0,4267,4754,15605,20858,8623,56288,-64940,706,-170139,-487,-5253,-19280,-20383,-22209,-47665,1
2022-12-17 09:00:00,72044,243446,3502,22205,11349,31910,2197,24208,47308,107976,828,0,4429,4721,15438,20789,9040,54881,-60668,828,-171402,-292,-5351,-18703,-20561,-22011,-45841,1
2022-12-17 10:00:00,74765,246355,3722,22416,10201,30656,1617,24136,50388,107288,794,0,4640,4694,15165,20360,8665,53116,-56900,794,-171590,-54,-5195,-18694,-20455,-22519,-44451,1
2022-12-17 11:00:00,75294,242506,3335,22344,9928,29782,1251,24058,54224,107168,885,0,4672,4647,15196,20181,8384,51793,-52944,885,-167212,25,-4985,-19009,-19854,-22807,-43409,1
2022-12-17 12:00:00,71046,235692,2588,22318,8450,29274,1084,23548,56420,107880,968,0,4657,4639,15075,19913,8467,51723,-51460,968,-164646,18,-4838,-19730,-20824,-22464,-43256,1
2022-12-17 13:00:00,67993,233710,2084,22317,7049,29335,1165,23458,56948,105328,820,0,4818,4702,15134,20129,8445,53656,-48380,820,-165717,116,-4995,-20233,-22286,-22293,-45211,1
2022-12-17 14:00:00,65330,234834,1603,22795,7115,30845,1424,23983,53744,102052,628,0,4922,4899,15128,20120,7883,56647,-48308,628,-169504,23,-4992,-21192,-23730,-22559,-48764,1
2022-12-17 15:00:00,73043,243029,1385,23544,8340,33348,1506,23790,49104,101296,670,0,5047,5130,15091,20099,7579,60345,-52192,670,-169986,-83,-5008,-22159,-25008,-22284,-52766,1
2022-12-17 16:00:00,78777,248918,1458,23094,9285,34119,1185,23589,41032,105148,639,0,5157,5070,15111,20143,7524,62568,-64116,639,-170141,87,-5032,-21636,-24834,-22404,-55044,1
2022-12-17 17:00:00,72622,247130,1421,22910,8085,34236,1087,23186,41828,110876,518,0,5272,4794,14957,19723,7375,61074,-69048,518,-174508,478,-4766,-21489,-26151,-22099,-53699,1
2022-12-17 18:00:00,76737,239028,1401,22575,7011,32502,1035,22570,43504,112576,760,0,5586,4588,14883,19362,7093,59096,-69072,760,-162291,998,-4479,-21174,-25491,-21535,-52003,3
2022-12-17 19:00:00,78122,227107,1372,21935,5613,30202,989,21449,47148,114068,975,0,5710,4432,14559,18758,7422,56957,-66920,975,-148985,1278,-4199,-20563,-24589,-20460,-49535,3
2022-12-17 20:00:00,76682,221242,1226,21084,5256,27962,1016,20419,47520,111152,919,0,5768,4198,14258,18196,7350,54596,-63632,919,-144560,1570,-3938,-19858,-22706,-19403,-47246,3
2022-12-17 21:00:00,78262,215388,1231,20083,5210,25814,1100,19212,45316,103364,1139,0,5716,4028,14252,17517,7137,51994,-58048,1139,-137126,1688,-3265,-18852,-20604,-18112,-44857,3
2022-12-17 22:00:00,79093,206140,1171,18961,4629,23812,1110,18150,43748,95868,1436,0,5648,3965,14030,17396,6919,49167,-52120,1436,-127047,1683,-3366,-17790,-19183,-17040,-42248,3
2022-12-17 23:00:00,80948,197256,1110,17911,4417,22385,1105,17492,46040,89720,1763,0,5502,3897,14138,17506,6727,46459,-43680,1763,-116308,1605,-3368,-16801,-17968,-16387,-39732,1
2022-12-18 00:00:00,84819,191147,925,17278,4409,21328,1036,17126,50976,84248,2050,0,5363,3802,14294,17130,6666,44918,-33272,2050,-106328,1561,-2836,-16353,-16919,-16090,-38252,1
2022-12-18 01:00:00,87763,186321,759,16683,4400,20930,981,16979,46264,80112,2342,0,5337,3708,14411,16743,6897,44100,-33848,2342,-98558,1629,-2332,-15924,-16530,-15998,-37203,1
2022-12-18 02:00:00,90686,184998,701,16433,4676,20784,967,17065,46828,77872,2714,0,5245,3628,14392,16498,6680,43660,-31044,2714,-94312,1617,-2106,-15732,-16108,-16098,-36980,1
2022-12-18 03:00:00,95859,185348,679,16754,4705,21260,1024,17307,47900,77188,2798,0,5123,3714,14677,16589,6217,43500,-29288,2798,-89489,1409,-1912,-16075,-16555,-16283,-37283,1
2022-12-18 04:00:00,95773,184644,661,17376,4863,22739,1008,17967,47872,77796,3037,0,4859,3800,14866,16757,5586,43610,-29924,3037,-88871,1059,-1891,-16715,-17876,-16959,-38024,1
2022-12-18 05:00:00,94583,187751,665,18559,5377,24245,1147,18478,49324,80244,3125,0,4872,4043,15226,16714,6063,45000,-30920,3125,-93168,829,-1488,-17894,-18868,-17331,-38937,1
2022-12-18 06:00:00,89650,196000,912,19587,6796,26111,1471,19606,51436,83160,1472,0,4947,4325,15450,17345,7654,47543,-31724,1472,-106350,622,-1895,-18675,-19315,-18135,-39889,1
2022-12-18 07:00:00,93791,208770,2357,20123,8757,28169,1944,21004,53840,86084,1516,0,4931,4524,15573,17820,8232,50383,-32244,1516,-114979,407,-2247,-17766,-19412,-19060,-42151,1
2022-12-18 08:00:00,98417,221601,4131,20027,10146,28880,2449,21862,62540,93344,3496,0,4840,4529,15748,18420,8342,50899,-30804,3496,-123184,311,-2672,-15896,-18734,-19413,-42557,1
2022-12-18 09:00:00,98359,228908,5371,19888,11524,29193,2599,22274,77432,98164,3800,0,4637,4500,15617,18713,8684,50610,-20732,3800,-130549,137,-3096,-14517,-17669,-19675,-41926,1
2022-12-18 10:00:00,99523,234495,5673,19912,11953,28983,3068,22362,87352,98736,3724,0,4262,4449,15468,18665,8079,51917,-11384,3724,-134972,-187,-3197,-14239,-17030,-19294,-43838,1
2022-12-18 11:00:00,95010,231129,5181,19860,11123,27921,2971,22460,90400,98548,3480,0,3892,4452,15292,18685,8222,53397,-8148,3480,-136119,-560,-3393,-14679,-16798,-19489,-45175,1
2022-12-18 12:00:00,94886,226556,3830,20071,9372,27406,2461,22041,92476,101212,3452,0,3609,4455,15007,18464,8223,54268,-8736,3452,-131670,-846,-3457,-16241,-18034,-19580,-46045,1
2022-12-18 13:00:00,96967,223416,1978,20802,7497,27780,2004,21800,93380,100496,3244,0,3513,4520,14906,18794,10258,55541,-7116,3244,-126449,-1007,-3888,-18824,-20283,-19796,-45283,1
2022-12-18 14:00:00,110768,224585,790,21912,6344,28744,1949,22452,86816,97872,3030,0,3635,4735,14885,19151,11895,57130,-11056,3030,-113817,-1100,-4266,-21122,-22400,-20503,-45235,1
2022-12-18 15:00:00,123142,233064,646,23038,9269,31507,2244,22519,74892,96992,3000,0,3576,4910,15084,18899,13160,60050,-22100,3000,-109922,-1334,-3815,-22392,-22238,-20275,-46890,1
2022-12-18 16:00:00,129923,239128,646,22872,8282,32198,2309,22410,61312,99808,2875,0,3728,4777,14942,18460,13283,61968,-38496,2875,-109205,-1049,-3518,-22226,-23916,-20101,-48685,1
2022-12-18 17:00:00,132700,237547,661,22726,8287,32695,2520,22556,60724,106336,2938,0,3899,4635,14941,18695,13771,60116,-45612,2938,-104847,-736,-3754,-22065,-24408,-20036,-46345,1
2022-12-18 18:00:00,138109,236271,687,22821,7711,31910,2605,22401,66504,110948,3031,0,4208,4655,14808,18901,13844,58816,-44444,3031,-98162,-447,-4093,-22134,-24199,-19796,-44972,1
2022-12-18 19:00:00,140970,228584,711,22429,6317,30174,2476,21387,71504,115124,3137,0,4535,4458,14699,18219,14483,56892,-43620,3137,-87614,77,-3520,-21718,-23857,-18911,-42409,1
2022-12-18 20:00:00,135078,223859,738,21370,5612,27958,2566,20507,71056,112384,3162,0,4748,4247,14819,17832,14287,54327,-41328,3162,-88781,501,-3013,-20632,-22346,-17941,-40040,1
2022-12-18 21:00:00,138551,219464,775,20260,5316,25474,2806,19449,67000,104716,3166,0,4889,4102,14875,17417,14133,50679,-37716,3166,-80913,787,-2542,-19485,-20158,-16643,-36546,1
2022-12-18 22:00:00,148219,211242,795,19097,4941,23290,3022,18419,62596,95712,2948,0,5042,4033,14489,16731,14491,47572,-33116,2948,-63023,1009,-2242,-18302,-18349,-15397,-33081,1
2022-12-18 23:00:00,149427,204063,958,18086,4865,22158,3161,17941,63396,89008,2634,0,5016,4000,14298,16802,14723,44899,-25612,2634,-54636,1016,-2504,-17128,-17293,-14780,-30176,1
2022-12-19 00:00:00,148714,197852,1066,17533,5485,21411,3424,17684,65420,83580,2773,0,5013,4001,14233,17002,14767,43341,-18160,2773,-49138,1012,-2769,-16467,-15926,-14260,-28574,1
2022-12-19 01:00:00,152350,194838,1027,17030,6005,21347,3696,17674,66700,80796,2778,0,4860,3952,14042,16814,15077,42675,-14096,2778,-42488,908,-2772,-16003,-15342,-13978,-27598,1
2022-12-19 02:00:00,151650,195797,1025,16979,6301,21940,3915,18178,66296,79940,2704,0,4690,3906,14322,16886,15505,42662,-13644,2704,-44147,784,-2564,-15954,-15639,-14263,-27157,1
2022-12-19 03:00:00,150285,201394,1034,17758,5307,24331,4201,19501,67732,81032,2674,0,4677,4025,14680,17415,16061,43363,-13300,2674,-51109,652,-2735,-16724,-19024,-15300,-27302,1
2022-12-19 04:00:00,145447,216150,1045,19760,5314,30094,4590,22479,70104,86264,2679,0,4640,4499,15127,18436,16469,45581,-16160,2679,-70703,141,-3309,-18715,-24780,-17889,-29112,1
2022-12-19 05:00:00,142524,243903,1130,22769,5893,36343,5258,24783,70664,101676,2823,0,4609,5118,15434,19831,16713,50629,-31012,2823,-101379,-509,-4397,-21639,-30450,-19525,-33916,1
2022-12-19 06:00:00,150953,265226,1331,23897,8897,40798,5582,25998,70748,118796,3129,0,4701,5355,15461,20306,17119,57633,-48048,3129,-114273,-654,-4845,-22566,-31901,-20416,-40514,1
2022-12-19 07:00:00,162537,275656,2304,24074,10562,42658,6332,26764,69476,125744,3233,0,4554,5419,15123,20238,17570,61999,-56268,3233,-113119,-865,-5115,-21770,-32096,-20432,-44429,1
2022-12-19 08:00:00,164542,280693,3816,23416,9911,41743,6523,26749,75504,127112,1637,0,4539,5403,14839,20499,18054,63424,-51608,1637,-116151,-864,-5660,-19600,-31832,-20226,-45370,1
2022-12-19 09:00:00,157996,282706,4794,22835,9898,40820,6766,26709,83940,126132,0,0,4596,5388,14441,20606,18381,62960,-42192,0,-124710,-792,-6165,-18041,-30922,-19943,-44579,1
2022-12-19 10:00:00,157814,285012,4892,22705,8989,38980,6692,26472,89852,123688,0,0,4650,5333,14253,20840,18543,62132,-33836,0,-127198,-683,-6587,-17813,-29991,-19780,-43589,1
2022-12-19 11:00:00,154238,283877,4218,23084,8654,39209,6419,26359,93280,125812,1642,0,4646,5323,14063,20865,18565,60975,-32532,1642,-129639,-677,-6802,-18866,-30555,-19940,-42410,1
2022-12-19 12:00:00,152354,277906,3132,23331,8191,40478,6206,25681,91972,124832,3221,0,4628,5283,13669,20754,18449,60652,-32860,3221,-125552,-655,-7085,-20199,-32287,-19475,-42203,1
2022-12-19 13:00:00,152212,271757,1840,24072,6886,40836,5980,25580,89264,122956,2994,0,4652,5222,13496,21081,18517,60758,-33692,2994,-119545,-570,-7585,-22232,-33950,-19600,-42241,1
2022-12-19 14:00:00,153077,269808,978,24833,6817,41518,5980,26034,86268,121336,3245,0,4651,5293,13416,20972,18563,61551,-35068,3245,-116731,-642,-7556,-23855,-34701,-20054,-42988,1
2022-12-19 15:00:00,159051,273831,940,25622,7172,42127,5968,25862,79464,122340,3082,0,4751,5447,13303,20925,18649,64077,-42876,3082,-114780,-696,-7622,-24682,-34955,-19894,-45428,1
2022-12-19 16:00:00,166061,277722,940,25102,7199,41013,6154,25503,75508,127376,2956,0,4962,5283,13117,20583,18835,65847,-51868,2956,-111661,-321,-7466,-24162,-33814,-19349,-47012,1
2022-12-19 17:00:00,171290,271967,1002,24878,7318,40205,6282,25153,74896,132660,3212,0,5245,4923,12959,20058,18857,62911,-57764,3212,-100677,322,-7099,-23876,-32887,-18871,-44054,1
2022-12-19 18:00:00,169876,262653,1070,24424,5663,37998,6314,24624,76660,134408,3134,0,5385,4663,12682,19385,18865,60194,-57748,3134,-92777,722,-6703,-23354,-32335,-18310,-41329,1
2022-12-19 19:00:00,172767,248650,1006,23635,4581,35124,6076,23064,78992,135316,3202,0,5352,4446,12283,18674,18896,57108,-56324,3202,-75883,906,-6391,-22629,-30543,-16988,-38212,1
2022-12-19 20:00:00,174035,239109,1016,22697,4382,31584,5708,21461,76192,128316,3207,0,5457,4183,12136,17829,18981,54011,-52124,3207,-65074,1274,-5693,-21681,-27202,-15753,-35030,1
2022-12-19 21:00:00,168099,228599,1061,21730,4434,28714,5450,19884,69856,115456,3404,0,5521,4007,11634,17039,18765,50424,-45600,3404,-60500,1514,-5405,-20669,-24280,-14434,-31659,1
2022-12-19 22:00:00,173559,215326,978,20515,4573,26256,5440,18717,67176,104208,1599,0,5481,3905,10866,16100,18471,47047,-37032,1599,-41767,1576,-5234,-19537,-21683,-13277,-28576,1
2022-12-19 23:00:00,178965,202253,979,19281,5016,24703,5441,18074,65020,97932,1532,0,5535,3845,10507,15545,18582,44313,-32912,1532,-23288,1690,-5038,-18302,-19687,-12633,-25731,3
2022-12-20 00:00:00,178175,192676,952,18406,5044,23943,5431,17744,70116,92152,3027,0,5414,3813,10581,15424,18667,42422,-22036,3027,-14501,1601,-4843,-17454,-18899,-12313,-23755,1
2022-12-20 01:00:00,175710,190175,937,17741,5114,23762,5302,17793,70204,88356,2720,0,5405,3859,10526,15356,18793,41241,-18152,2720,-14465,1546,-4830,-16804,-18648,-12491,-22448,1
2022-12-20 02:00:00,174349,190347,855,17634,5227,23965,5211,18132,72432,86956,2563,0,5105,3812,10838,15342,18684,40711,-14524,2563,-15998,1293,-4504,-16779,-18738,-12921,-22027,1
2022-12-20 03:00:00,173728,196967,825,18382,5266,25772,5262,19081,73664,87240,2444,0,4870,3919,11615,15707,18536,41297,-13576,2444,-23239,951,-4092,-17557,-20506,-13819,-22761,1
2022-12-20 04:00:00,171917,212677,786,20201,5207,31161,5233,21807,70132,92060,2691,0,4742,4286,13057,17115,18521,43377,-21928,2691,-40760,456,-4058,-19415,-25954,-16574,-24856,1
2022-12-20 05:00:00,165196,238408,810,22893,4705,37059,5239,23748,71012,105076,2687,0,4891,4840,13733,18441,18460,48770,-34064,2687,-73212,51,-4708,-22083,-32354,-18509,-30310,1
2022-12-20 06:00:00,158791,260570,922,23787,7386,41163,5336,24831,74052,121020,3001,0,5087,5135,13872,18955,18406,55259,-46968,3001,-101779,-48,-5083,-22865,-33777,-19495,-36853,1
2022-12-20 07:00:00,161081,268507,1641,23850,8910,42672,5436,25245,75528,127592,3350,0,5255,5142,13910,19154,18689,59125,-52064,3350,-107426,113,-5244,-22209,-33762,-19809,-40436,1
2022-12-20 08:00:00,161934,271441,2813,23214,10045,42220,5576,25211,80212,128952,3459,0,5421,5162,13954,19294,18673,60370,-48740,3459,-109507,259,-5340,-20401,-32175,-19635,-41697,1
2022-12-20 09:00:00,161303,272776,3617,22630,9338,40959,5526,25403,83392,127868,3468,0,5604,5151,13848,19281,18683,60028,-44476,3468,-111473,453,-5433,-19013,-31621,-19877,-41345,1
2022-12-20 10:00:00,159310,274138,3876,22596,8529,39073,5500,25502,84356,126548,3596,0,5690,5123,13864,19207,18528,60082,-42192,3596,-114828,567,-5343,-18720,-30544,-20002,-41554,1
2022-12-20 11:00:00,157610,273041,3396,22913,8301,38953,5103,25508,86388,126180,3650,0,5810,5114,13779,18884,17347,60208,-39792,3650,-115431,696,-5105,-19517,-30652,-20405,-42861,1
2022-12-20 12:00:00,155108,269768,2199,23306,8004,40125,4878,24888,88004,125792,3506,0,5794,5056,13966,18870,15498,60650,-37788,3506,-114660,738,-4904,-21107,-32121,-20010,-45152,1
2022-12-20 13:00:00,153683,265251,1462,23886,6596,40493,4942,24743,84800,124896,3479,0,5821,4987,14185,19468,12757,60993,-40096,3479,-111568,834,-5283,-22424,-33897,-19801,-48236,1
2022-12-20 14:00:00,150019,264663,750,24505,6265,41248,5373,25388,83544,123804,3519,0,5607,5111,14317,19407,9741,61398,-40260,3519,-114644,496,-5090,-23755,-34983,-20015,-51657,1
2022-12-20 15:00:00,158151,268802,685,25112,7023,42179,5408,25274,79264,123616,3583,0,5166,5176,14296,19173,7100,63170,-44352,3583,-110651,-10,-4877,-24427,-35156,-19866,-56070,1
2022-12-20 16:00:00,167740,270522,682,24585,6857,40979,5524,24925,77920,127036,3645,0,4476,4890,14015,18697,5848,64600,-49116,3645,-102782,-414,-4682,-23903,-34122,-19401,-58752,1
2022-12-20 17:00:00,164118,265636,677,24334,7044,40158,5394,24707,80976,131116,3556,0,4053,4598,13859,18251,4915,62415,-50140,3556,-101518,-545,-4392,-23657,-33114,-19313,-57500,1
2022-12-20 18:00:00,151992,256592,679,23915,5060,37969,5132,24097,83548,132744,3630,0,4017,4346,13592,17533,4025,59954,-49196,3630,-104600,-329,-3941,-23236,-32909,-18965,-55929,1
2022-12-20 19:00:00,130504,238547,657,23202,4483,35181,4984,22588,83500,133704,3585,0,3551,4162,13415,16686,3315,57205,-50204,3585,-108043,-611,-3271,-22545,-30698,-17604,-53890,1
2022-12-20 20:00:00,120556,226996,722,22295,4467,31747,4778,20978,80208,126996,3574,0,3540,3905,12908,16007,2648,54011,-46788,3574,-106440,-365,-3099,-21573,-27280,-16200,-51363,1
2022-12-20 21:00:00,112687,215719,717,21420,4554,28688,4714,19535,76516,114180,3550,0,3209,3749,12527,15343,2808,50494,-37664,3550,-103032,-540,-2816,-20703,-24134,-14821,-47686,1
2022-12-20 22:00:00,113006,201542,685,20211,3898,26069,4620,18441,73260,103360,1752,0,2846,3575,11452,14817,3066,47439,-30100,1752,-88536,-729,-3365,-19526,-22171,-13821,-44373,1
2022-12-20 23:00:00,114739,190837,660,18973,4473,24448,4587,17866,73488,96824,1719,0,2649,3507,11229,14606,3111,45188,-23336,1719,-76098,-858,-3377,-18313,-19975,-13279,-42077,1
2022-12-21 00:00:00,110632,183582,665,18045,5309,23711,4479,17563,74176,90748,3461,0,2511,3437,11039,14432,2638,43239,-16572,3461,-72950,-926,-3393,-17380,-18402,-13084,-40601,1
2022-12-21 01:00:00,109720,181803,696,17372,5842,23351,4400,17590,75576,86984,3400,0,2398,3424,11054,14367,2002,42399,-11408,3400,-72083,-1026,-3313,-16676,-17509,-13190,-40397,1
2022-12-21 02:00:00,109705,183155,639,17255,6174,23808,4322,17808,77012,85384,3222,0,2340,3432,11116,14575,2194,42036,-8372,3222,-73450,-1092,-3459,-16616,-17634,-13486,-39842,1
2022-12-21 03:00:00,105635,187841,623,17860,4321,25510,4131,18680,75812,85448,3222,0,2426,3600,11726,15146,2813,42258,-9636,3222,-82206,-1174,-3420,-17237,-21189,-14549,-39445,1
2022-12-21 04:00:00,91818,198760,625,19513,4752,30930,4087,21383,74896,90384,3213,0,2470,4063,12772,16924,3567,44186,-15488,3213,-106942,-1593,-4152,-18888,-26178,-17296,-40619,1
2022-12-21 05:00:00,84348,223863,639,21951,5544,36826,3862,23347,73056,103636,3331,0,2448,4617,13492,18247,4558,49132,-30580,3331,-139515,-2169,-4755,-21312,-31282,-19485,-44574,1
2022-12-21 06:00:00,92775,244172,731,22938,8604,40914,3958,24357,73192,119448,3418,0,2558,4859,13665,18679,6035,56058,-46256,3418,-151397,-2301,-5014,-22207,-32310,-20399,-50023,1
2022-12-21 07:00:00,100385,253205,1041,23438,10386,42254,4219,24845,76068,125588,3402,0,2399,4889,13544,18493,7905,60106,-49520,3402,-152820,-2490,-4949,-22397,-31868,-20626,-52201,1
2022-12-21 08:00:00,102928,254551,1340,23644,10564,41647,4162,24981,81848,126700,3409,0,2649,4921,13519,18671,10312,60012,-44852,3409,-151623,-2272,-5152,-22304,-31083,-20819,-49700,1
2022-12-21 09:00:00,103715,255083,1452,23803,10338,40802,3899,25262,88932,125940,3463,0,2855,4931,13467,18572,12289,57815,-37008,3463,-151368,-2076,-5105,-22351,-30464,-21363,-45526,1
2022-12-21 10:00:00,106280,255749,1402,24113,9443,38675,3731,25457,96600,123588,3421,0,3148,4871,13431,18507,13768,56110,-26988,3421,-149469,-1723,-5076,-22711,-29232,-21726,-42342,1
2022-12-21 11:00:00,110703,255003,1218,24122,8865,38526,3429,25507,104380,122460,3348,0,3399,4930,13440,18497,14750,55781,-18080,3348,-144300,-1531,-5057,-22904,-29661,-22078,-41031,1
2022-12-21 12:00:00,114578,252217,995,23852,8321,39790,3000,25014,106112,121344,3337,0,3637,4846,13550,18635,15525,56849,-15232,3337,-137639,-1209,-5085,-22857,-31469,-22014,-41324,1
2022-12-21 13:00:00,112333,248222,794,23889,7281,40087,2985,24898,104828,119804,3271,0,4003,4738,13609,18969,15608,58249,-14976,3271,-135889,-735,-5360,-23095,-32806,-21913,-42641,1
2022-12-21 14:00:00,107571,246941,645,24254,7700,40964,3136,25429,99404,118556,1606,0,4196,4901,13684,19211,13301,59856,-19152,1606,-139370,-705,-5527,-23609,-33264,-22293,-46555,1
2022-12-21 15:00:00,116305,251745,629,24564,8222,41514,3157,25225,92552,118928,1456,0,4026,5031,13793,19080,13212,62554,-26376,1456,-135440,-1005,-5287,-23935,-33292,-22068,-49342,1
2022-12-21 16:00:00,127127,255963,625,23867,7863,40425,3090,24903,87440,123300,2783,0,4218,4851,13878,18643,14364,64319,-35860,2783,-128836,-633,-4765,-23242,-32562,-21813,-49955,1
2022-12-21 17:00:00,130840,253766,629,23468,7268,39531,3239,24610,87712,127284,2508,0,4280,4605,13692,18189,15248,61671,-39572,2508,-122926,-325,-4497,-22839,-32263,-21371,-46423,1
2022-12-21 18:00:00,132130,244504,631,23013,6249,37464,3309,24035,89396,128904,2552,0,4537,4431,13743,17744,13863,59143,-39508,2552,-112374,106,-4001,-22382,-31215,-20726,-45280,1
2022-12-21 19:00:00,133765,230960,616,22319,5810,34724,3154,22460,90664,129604,2232,0,4671,4167,12967,17032,11775,56429,-38940,2232,-97195,504,-4065,-21703,-28914,-19306,-44654,1
2022-12-21 20:00:00,133532,218431,630,21636,5443,31342,2939,20834,87484,123776,2031,0,4743,3935,12631,16291,9927,53339,-36292,2031,-84899,808,-3660,-21006,-25899,-17895,-43412,1
2022-12-21 21:00:00,132041,205984,625,20869,5465,28165,3077,19396,83936,112352,1750,0,4655,3802,12163,15466,9157,49969,-28416,1750,-73943,853,-3303,-20244,-22700,-16319,-40812,1
2022-12-21 22:00:00,134501,196272,628,19681,5099,25577,3076,18159,77624,101612,1512,0,4408,3578,11478,14836,7947,46836,-23988,1512,-61771,830,-3358,-19053,-20478,-15083,-38889,1
2022-12-21 23:00:00,138083,197848,625,18395,5849,23925,3038,17391,83200,95548,1180,0,4161,3477,11382,14486,6054,44811,-12348,1180,-59765,684,-3104,-17770,-18076,-14353,-38757,1
2022-12-22 00:00:00,137128,190196,622,17383,5647,23103,3063,17071,78332,89484,1024,0,3911,3444,11185,14243,4644,43385,-11152,1024,-53068,467,-3058,-16761,-17456,-14008,-38741,1
2022-12-22 01:00:00,136476,184052,619,16708,5629,22683,3085,17064,77196,85488,785,0,3821,3386,11128,14134,3459,42447,-8292,785,-47576,435,-3006,-16089,-17054,-13979,-38988,1
2022-12-22 02:00:00,129874,183257,626,16566,5743,22948,3047,17372,75004,84392,629,0,3813,3348,11294,14558,2330,42079,-9388,629,-53383,465,-3264,-15940,-17205,-14325,-39749,1
2022-12-22 03:00:00,125701,188387,622,17181,4853,24661,3003,18118,72816,84928,557,0,3710,3454,12453,15283,2125,42509,-12112,557,-62686,256,-2830,-16559,-19808,-15115,-40384,1
2022-12-22 04:00:00,121467,200467,625,18613,5103,29722,3075,20763,69584,88664,404,0,3627,3908,13905,16721,2550,44649,-19080,404,-79000,-281,-2816,-17988,-24619,-17688,-42099,1
2022-12-22 05:00:00,110829,222646,641,20486,7380,35508,3153,22661,69344,100376,466,0,3711,4424,14431,17915,2969,49271,-31032,466,-111817,-713,-3484,-19845,-28128,-19508,-46302,1
2022-12-22 06:00:00,112709,244808,714,21562,9444,39145,3469,23614,75496,115424,354,0,3842,4651,14649,18743,3741,55582,-39928,354,-132099,-809,-4094,-20848,-29701,-20145,-51841,1
2022-12-22 07:00:00,123205,245201,1081,22117,9405,39973,3840,24208,80008,121768,194,0,3763,4698,14733,18641,4498,59339,-41760,194,-121996,-935,-3908,-21036,-30568,-20368,-54841,1
2022-12-22 08:00:00,128456,247143,1678,22247,8667,39209,3992,24299,84956,123324,185,0,3716,4766,14568,18723,5701,58750,-38368,185,-118687,-1050,-4155,-20569,-30542,-20307,-53049,1
2022-12-22 09:00:00,129258,249072,2178,22274,9215,38812,4080,24612,88564,122456,190,0,3857,4716,14372,18430,7234,55166,-33892,190,-119814,-859,-4058,-20096,-29597,-20532,-47932,1
2022-12-22 10:00:00,131411,248707,2615,22335,9414,37126,3789,24430,91300,119912,200,0,3964,4559,14403,18167,9495,52122,-28612,200,-117296,-595,-3764,-19720,-27712,-20641,-42627,1
2022-12-22 11:00:00,136358,245266,2590,22303,9616,37005,3653,24496,96936,119220,201,0,4164,4554,14389,17874,10331,51560,-22284,201,-108908,-390,-3485,-19713,-27389,-20843,-41229,1
2022-12-22 12:00:00,139720,242271,2135,22254,8812,37779,3539,24242,99776,118940,110,0,4366,4508,14442,17979,10330,54155,-19164,110,-102551,-142,-3537,-20119,-28967,-20703,-43825,1
2022-12-22 13:00:00,134849,238512,1408,22656,7932,37927,3499,24251,98352,116384,102,0,4428,4440,14584,18477,11472,57272,-18032,102,-103663,-12,-3893,-21248,-29995,-20752,-45800,1
2022-12-22 14:00:00,129533,238579,1066,23193,9320,38519,3825,24754,95692,114508,83,0,4493,4581,14462,18251,9928,59807,-18816,83,-109046,-88,-3789,-22127,-29199,-20929,-49879,1
2022-12-22 15:00:00,131716,244283,950,23698,9811,39515,3895,24663,89064,114892,104,0,4721,4715,14589,18267,10282,61937,-25828,104,-112567,6,-3678,-22748,-29704,-20768,-51655,1
2022-12-22 16:00:00,132155,247668,954,23066,9085,38540,4277,24378,88864,119396,126,0,4695,4586,14769,17679,8921,62710,-30532,126,-115513,109,-2910,-22112,-29455,-20101,-53789,1
2022-12-22 17:00:00,133353,245970,1058,22661,8314,37725,4425,24094,89780,123792,130,0,4329,4310,14810,17140,9062,60336,-34012,130,-112617,19,-2330,-21603,-29411,-19669,-51274,1
2022-12-22 18:00:00,127275,237531,991,22214,7067,35651,4477,23334,89516,123976,128,0,4220,4050,14727,17036,9744,58590,-34460,128,-110256,170,-2309,-21223,-28584,-18857,-48846,3
2022-12-22 19:00:00,114036,223787,918,21587,6602,33021,4342,21808,89800,125976,138,0,3952,3890,14532,16412,8916,55931,-36176,138,-109751,62,-1880,-20669,-26419,-17466,-47015,1
2022-12-22 20:00:00,105494,212529,920,20864,6528,29857,4242,20271,88896,120896,36,0,3731,3687,14293,15593,7960,52969,-32000,36,-107035,44,-1300,-19944,-23329,-16029,-45009,3
2022-12-22 21:00:00,97311,202278,919,20100,6977,26855,3978,18820,83744,110168,4,0,3479,3522,14169,15013,7030,49506,-26424,4,-104967,-43,-844,-19181,-19878,-14842,-42476,1
2022-12-22 22:00:00,97469,190018,928,18866,6253,24222,3710,17482,78736,100520,2,0,3007,3393,13256,14383,6559,46498,-21784,2,-92549,-386,-1127,-17938,-17969,-13772,-39939,1
2022-12-22 23:00:00,97547,178865,896,17518,6576,22649,3550,16738,72580,94932,25,0,2713,3299,13073,14214,6213,44283,-22352,25,-81318,-586,-1141,-16622,-16073,-13188,-38070,1
2022-12-23 00:00:00,100421,170224,892,16496,7030,21800,3156,16350,70004,88688,145,0,2370,3296,13163,14336,5672,42402,-18684,145,-69803,-926,-1173,-15604,-14770,-13194,-36730,1
2022-12-23 01:00:00,103273,166111,873,15753,7127,21193,3048,16228,72080,84920,394,0,2144,3200,13188,14510,4702,41232,-12840,394,-62838,-1056,-1322,-14880,-14066,-13180,-36530,1
2022-12-23 02:00:00,108946,167850,800,15455,7256,21484,2895,16390,71084,83232,567,0,1993,3109,13390,14955,3165,41044,-12148,567,-58904,-1116,-1565,-14655,-14228,-13495,-37879,1
2022-12-23 03:00:00,106854,169813,777,15957,7278,22918,2756,16988,69792,83208,1070,0,2048,3219,13909,15203,2114,41658,-13416,1070,-62959,-1171,-1294,-15180,-15640,-14232,-39544,1
2022-12-23 04:00:00,94114,180343,738,17116,7049,27066,2835,19075,69304,86808,1280,0,2078,3559,14365,16268,1568,43627,-17504,1280,-86229,-1481,-1903,-16378,-20017,-16240,-42059,1
2022-12-23 05:00:00,86266,198074,688,18688,6753,32008,2950,20641,64768,96648,1705,0,2019,4000,14578,17228,1325,47918,-31880,1705,-111808,-1981,-2650,-18000,-25255,-17691,-46593,1
2022-12-23 06:00:00,85041,215279,768,19690,8615,35765,2980,21974,71656,108248,2154,0,1906,4351,14956,18279,1199,53746,-36592,2154,-130238,-2445,-3323,-18922,-27150,-18994,-52547,1
2022-12-23 07:00:00,89532,226293,1180,20509,9772,36808,3082,22884,74764,114888,1188,0,1922,4419,14983,18161,835,57985,-40124,1188,-136761,-2497,-3178,-19329,-27036,-19802,-57150,1
2022-12-23 08:00:00,91247,230475,1783,20938,9779,35945,3396,23419,81028,116976,1604,0,1983,4474,14925,18542,970,59723,-35948,1604,-139228,-2491,-3617,-19155,-26166,-20023,-58753,1
2022-12-23 09:00:00,89171,233041,2616,21034,10365,35278,3767,23873,88544,116316,3252,0,1970,4365,14791,18758,1517,59117,-27772,3252,-143870,-2395,-3967,-18418,-24913,-20106,-57600,1
2022-12-23 10:00:00,81714,234877,2846,21135,10617,33289,3694,23742,95216,113976,3385,0,1799,4271,14537,18675,1982,59103,-18760,3385,-153163,-2472,-4138,-18289,-22672,-20048,-57121,1
2022-12-23 11:00:00,70573,231660,2676,20934,9865,31975,3342,23656,96436,113308,3184,0,1536,4212,14308,18626,3046,59182,-16872,3184,-161087,-2676,-4318,-18258,-22110,-20314,-56136,1
2022-12-23 12:00:00,65946,224023,2273,21183,9008,32594,3126,23285,95180,112220,2775,0,1267,4198,14510,18914,4217,59076,-17040,2775,-158077,-2931,-4404,-18910,-23586,-20159,-54859,1
2022-12-23 13:00:00,68980,219679,1350,21637,7644,32649,2722,23325,92736,109440,2300,0,1015,4276,14633,19701,4581,58439,-16704,2300,-150699,-3261,-5068,-20287,-25005,-20603,-53858,1
2022-12-23 14:00:00,72810,221439,723,22165,7502,33544,2614,23869,88140,107380,1798,0,995,4537,14437,19859,8643,58317,-19240,1798,-148629,-3542,-5422,-21442,-26042,-21255,-49674,1
2022-12-23 15:00:00,85706,228226,621,22608,9425,35055,2408,23820,78796,107624,771,0,954,4728,14377,19633,9288,59924,-28828,771,-142520,-3774,-5256,-21987,-25630,-21412,-50636,1
2022-12-23 16:00:00,95530,231650,599,21872,8415,34603,2179,23475,72252,111424,0,0,962,4601,14019,19082,9641,61411,-39172,0,-136120,-3639,-5063,-21273,-26188,-21296,-51770,1
2022-12-23 17:00:00,102098,227973,644,21386,8052,33914,1752,23040,76176,116252,694,0,987,4350,13788,18589,11171,58977,-40076,694,-125875,-3363,-4801,-20742,-25862,-21288,-47806,1
2022-12-23 18:00:00,107777,217943,619,20840,7385,31846,1398,22187,77248,116320,1622,0,1038,4173,13672,18323,12324,56338,-39072,1622,-110166,-3135,-4651,-20221,-24461,-20789,-44014,1
2022-12-23 19:00:00,112103,204686,588,20201,6836,29273,1167,20648,75384,115756,2000,0,1194,4023,13394,17634,13353,53751,-40372,2000,-92583,-2829,-4240,-19613,-22437,-19481,-40398,1
2022-12-23 20:00:00,116814,193214,617,19675,7035,26684,1117,19254,73280,110604,1873,0,1255,3836,13092,16951,13955,50738,-37324,1873,-76400,-2581,-3859,-19058,-19649,-18137,-36783,1
2022-12-23 21:00:00,119228,182835,745,18972,7538,24233,1135,17482,67740,101408,2024,0,1123,3745,13109,16606,14545,47797,-33668,2024,-63607,-2622,-3497,-18227,-16695,-16347,-33252,1
2022-12-23 22:00:00,130265,171223,769,17792,7548,22465,1149,16122,62572,93320,1851,0,1140,3687,12738,16641,14644,44971,-30748,1851,-40958,-2547,-3903,-17023,-14917,-14973,-30327,1
2022-12-23 23:00:00,134103,156326,758,16365,7752,20867,1198,15225,55128,87596,830,0,1250,3653,12387,16547,14887,42376,-32468,830,-22223,-2403,-4160,-15607,-13115,-14027,-27489,1
2022-12-24 00:00:00,134639,147209,844,15324,8077,19863,1369,14681,57656,80576,595,0,1290,3617,12264,16418,15527,40656,-22920,595,-12570,-2327,-4154,-14480,-11786,-13312,-25129,1
2022-12-24 01:00:00,135988,145702,1091,14412,8114,19338,1628,14453,60808,76384,404,0,1300,3631,11643,16247,15220,39822,-15576,404,-9714,-2331,-4604,-13321,-11224,-12825,-24602,1
2022-12-24 02:00:00,139233,148037,1113,13978,8183,19243,1779,14413,60352,74152,402,0,1354,3543,11600,16309,15134,39318,-13800,402,-8804,-2189,-4709,-12865,-11060,-12634,-24184,1
2022-12-24 03:00:00,142627,150332,1176,14208,8624,19942,1854,14637,60100,72932,511,0,1417,3511,11874,16455,14722,39188,-12832,511,-7705,-2094,-4581,-13032,-11318,-12783,-24466,1
2022-12-24 04:00:00,140441,153158,1087,14871,8505,21779,1895,15365,59640,72868,1028,0,1391,3566,12592,16907,14125,39684,-13228,1028,-12717,-2175,-4315,-13784,-13274,-13470,-25559,1
2022-12-24 05:00:00,132483,156782,1301,16048,7865,23755,1856,16258,59084,75776,1322,0,1420,3807,12758,17687,14078,41287,-16692,1322,-24299,-2387,-4929,-14747,-15890,-14402,-27209,1
2022-12-24 06:00:00,117841,168787,1357,17162,7909,25778,1954,17573,58632,80672,1313,0,1492,4058,12935,18452,13521,44320,-22040,1313,-50946,-2566,-5517,-15805,-17869,-15619,-30799,1
2022-12-24 07:00:00,115084,183280,1728,18351,8384,27232,2240,18945,59464,86276,1839,0,1634,4197,12965,18654,13479,47100,-26812,1839,-68196,-2563,-5689,-16623,-18848,-16705,-33621,1
2022-12-24 08:00:00,124795,194391,2000,19173,8410,27083,2564,19617,65132,92764,2264,0,1714,4211,13223,18774,13573,49358,-27632,2264,-69596,-2497,-5551,-17173,-18673,-17053,-35785,1
2022-12-24 09:00:00,127458,200997,2435,19476,9105,26753,2678,19740,71432,94948,2128,0,1682,4230,13409,18903,11838,48900,-23516,2128,-73539,-2548,-5494,-17041,-17648,-17062,-37062,1
2022-12-24 10:00:00,134334,206248,2591,19655,9344,26426,2293,19621,76336,94300,2240,0,1712,4182,13445,18812,9344,47426,-17964,2240,-71914,-2470,-5367,-17064,-17082,-17328,-38082,1
2022-12-24 11:00:00,129920,203203,2302,19353,8747,26003,1902,19386,79900,93688,2598,0,1711,4157,13203,18382,8777,47070,-13788,2598,-73283,-2446,-5179,-17051,-17256,-17484,-38293,1
2022-12-24 12:00:00,121852,194391,1815,18965,7654,26009,1748,19051,80988,93128,2720,0,1754,4190,13634,18581,8738,46620,-12140,2720,-72539,-2436,-4947,-17150,-18355,-17303,-37882,1
2022-12-24 13:00:00,108785,186781,1523,18651,6594,26376,2125,19327,79064,91552,2490,0,1880,4332,13760,18773,7692,46380,-12488,2490,-77996,-2452,-5013,-17128,-19782,-17202,-38688,1
2022-12-24 14:00:00,111599,186463,1027,18842,6469,27861,2266,19440,75992,90048,2478,0,2097,4651,13721,18862,7481,48651,-14056,2478,-74864,-2554,-5141,-17815,-21392,-17174,-41170,1
2022-12-24 15:00:00,119454,195063,979,19429,8429,30256,2135,17961,63384,91012,2551,0,2192,4878,13476,18688,6971,52893,-27628,2551,-75609,-2686,-5212,-18450,-21827,-15826,-45922,1
2022-12-24 16:00:00,119384,202785,1001,18772,9233,30596,1939,17012,59672,96968,2498,0,2045,4121,13254,18467,6122,55325,-37296,2498,-83401,-2076,-5213,-17771,-21363,-15073,-49203,1
2022-12-24 17:00:00,110319,193512,951,18074,9315,30025,1636,16504,56988,104456,2442,0,1811,3707,13220,18351,6699,53608,-47468,2442,-83193,-1896,-5131,-17123,-20710,-14868,-46909,1
2022-12-24 18:00:00,99244,181569,965,17711,7004,27694,1241,16317,58068,103792,2376,0,1871,3619,13299,18192,7686,51001,-45724,2376,-82325,-1748,-4893,-16746,-20690,-15076,-43315,1
2022-12-24 19:00:00,94285,171504,1058,17480,5119,25481,1206,16085,57928,100396,2183,0,1819,3499,13462,17860,8403,48750,-42468,2183,-77219,-1680,-4398,-16422,-20362,-14879,-40347,1
2022-12-24 20:00:00,94785,169364,805,17259,4423,23985,1174,15830,60148,92540,1912,0,1803,3386,13409,17770,10281,46844,-32392,1912,-74579,-1583,-4361,-16454,-19562,-14656,-36563,1
2022-12-24 21:00:00,88170,166167,679,16798,4307,22510,1237,15097,53432,83996,1432,0,1740,3360,13229,17259,11215,44939,-30564,1432,-77997,-1620,-4030,-16119,-18203,-13860,-33724,1
2022-12-24 22:00:00,83405,156744,637,15895,4364,20400,1386,14135,57212,80484,1342,0,1913,3293,12847,16685,10220,42894,-23272,1342,-73339,-1380,-3838,-15258,-16036,-12749,-32674,1
2022-12-24 23:00:00,85482,147415,619,14900,4033,19023,1420,13444,61396,78076,1235,0,2066,3221,12595,16410,10668,40896,-16680,1235,-61933,-1155,-3815,-14281,-14990,-12024,-30228,1
2022-12-25 00:00:00,84885,140306,631,14207,4009,17761,1402,12959,62232,74204,1457,0,2010,3139,12629,16423,10529,39144,-11972,1457,-55421,-1129,-3794,-13576,-13752,-11557,-28615,1
2022-12-25 01:00:00,88784,137905,638,13496,4381,16997,1274,12684,58972,70024,1618,0,2139,3129,12748,16244,10645,38104,-11052,1618,-49121,-990,-3496,-12858,-12616,-11410,-27459,1
2022-12-25 02:00:00,93896,140515,681,13130,4535,16730,1180,12730,57572,66836,1589,0,2290,3146,12548,16117,10309,37507,-9264,1589,-46619,-856,-3569,-12449,-12195,-11550,-27198,1
2022-12-25 03:00:00,102086,141473,642,13351,4734,17050,1061,12906,59888,65060,1522,0,2415,3151,12667,16070,10526,37328,-5172,1522,-39387,-736,-3403,-12709,-12316,-11845,-26802,1
2022-12-25 04:00:00,104839,141829,575,13853,5123,18025,1021,13242,58524,64452,1603,0,2671,3207,12717,16248,10979,37762,-5928,1603,-36990,-536,-3531,-13278,-12902,-12221,-26783,1
2022-12-25 05:00:00,105638,144045,553,14765,5034,18965,999,13521,59924,65556,1334,0,2842,3317,12989,16636,9509,38791,-5632,1334,-38407,-475,-3647,-14212,-13931,-12522,-29282,1
2022-12-25 06:00:00,99565,151544,751,15632,5811,20451,1010,14051,60276,67136,1074,0,3315,3546,13116,16995,7550,40758,-6860,1074,-51979,-231,-3879,-14881,-14640,-13041,-33208,1
2022-12-25 07:00:00,95907,162645,1913,16242,6928,22771,1439,15007,57736,68268,721,0,3565,3689,13428,17669,7008,43730,-10532,721,-66738,-124,-4241,-14329,-15843,-13568,-36722,1
2022-12-25 08:00:00,107221,176069,2665,16498,7829,23967,1998,15562,62400,73000,559,0,3547,3841,13584,17858,8092,47051,-10600,559,-68848,-294,-4274,-13833,-16138,-13564,-38959,1
2022-12-25 09:00:00,122939,186621,3382,16194,7846,24631,2497,15693,66616,77980,420,0,3674,3866,13567,17828,7567,47637,-11364,420,-63682,-192,-4261,-12812,-16785,-13196,-40070,1
2022-12-25 10:00:00,124933,196230,3326,16036,8259,24217,2599,15747,70460,79872,333,0,3712,3952,13814,17807,7085,48013,-9412,333,-71297,-240,-3993,-12710,-15958,-13148,-40928,1
2022-12-25 11:00:00,122367,187438,3159,15421,7764,21978,2390,15860,71736,80708,284,0,3507,3857,14058,17810,5839,47939,-8972,284,-65071,-350,-3752,-12262,-14214,-13470,-42100,1
2022-12-25 12:00:00,114327,177513,2515,15290,7452,20498,1945,15583,66464,80940,571,0,3527,3808,14244,17842,4169,47892,-14476,571,-63186,-281,-3598,-12775,-13046,-13638,-43723,1
2022-12-25 13:00:00,103559,175610,1452,15950,5857,20588,1689,15603,65812,77732,1294,0,3286,3864,14724,17525,3800,47617,-11920,1294,-72051,-578,-2801,-14498,-14731,-13914,-43817,1
2022-12-25 14:00:00,101379,177153,956,16662,4733,21831,2004,16256,61808,73996,1874,0,3239,4073,14922,17742,4105,48573,-12188,1874,-75774,-834,-2820,-15706,-17098,-14252,-44468,1
2022-12-25 15:00:00,108579,184259,874,17660,5534,24337,2463,16266,58308,76632,1986,0,3219,4212,15113,17685,3257,49687,-18324,1986,-75680,-993,-2572,-16786,-18803,-13803,-46430,1
2022-12-25 16:00:00,118962,191049,1013,17672,6063,24848,2949,16232,53364,81188,2069,0,3133,4114,15058,17327,2572,51940,-27824,2069,-72087,-981,-2269,-16659,-18785,-13283,-49368,1
2022-12-25 17:00:00,120736,191985,1073,17612,7208,25278,3388,16198,52908,87436,1511,0,3052,3901,15051,16949,2170,50956,-34528,1511,-71249,-849,-1898,-16539,-18070,-12810,-48786,1
2022-12-25 18:00:00,121683,187838,1208,17662,6973,24958,3843,16027,53492,90212,1166,0,2807,3744,14932,16514,2638,48815,-36720,1166,-66155,-937,-1582,-16454,-17985,-12184,-46177,1
2022-12-25 19:00:00,114000,181833,1386,17513,5345,24090,4324,15628,57084,92888,1760,0,2632,3636,14550,16109,3590,47316,-35804,1760,-67833,-1004,-1559,-16127,-18745,-11304,-43726,1
2022-12-25 20:00:00,117217,177220,1412,17004,4489,22752,4343,15063,57136,92844,1490,0,2228,3470,14075,15776,4268,45706,-35708,1490,-60003,-1242,-1701,-15592,-18263,-10720,-41438,1
2022-12-25 21:00:00,119211,171983,1350,16347,4113,21017,4533,14176,55108,87852,1066,0,2012,3300,13251,15094,4977,44103,-32744,1066,-52772,-1288,-1843,-14997,-16904,-9643,-39126,1
2022-12-25 22:00:00,115933,161068,1227,15328,4065,18860,4277,13218,49820,81072,1014,0,1877,3241,13303,14476,6314,42258,-31252,1014,-45135,-1364,-1173,-14101,-14795,-8941,-35944,1
2022-12-25 23:00:00,115962,151482,1160,14426,4281,17563,4347,12583,44216,75040,858,0,1663,3174,12627,14198,6911,40061,-30824,858,-35520,-1511,-1571,-13266,-13282,-8236,-33150,1
2022-12-26 00:00:00,121947,146629,1046,13783,5038,16850,4377,12200,43740,69944,1194,0,1570,3135,11991,13784,10467,38723,-26204,1194,-24682,-1565,-1793,-12737,-11812,-7823,-28256,1
2022-12-26 01:00:00,128290,144442,865,13136,5414,16615,4010,11824,46160,66744,963,0,1411,3181,11707,13797,13346,37979,-20584,963,-16152,-1770,-2090,-12271,-11201,-7814,-24633,1
2022-12-26 02:00:00,138253,143752,695,12896,5964,16599,4492,11924,46464,65460,989,0,1499,3192,11295,13901,15250,37432,-18996,989,-5499,-1693,-2606,-12201,-10635,-7432,-22182,1
2022-12-26 03:00:00,142468,144288,656,13164,5388,17231,4135,12073,43928,65552,868,0,1698,3193,11298,14566,16583,37100,-21624,868,-1820,-1495,-3268,-12508,-11843,-7938,-20517,1
2022-12-26 04:00:00,146841,145105,598,13674,5210,18529,4061,12453,41224,67836,858,0,1905,3252,11334,14705,17466,37732,-26612,858,1736,-1347,-3371,-13076,-13319,-8392,-20266,2
2022-12-26 05:00:00,156257,149490,603,14553,5683,19516,4249,12759,38824,72724,929,0,2260,3474,11745,15176,17835,39238,-33900,929,6767,-1214,-3431,-13950,-13833,-8510,-21403,2
2022-12-26 06:00:00,161966,158557,729,15296,6279,20627,4447,13364,36120,77804,1025,0,2632,3696,12219,15823,17861,41211,-41684,1025,3409,-1064,-3604,-14567,-14348,-8917,-23350,2
2022-12-26 07:00:00,161391,171785,1388,16044,7632,22421,4698,14327,39192,81380,704,0,3147,3921,12489,16391,18273,43948,-42188,704,-10394,-774,-3902,-14656,-14789,-9629,-25675,1
2022-12-26 08:00:00,163892,182781,2387,16421,8168,23223,6344,15429,43156,86528,1176,0,3535,4048,12718,16834,17989,46316,-43372,1176,-18889,-513,-4116,-14034,-15055,-9085,-28327,1
2022-12-26 09:00:00,174267,191479,3048,16391,8115,23584,7181,15955,54628,89736,1535,0,3994,4117,12731,17292,16957,47296,-35108,1535,-17212,-123,-4561,-13343,-15469,-8774,-30339,1
2022-12-26 10:00:00,182952,200960,3179,16390,8134,23655,7448,16094,60052,89776,1444,0,4560,4064,12801,17396,13933,45749,-29724,1444,-18008,496,-4595,-13211,-15521,-8646,-31816,1
2022-12-26 11:00:00,186445,199160,2890,16064,7871,22569,6876,16119,64808,89616,1974,0,4957,4001,12715,17233,12124,44206,-24808,1974,-12715,956,-4518,-13174,-14698,-9243,-32082,1
2022-12-26 12:00:00,189585,195050,2174,15969,7005,22022,6071,15942,65044,91052,2012,0,5456,3958,12865,17194,11990,43390,-26008,2012,-5465,1498,-4329,-13795,-15017,-9871,-31400,1
2022-12-26 13:00:00,179295,190710,1300,16489,6781,22460,5861,15920,66900,90008,1824,0,5755,3900,13177,17602,12680,43955,-23108,1824,-11415,1855,-4425,-15189,-15679,-10059,-31275,3
2022-12-26 14:00:00,168240,190054,613,17144,7516,23481,6158,16361,63788,87020,1484,0,5897,4053,13612,18014,11322,45685,-23232,1484,-21814,1844,-4402,-16531,-15965,-10203,-34363,3
2022-12-26 15:00:00,167725,196128,502,18226,9027,25815,6239,16451,52760,87332,1114,0,5701,4239,14017,18327,12175,50176,-34572,1114,-28403,1462,-4310,-17724,-16788,-10212,-38001,3
2022-12-26 16:00:00,173400,203872,495,18173,9051,26469,6793,16694,41508,91584,746,0,5377,4112,13977,18289,14363,53613,-50076,746,-30472,1265,-4312,-17678,-17418,-9901,-39250,3
2022-12-26 17:00:00,167226,203042,495,18191,9527,26961,6932,16619,40832,98124,740,0,5225,3973,14025,17989,15542,52555,-57292,740,-35816,1252,-3964,-17696,-17434,-9687,-37013,3
2022-12-26 18:00:00,161963,197014,496,18180,9170,26330,6727,16414,40232,100660,724,0,5040,3881,13955,17811,16285,50659,-60428,724,-35051,1159,-3856,-17684,-17160,-9687,-34374,3
2022-12-26 19:00:00,159752,188709,505,17935,7736,25010,6418,15876,40292,103032,640,0,4965,3754,13611,16966,16412,49178,-62740,640,-28957,1211,-3355,-17430,-17274,-9458,-32766,3
2022-12-26 20:00:00,159584,184749,511,17385,7288,23222,5811,15090,40848,101160,538,0,4969,3626,13201,16441,16196,47550,-60312,538,-25165,1343,-3240,-16874,-15934,-9279,-31354,3
2022-12-26 21:00:00,161584,179555,519,16605,6741,21145,5083,13933,41552,93728,638,0,4907,3508,12557,15852,16285,45648,-52176,638,-17971,1399,-3295,-16086,-14404,-8850,-29363,3
2022-12-26 22:00:00,168507,170957,545,15580,7586,19130,4891,13097,41416,86172,483,0,4787,3474,12662,15783,15948,43774,-44756,483,-2450,1313,-3121,-15035,-11544,-8206,-27826,3
2022-12-26 23:00:00,167879,162914,555,14690,7807,17845,4730,12612,32844,80724,522,0,4402,3408,11024,15581,16456,41658,-47880,522,4965,994,-4557,-14135,-10038,-7882,-25202,2
2022-12-27 00:00:00,166574,157611,586,13957,8356,17187,4695,12319,35080,75788,516,0,4225,3337,10571,15679,16329,39856,-40708,516,8963,888,-5108,-13371,-8831,-7624,-23527,2
2022-12-27 01:00:00,163387,159218,619,13362,8782,17007,4710,12307,37760,72436,543,0,4144,3312,10073,15609,15978,38947,-34676,543,4169,832,-5536,-12743,-8225,-7597,-22969,2
2022-12-27 02:00:00,161761,161886,814,13162,8643,17294,4810,12704,37972,70904,804,0,4108,3293,9901,15618,15003,38597,-32932,804,-125,815,-5717,-12348,-8651,-7894,-23594,3
2022-12-27 03:00:00,161415,166069,1004,13666,7865,18713,5830,13921,39088,71148,810,0,4312,3370,10970,15964,14560,39037,-32060,810,-4654,942,-4994,-12662,-10848,-8091,-24477,3
2022-12-27 04:00:00,159600,172533,1194,14767,5887,22162,6183,16157,39460,75144,638,0,4529,3595,11996,16936,12815,40693,-35684,638,-12933,934,-4940,-13573,-16275,-9974,-27878,3
2022-12-27 05:00:00,162416,184686,1235,16124,6581,25784,6424,17891,36728,84752,1066,0,4745,3916,13980,17997,12024,44066,-48024,1066,-22270,829,-4017,-14889,-19203,-11467,-32042,1
2022-12-27 06:00:00,164853,199794,1412,16940,8077,29226,7035,19218,39976,95628,2484,0,4799,4182,14647,18376,10594,48256,-55652,2484,-34941,617,-3729,-15528,-21149,-12183,-37662,1
2022-12-27 07:00:00,172922,213242,2481,17249,9157,30865,7808,20131,44196,102980,2521,0,4538,4322,14778,18322,9897,51836,-58784,2521,-40320,216,-3544,-14768,-21708,-12323,-41939,1
2022-12-27 08:00:00,179307,220426,4167,16936,9155,30186,8386,20561,54592,106876,2508,0,4560,4375,14932,18434,9708,51839,-52284,2508,-41119,185,-3502,-12769,-21031,-12175,-42131,1
2022-12-27 09:00:00,187266,223825,5305,16623,9790,29524,8738,20913,64560,106208,2616,0,4642,4323,15115,18344,10167,49152,-41648,2616,-36559,319,-3229,-11318,-19734,-12175,-38985,1
2022-12-27 10:00:00,193803,227769,5190,16888,9771,28554,8650,21024,71904,103212,2488,0,4458,4248,15142,18071,10633,48108,-31308,2488,-33966,210,-2929,-11698,-18783,-12374,-37475,1
2022-12-27 11:00:00,190357,226060,4680,17272,10045,28379,8431,21504,75164,102224,2316,0,4241,4209,15406,18252,10925,48661,-27060,2316,-35703,32,-2846,-12592,-18334,-13073,-37736,1
2022-12-27 12:00:00,177090,220647,3905,17769,8606,29236,7655,21107,76936,102332,1888,0,4252,4176,15656,18427,11618,50007,-25396,1888,-43557,76,-2771,-13864,-20630,-13452,-38389,1
2022-12-27 13:00:00,158735,216412,2142,18639,7024,29734,7111,21011,75520,100420,1842,0,4098,4218,15849,18601,13579,52189,-24900,1842,-57677,-120,-2752,-16497,-22710,-13900,-38610,1
2022-12-27 14:00:00,142016,216302,1017,19586,6932,30784,6831,21592,74284,99292,1798,0,3935,4447,15947,19087,14522,54162,-25008,1798,-74286,-512,-3140,-18569,-23852,-14761,-39640,1
2022-12-27 15:00:00,148675,224438,817,20477,7923,32668,6760,21457,62952,102276,1862,0,4083,4670,15899,19442,15536,58049,-39324,1862,-75763,-587,-3543,-19660,-24745,-14697,-42513,1
2022-12-27 16:00:00,161266,232248,868,20156,7221,32510,6258,21041,51920,106688,2198,0,3904,4497,15743,19216,16740,60772,-54768,2198,-70982,-593,-3473,-19288,-25289,-14783,-44032,1
2022-12-27 17:00:00,168455,230274,816,19902,7227,32272,6334,20946,53396,112096,2864,0,3631,4228,15392,18605,17734,58165,-58700,2864,-61819,-597,-3213,-19086,-25045,-14612,-40431,1
2022-12-27 18:00:00,168233,221057,708,19646,6247,30459,5985,20378,54620,113504,3001,0,3539,4056,15054,17851,18497,55529,-58884,3001,-52824,-517,-2797,-18938,-24212,-14393,-37032,1
2022-12-27 19:00:00,156533,208101,700,19185,5271,28090,5443,19219,56248,115180,2360,0,3673,3863,14723,17401,18611,52774,-58932,2360,-51568,-190,-2678,-18485,-22819,-13776,-34163,1
2022-12-27 20:00:00,158866,200669,654,18929,4833,25329,5312,17942,54932,111524,1715,0,3689,3711,14254,16673,18488,50200,-56592,1715,-41803,-22,-2419,-18275,-20496,-12630,-31712,1
2022-12-27 21:00:00,157652,191832,643,18369,5057,22664,5029,16712,51516,101348,1280,0,3952,3630,13781,16263,18689,47287,-49832,1280,-34180,322,-2482,-17726,-17607,-11683,-28598,1
2022-12-27 22:00:00,153564,178742,703,17335,4971,20444,4824,15692,47872,92220,737,0,4370,3552,12092,15901,18349,44810,-44348,737,-25178,818,-3809,-16632,-15473,-10868,-26461,3
2022-12-27 23:00:00,165569,169668,810,16165,5706,18996,4647,15049,46060,86004,642,0,4640,3613,10971,15785,17960,42536,-39944,642,-4099,1027,-4814,-15355,-13290,-10402,-24576,3
2022-12-28 00:00:00,175195,164366,796,15327,6107,18285,4506,14819,48480,80264,630,0,5274,3582,10541,15719,17543,40643,-31784,630,10829,1692,-5178,-14531,-12178,-10313,-23100,2
2022-12-28 01:00:00,171863,163041,842,14735,6914,18080,4698,14799,53744,77260,820,0,4883,3621,10461,15859,17653,39593,-23516,820,8822,1262,-5398,-13893,-11166,-10101,-21940,2
2022-12-28 02:00:00,169200,164713,903,14580,6792,18338,4725,15161,55804,75812,632,0,5278,3541,10709,15986,17593,39204,-20008,632,4487,1737,-5277,-13677,-11546,-10436,-21611,2
2022-12-28 03:00:00,172902,169497,916,15082,6004,19698,4766,16074,57268,76108,97,0,5473,3635,11181,16349,17711,39478,-18840,97,3405,1838,-5168,-14166,-13694,-11308,-21767,2
2022-12-28 04:00:00,178441,179243,1048,16162,4955,22909,5039,18061,56104,79192,57,0,5878,3745,12506,17463,18146,41120,-23088,57,-802,2133,-4957,-15114,-17954,-13022,-22974,3
2022-12-28 05:00:00,191823,191739,1230,17482,5652,26506,5580,19597,53872,88140,252,0,5778,4067,13501,18663,17756,44725,-34268,252,84,1711,-5162,-16252,-20854,-14017,-26969,3
2022-12-28 06:00:00,195549,204257,1533,18108,8053,30027,6482,20436,55152,98496,524,0,5480,4307,13988,19358,18089,48904,-43344,524,-8708,1173,-5370,-16575,-21974,-13954,-30815,3
2022-12-28 07:00:00,195421,213778,2903,18145,9562,31951,7256,21018,63548,105696,1011,0,5249,4457,13946,19573,18421,52290,-42148,1011,-18357,792,-5627,-15242,-22389,-13762,-33869,1
2022-12-28 08:00:00,198161,222160,4433,17834,9855,31682,7555,21319,71712,109048,1782,0,5197,4541,13817,19788,18571,54132,-37336,1782,-23999,656,-5971,-13401,-21827,-13764,-35561,1
2022-12-28 09:00:00,206481,225745,5271,17316,9740,30868,7715,21481,80648,108220,2074,0,5239,4518,13623,19762,18166,54798,-27572,2074,-19264,721,-6139,-12045,-21128,-13766,-36632,1
2022-12-28 10:00:00,212031,226797,5322,17588,9508,29664,7914,21703,84988,105596,1864,0,5082,4396,13693,20014,18130,54873,-20608,1864,-14766,686,-6321,-12266,-20156,-13789,-36743,1
2022-12-28 11:00:00,209099,226735,5193,18014,9046,29004,7329,21817,86268,104712,1672,0,4690,4349,13586,19970,18324,54955,-18444,1672,-17636,341,-6384,-12821,-19958,-14488,-36631,1
2022-12-28 12:00:00,194581,222701,3907,18563,8026,29968,6725,21388,88416,105524,2103,0,3908,4289,13406,19933,18554,55453,-17108,2103,-28120,-381,-6527,-14656,-21942,-14663,-36899,1
2022-12-28 13:00:00,194904,218382,2194,19340,6680,30178,6321,21349,89832,103548,2501,0,3480,4253,13309,19781,18547,55341,-13716,2501,-23478,-773,-6472,-17146,-23498,-15028,-36794,1
2022-12-28 14:00:00,183109,218316,1134,20113,7159,31175,7004,21868,90472,102228,2407,0,3072,4444,13325,19897,18900,54895,-11756,2407,-35207,-1372,-6572,-18979,-24016,-14864,-35995,1
2022-12-28 15:00:00,191132,223663,1248,21085,8771,33380,7311,21612,83380,103436,2530,0,2940,4664,13154,19704,18991,57444,-20056,2530,-32531,-1724,-6550,-19837,-24609,-14301,-38453,1
2022-12-28 16:00:00,198743,230322,1277,20755,8572,33331,7402,21411,73120,109084,3047,0,3483,4532,13116,19386,19115,59623,-35964,3047,-31579,-1049,-6270,-19478,-24759,-14009,-40508,1
2022-12-28 17:00:00,197618,227050,1178,20527,7956,33037,7251,21039,71928,115276,2794,0,3892,4281,12744,18767,19167,57416,-43348,2794,-29432,-389,-6023,-19349,-25081,-13788,-38249,1
2022-12-28 18:00:00,187555,220610,1125,20268,6457,31113,6879,20472,75420,116692,2706,0,4640,4115,12487,17916,19239,55006,-41272,2706,-33055,525,-5429,-19143,-24656,-13593,-35767,1
2022-12-28 19:00:00,180493,208615,1041,19787,5054,28575,6350,19286,74576,117216,2432,0,4912,4095,11734,17226,19153,52209,-42640,2432,-28122,817,-5492,-18746,-23521,-12936,-33056,1
2022-12-28 20:00:00,174606,199958,995,19441,4001,25591,5876,18006,74388,112668,1977,0,5036,3825,11033,16381,19039,49725,-38280,1977,-25352,1211,-5348,-18446,-21590,-12130,-30686,1
2022-12-28 21:00:00,179539,189775,1129,18925,3846,22916,5740,16746,66120,102832,1718,0,5131,3751,10256,15716,18638,46955,-36712,1718,-10236,1380,-5460,-17796,-19070,-11006,-28317,1
2022-12-28 22:00:00,182397,176218,1178,17863,4076,20734,5291,15524,63968,93852,1361,0,4846,3620,9917,15330,17566,44336,-29884,1361,6179,1226,-5413,-16685,-16658,-10233,-26770,2
2022-12-28 23:00:00,178714,164461,1133,16650,3845,19252,5251,14977,64428,87728,1140,0,5127,3506,10191,15109,14279,40922,-23300,1140,14253,1621,-4918,-15517,-15407,-9726,-26643,2
2022-12-29 00:00:00,169956,158847,1082,15679,4701,18495,5476,14683,61388,81412,1030,0,5287,3409,10394,14830,14195,39566,-20024,1030,11109,1878,-4436,-14597,-13794,-9207,-25371,2
2022-12-29 01:00:00,171536,155350,1061,15122,5027,18215,5769,14692,61904,77368,2191,0,5088,3364,9976,14689,14586,38937,-15464,2191,16186,1724,-4713,-14061,-13188,-8923,-24351,2
2022-12-29 02:00:00,172549,157988,938,14992,4982,18422,5853,14983,57788,75860,1450,0,5007,3349,10341,14788,14680,38593,-18072,1450,14561,1658,-4447,-14054,-13440,-9130,-23913,2
2022-12-29 03:00:00,175520,163696,913,15492,5005,19705,6262,15695,57284,75928,1079,0,5002,3401,11252,15309,14346,38967,-18644,1079,11824,1601,-4057,-14579,-14700,-9433,-24621,2
2022-12-29 04:00:00,182132,173390,825,16533,4384,22908,6496,17608,56760,78868,846,0,5148,3639,11587,16134,14300,40610,-22108,846,8742,1509,-4547,-15708,-18524,-11112,-26310,2
2022-12-29 05:00:00,184220,184492,812,17811,5992,26486,6550,18992,60572,87460,1746,0,5698,3976,12296,16765,14982,44468,-26888,1746,-272,1722,-4469,-16999,-20494,-12442,-29486,1
2022-12-29 06:00:00,186532,198985,957,18446,8577,29574,7001,19780,68020,98040,1880,0,5887,4316,12725,17289,18151,48948,-30020,1880,-12453,1571,-4564,-17489,-20997,-12779,-30797,1
2022-12-29 07:00:00,188392,209059,2044,18686,9761,31127,7499,20414,70540,104660,2459,0,5891,4442,13108,17307,18674,52593,-34120,2459,-20667,1449,-4199,-16642,-21366,-12915,-33919,1
2022-12-29 08:00:00,194848,217985,3263,18835,9534,30422,7673,20465,78028,109784,2721,0,6043,4546,13268,17340,18781,53190,-31756,2721,-23137,1497,-4072,-15572,-20888,-12792,-34409,1
2022-12-29 09:00:00,197855,220648,3659,18981,9761,29906,8425,20836,83164,110760,2813,0,6091,4508,13818,17977,19020,52649,-27596,2813,-22793,1583,-4159,-15322,-20145,-12411,-33629,1
2022-12-29 10:00:00,207125,223333,3626,19204,9828,29016,8334,20884,87816,109416,2836,0,5896,4549,13752,17978,18783,51304,-21600,2836,-16208,1347,-4226,-15578,-19188,-12550,-32521,1
2022-12-29 11:00:00,212064,223567,3333,19265,9630,28780,7672,21075,86412,108784,2734,0,5718,4493,13767,17702,18340,50294,-22372,2734,-11503,1225,-3935,-15932,-19150,-13403,-31954,1
2022-12-29 12:00:00,206994,220029,2591,19371,8449,29158,6737,20716,88572,110480,1916,0,5392,4378,13954,17714,18331,50851,-21908,1916,-13035,1014,-3760,-16780,-20709,-13979,-32520,1
2022-12-29 13:00:00,200266,216731,1595,19863,6920,29414,6350,20775,84468,108380,2016,0,5514,4381,14167,17798,18499,51627,-23912,2016,-16465,1133,-3631,-18268,-22494,-14425,-33128,1
2022-12-29 14:00:00,190437,217536,739,20485,8125,30742,6777,21433,81968,106276,1362,0,5853,4532,14499,18025,18280,53295,-24308,1362,-27099,1321,-3526,-19746,-22617,-14656,-35015,1
2022-12-29 15:00:00,190046,223826,648,21405,9699,32667,7065,21211,77968,107048,1228,0,6021,4703,14984,17987,18344,56644,-29080,1228,-33780,1318,-3003,-20757,-22968,-14146,-38300,3
2022-12-29 16:00:00,196685,229456,775,21083,9484,32635,7270,20879,74756,111104,1490,0,5961,4567,14882,17898,18621,59119,-36348,1490,-32771,1394,-3016,-20308,-23151,-13609,-40498,1
2022-12-29 17:00:00,196116,226239,783,20770,9208,32388,7685,20604,78196,116148,1456,0,5857,4271,14686,17363,18580,56836,-37952,1456,-30123,1586,-2677,-19987,-23180,-12919,-38256,3
2022-12-29 18:00:00,186853,217288,813,20449,7488,30419,7690,20226,80108,117356,1547,0,5706,4053,14052,16684,18595,54765,-37248,1547,-30435,1653,-2632,-19636,-22931,-12536,-36170,3
2022-12-29 19:00:00,172554,205615,806,19980,6766,27993,7004,19034,80988,118392,1586,0,5516,3903,13526,16125,18279,52290,-37404,1586,-33061,1613,-2599,-19174,-21227,-12030,-34011,3
2022-12-29 20:00:00,172328,196600,738,19573,6312,25196,6115,17814,80724,114232,1697,0,5342,3710,13267,15506,18413,49653,-33508,1697,-24272,1632,-2239,-18835,-18884,-11699,-31240,1
2022-12-29 21:00:00,166425,186436,658,19012,6475,22623,5802,16509,77668,104660,1674,0,5205,3548,12596,14742,18292,47337,-26992,1674,-20011,1657,-2146,-18354,-16148,-10707,-29045,1
2022-12-29 22:00:00,168198,175899,658,17893,6247,20507,5680,15526,78980,95244,1645,0,5498,3491,11276,14324,17256,45005,-16264,1645,-7701,2007,-3048,-17235,-14260,-9846,-27749,3
2022-12-29 23:00:00,171459,167195,738,16530,6534,19055,5571,14933,82256,88856,1920,0,5738,3430,10765,14098,16025,42694,-6600,1920,4264,2308,-3333,-15792,-12521,-9362,-26669,2
2022-12-30 00:00:00,162360,160015,753,15575,7175,18270,5662,14543,81568,82448,2093,0,5848,3355,10449,13957,14875,40904,-880,2093,2345,2493,-3508,-14822,-11095,-8881,-26029,3
2022-12-30 01:00:00,153126,157273,769,14876,7328,18006,5743,14445,79272,78328,2126,0,5678,3309,9636,13923,14197,39836,944,2126,-4147,2369,-4287,-14107,-10678,-8702,-25639,3
2022-12-30 02:00:00,144371,157335,646,14611,7407,18197,5925,14768,78120,76232,2071,0,5578,3314,9520,14058,14672,39028,1888,2071,-12964,2264,-4538,-13965,-10790,-8843,-24356,3
2022-12-30 03:00:00,146372,162943,580,15017,6774,19388,5770,15418,77332,75976,1930,0,5665,3392,10062,14404,15459,40029,1356,1930,-16571,2273,-4342,-14437,-12614,-9648,-24570,3
2022-12-30 04:00:00,147219,167435,574,15887,6720,22288,5895,17217,79420,78812,1636,0,5106,3612,10112,15519,15478,41775,608,1636,-20216,1494,-5407,-15313,-15568,-11322,-26297,1
2022-12-30 05:00:00,143184,176958,565,17079,8030,25624,6075,18617,83408,86984,1710,0,4745,3859,11691,16474,15656,45152,-3576,1710,-33774,886,-4783,-16514,-17594,-12542,-29496,1
2022-12-30 06:00:00,145374,192261,583,17897,10443,28669,6624,19407,91048,97204,1491,0,4655,4153,12226,17112,16423,49202,-6156,1491,-46887,502,-4886,-17314,-18226,-12783,-32779,1
2022-12-30 07:00:00,155606,203771,773,18936,11324,30417,7370,20159,87776,103556,1772,0,4687,4318,12245,17408,17181,53048,-15780,1772,-48165,369,-5163,-18163,-19093,-12789,-35867,1
2022-12-30 08:00:00,167577,209754,973,19685,10981,30141,7958,20279,89332,108372,2585,0,4700,4441,12016,17632,18070,54416,-19040,2585,-42177,259,-5616,-18712,-19160,-12321,-36346,1
2022-12-30 09:00:00,181986,212626,1267,20178,11125,29606,8034,20300,93748,108644,2940,0,4875,4430,11957,17331,18420,53694,-14896,2940,-30640,445,-5374,-18911,-18481,-12266,-35274,1
2022-12-30 10:00:00,194319,214763,1503,20551,10416,28279,7672,20208,101388,107252,3498,0,5388,4420,11697,16963,18916,53595,-5864,3498,-20444,968,-5266,-19048,-17863,-12536,-34679,1
2022-12-30 11:00:00,198395,212774,1680,20425,9748,27528,6241,20287,106768,106356,3654,0,5618,4511,11528,17025,18956,54132,412,3654,-14379,1107,-5497,-18745,-17780,-14046,-35176,1
2022-12-30 12:00:00,189912,206928,1565,20186,8573,27938,4901,20114,106408,106552,3668,0,5578,4336,11353,17069,18932,54507,-144,3668,-17016,1242,-5716,-18621,-19365,-15213,-35575,1
2022-12-30 13:00:00,186542,207802,1060,20320,8400,28511,4399,20364,104128,104220,3596,0,5530,4330,11305,17399,19111,54700,-92,3596,-21260,1200,-6094,-19260,-20111,-15965,-35589,1
2022-12-30 14:00:00,187836,212325,605,20628,9326,29607,5635,21220,99912,101224,1589,0,5878,4565,11358,17961,18927,55256,-1312,1589,-24489,1313,-6603,-20023,-20281,-15585,-36329,1
2022-12-30 15:00:00,197020,222338,537,21250,10874,31614,6392,21086,89812,101420,898,0,6228,4720,11765,17537,18877,57090,-11608,898,-25318,1508,-5772,-20713,-20740,-14694,-38213,3
2022-12-30 16:00:00,206843,230502,574,20721,11352,31848,6925,20831,81604,105640,562,0,6359,4622,11579,16995,19010,58772,-24036,562,-23659,1737,-5416,-20147,-20496,-13906,-39762,3
2022-12-30 17:00:00,210844,229943,587,20376,11382,31568,7035,20550,82316,112000,496,0,6505,4375,11667,16643,18801,56394,-29684,496,-19099,2130,-4976,-19789,-20186,-13515,-37593,3
2022-12-30 18:00:00,201552,218100,683,19963,10025,29745,6865,20129,85232,112752,534,0,6526,4187,11704,16068,18782,53963,-27520,534,-16548,2339,-4364,-19280,-19720,-13264,-35181,3
2022-12-30 19:00:00,187062,205384,760,19437,7612,27242,7047,18937,84660,112624,366,0,6404,4103,11204,15176,18512,51460,-27964,366,-18322,2301,-3972,-18677,-19630,-11890,-32948,3
2022-12-30 20:00:00,179589,195641,788,19097,6786,24728,7227,17703,79124,108528,763,0,6257,3965,10779,14708,18076,49046,-29404,763,-16052,2292,-3929,-18309,-17942,-10476,-30970,3
2022-12-30 21:00:00,169943,185953,948,18518,6124,22295,7366,16437,75676,99944,601,0,5317,3750,10887,14606,17911,46475,-24268,601,-16010,1567,-3719,-17570,-16171,-9071,-28564,3
2022-12-30 22:00:00,169182,172198,991,17409,6216,20818,6797,15093,71452,91892,402,0,5337,3523,10899,13945,17188,44192,-20440,402,-3016,1814,-3046,-16418,-14602,-8296,-27004,3
2022-12-30 23:00:00,171333,157706,1035,16074,6344,19216,6551,14238,63632,85640,248,0,4292,3408,10943,13631,15791,41998,-22008,248,13627,884,-2688,-15039,-12872,-7687,-26207,2
2022-12-31 00:00:00,162098,150281,947,15087,6712,18297,7163,13940,60708,78940,204,0,3553,3262,11217,13385,15326,40329,-18232,204,11817,291,-2168,-14140,-11585,-6777,-25003,2
2022-12-31 01:00:00,154982,147873,845,14350,6456,17824,7181,13812,55420,74316,130,0,3463,3162,11172,13608,14503,39444,-18896,130,7109,301,-2436,-13505,-11368,-6631,-24941,2
2022-12-31 02:00:00,149589,147408,809,14002,5861,17882,7022,13810,52856,71912,27,0,3348,3071,11351,13595,12710,38899,-19056,27,2181,277,-2244,-13193,-12021,-6788,-26189,2
2022-12-31 03:00:00,146426,149374,698,14129,4993,18724,6669,13906,49036,70996,4,0,3278,3104,11709,13558,12603,38906,-21960,4,-2948,174,-1849,-13431,-13731,-7237,-26303,3
2022-12-31 04:00:00,144813,152410,574,14737,4475,20558,6673,14583,49052,71724,0,0,3131,3235,12016,13630,13240,39604,-22672,0,-7597,-104,-1614,-14163,-16083,-7910,-26364,1
2022-12-31 05:00:00,142978,157872,583,15685,5031,22374,6627,15079,53504,74864,1,0,3035,3419,11944,13912,13701,41280,-21360,1,-14894,-384,-1968,-15102,-17343,-8452,-27579,1
2022-12-31 06:00:00,147115,168851,728,16564,6415,24418,6955,15911,56412,79752,3,0,4166,3710,11578,14266,14465,43602,-23340,3,-21736,456,-2688,-15836,-18003,-8956,-29137,3
2022-12-31 07:00:00,156108,180734,1403,17639,7871,26117,7681,17078,59604,84952,29,0,4179,3904,11525,14634,16393,47041,-25348,29,-24626,275,-3109,-16236,-18246,-9397,-30648,3
2022-12-31 08:00:00,165143,187460,2347,18386,8251,25976,7993,17667,67168,91292,47,0,3938,4026,11682,14695,16693,50297,-24124,47,-22317,-88,-3013,-16039,-17725,-9674,-33604,1
2022-12-31 09:00:00,183152,194082,3158,18855,8611,25504,8022,17887,78632,93912,33,0,3843,4102,11635,14860,16807,50554,-15280,33,-10930,-259,-3225,-15697,-16893,-9865,-33747,1
2022-12-31 10:00:00,189849,199911,2852,19675,8733,25438,8182,18015,83352,92728,94,0,3793,4130,11556,15080,17501,50950,-9376,94,-10062,-337,-3524,-16823,-16705,-9833,-33449,1
2022-12-31 11:00:00,197982,201862,2370,19779,8170,25190,7878,18091,80728,91100,138,0,3184,4147,11258,15264,18051,51581,-10372,138,-3880,-963,-4006,-17409,-17020,-10213,-33530,1
2022-12-31 12:00:00,205090,201226,2228,19290,7061,25501,7540,18026,80560,91360,185,0,2683,4083,11506,15451,18072,51206,-10800,185,3864,-1400,-3945,-17062,-18440,-10486,-33134,2
2022-12-31 13:00:00,194058,196650,1621,19212,5372,25901,7652,18172,80060,90188,173,0,2281,4105,11941,15895,18109,51029,-10128,173,-2592,-1824,-3954,-17591,-20529,-10520,-32920,1
2022-12-31 14:00:00,182240,196967,952,19535,4831,26991,8199,18805,80040,88836,191,0,2283,4293,11922,16258,18180,50595,-8796,191,-14727,-2010,-4336,-18583,-22160,-10606,-32415,1
2022-12-31 15:00:00,176237,203098,935,20486,6750,29874,8078,18612,73016,89976,296,0,2305,4398,11950,16104,18345,51304,-16960,296,-26861,-2093,-4154,-19551,-23124,-10534,-32959,1
2022-12-31 16:00:00,184478,211063,818,19954,6933,30275,7853,18131,69760,95868,482,0,2185,4291,11923,16101,18041,52281,-26108,482,-26585,-2106,-4178,-19136,-23342,-10278,-34240,1
2022-12-31 17:00:00,180908,208074,798,19038,6005,29519,7535,17259,70452,105720,736,0,1964,3932,11064,15825,17669,50816,-35268,736,-27166,-1968,-4761,-18240,-23514,-9724,-33147,1
2022-12-31 18:00:00,171489,196557,811,18156,5095,27366,7340,16138,68540,107024,794,0,1751,3694,10452,15250,17927,48440,-38484,794,-25068,-1943,-4798,-17345,-22271,-8798,-30513,1
2022-12-31 19:00:00,175631,184106,851,17488,4198,24809,6959,15211,67056,104484,824,0,1765,3713,10179,14440,17241,45646,-37428,824,-8475,-1948,-4261,-16637,-20611,-8252,-28405,1
2022-12-31 20:00:00,176499,175401,888,17075,3676,23169,6910,14641,62432,97124,830,0,1593,3579,9586,14201,17233,43425,-34692,830,1098,-1986,-4615,-16187,-19493,-7731,-26192,2
2022-12-31 21:00:00,175678,168830,807,16717,3641,21857,7054,13977,61096,87316,676,0,1788,3520,9148,13713,17129,41766,-26220,676,6848,-1732,-4565,-15910,-18216,-6923,-24637,2
2022-12-31 22:00:00,165104,161541,754,16261,3422,20555,5946,13272,55252,82064,489,0,2242,3440,8806,13772,15939,40415,-26812,489,3563,-1198,-4966,-15507,-17133,-7326,-24476,2
2022-12-31 23:00:00,119208,115263,571,11754,0,0,0,0,37696,59888,146,0,0,0,0,0,9117,29551,-22192,146,3945,0,0,-11183,0,0,-20434,2
