start_time,green_energy_DE,DE_Load,green_energy_HU,HU_Load,green_energy_IT,IT_Load,green_energy_PO,PO_Load,green_energy_SP,SP_Load,green_energy_UK,UK_Load,green_energy_DK,DK_Load,green_energy_SE,SE_Load,green_energy_NE,NE_Load,SP_surplus,UK_surplus,DE_surplus,DK_surplus,SE_surplus,HU_surplus,IT_surplus,PO_surplus,NE_surplus,label
2022-10-20 00:00:00,142135,173505,949,16021,5651,23921,1094,16350,45832,85880,0,0,1823,3187,11266,13261,12242,38634,-40048,0,-31370,-1364,-1995,-15072,-18270,-15256,-26392,1
2022-10-20 01:00:00,144582,177254,864,15951,5859,24211,1121,16745,47720,84316,0,0,1730,3190,11398,13516,12000,38467,-36596,0,-32672,-1460,-2118,-15087,-18352,-15624,-26467,1
2022-10-20 02:00:00,145390,183285,768,16644,6083,25531,1153,17552,51064,85048,0,0,1889,3325,11736,14218,11953,38608,-33984,0,-37895,-1436,-2482,-15876,-19448,-16399,-26655,1
2022-10-20 03:00:00,139452,199931,707,18378,5409,29895,1550,20368,52780,88708,0,0,2081,3754,12178,15992,11253,40633,-35928,0,-60479,-1673,-3814,-17671,-24486,-18818,-29380,1
2022-10-20 04:00:00,136472,226641,717,21165,7194,34831,2005,22160,53584,99240,0,0,2044,4352,12204,17176,11128,45154,-45656,0,-90169,-2308,-4972,-20448,-27637,-20155,-34026,1
2022-10-20 05:00:00,154660,247870,1465,21417,9023,37512,2964,22940,58000,111680,0,0,2162,4405,12212,17340,10065,50881,-53680,0,-93210,-2243,-5128,-19952,-28489,-19976,-40816,1
2022-10-20 06:00:00,162505,254908,3815,20377,10471,38204,4102,22861,62324,116736,0,0,2573,4350,12029,16982,9645,53610,-54412,0,-92403,-1777,-4953,-16562,-27733,-18759,-43965,1
2022-10-20 07:00:00,165697,258126,5841,19250,11429,37892,4875,22214,65436,118536,0,0,2962,4361,11824,16681,9674,52598,-53100,0,-92429,-1399,-4857,-13409,-26463,-17339,-42924,1
2022-10-20 08:00:00,174159,259957,7104,18456,12301,36921,5569,21778,68920,119452,0,0,3328,4290,11701,16125,7930,50120,-50532,0,-85798,-962,-4424,-11352,-24620,-16209,-42190,1
2022-10-20 09:00:00,185737,263486,7796,18005,12242,34805,6218,21908,72644,120972,0,0,3739,4236,11594,15725,7442,50296,-48328,0,-77749,-497,-4131,-10209,-22563,-15690,-42854,1
2022-10-20 10:00:00,187389,259826,7634,18012,11837,34794,6233,21837,77616,122540,0,0,4207,4249,11521,15320,8213,51637,-44924,0,-72437,-42,-3799,-10378,-22957,-15604,-43424,1
2022-10-20 11:00:00,175467,253176,7175,17916,10588,35778,5841,21612,78964,121968,0,0,4500,4326,11505,15227,8496,52101,-43004,0,-77709,174,-3722,-10741,-25190,-15771,-43605,3
2022-10-20 12:00:00,166171,247416,6336,18435,8865,36503,4847,21810,76300,119912,0,0,4374,4286,11493,15149,8426,50411,-43612,0,-81245,88,-3656,-12099,-27638,-16963,-41985,3
2022-10-20 13:00:00,145861,244997,4713,19277,7434,36957,3171,21907,72204,117224,0,0,4362,4285,11580,15111,8626,48904,-45020,0,-99136,77,-3531,-14564,-29523,-18736,-40278,3
2022-10-20 14:00:00,131995,244483,2507,20531,6053,36202,2334,22242,71168,115552,0,0,4343,4492,11851,15776,8205,50633,-44384,0,-112488,-149,-3925,-18024,-30149,-19908,-42428,1
2022-10-20 15:00:00,133068,250846,1141,21798,6415,37402,3438,23173,71248,115140,0,0,4653,4244,12133,16177,8222,54802,-43892,0,-117778,409,-4044,-20657,-30987,-19735,-46580,3
2022-10-20 16:00:00,138343,259330,1244,23101,8226,38747,4311,23294,68196,115332,0,0,4561,4054,12325,15738,7906,56042,-47136,0,-120987,507,-3413,-21857,-30521,-18983,-48136,3
2022-10-20 17:00:00,138157,255498,1445,22823,5390,36343,5010,22835,67660,120980,0,0,4346,3834,12297,15157,8217,55461,-53320,0,-117341,512,-2860,-21378,-30953,-17825,-47244,3
2022-10-20 18:00:00,127631,239526,1476,21694,3696,33983,5333,21223,67096,124228,0,0,4173,3613,12223,14766,7964,52576,-57132,0,-111895,560,-2543,-20218,-30287,-15890,-44612,3
2022-10-20 19:00:00,115350,221509,1473,20161,3105,30938,4976,19607,64376,116296,0,0,3922,3431,12183,14428,7009,49528,-51920,0,-106159,491,-2245,-18688,-27833,-14631,-42519,3
2022-10-20 20:00:00,109507,204898,1468,19242,2890,28265,4934,18284,60984,104980,0,0,3585,3254,11706,13835,6689,46351,-43996,0,-95391,331,-2129,-17774,-25375,-13350,-39662,3
2022-10-20 21:00:00,110455,191883,1404,18606,3067,26294,5071,17331,60732,97008,0,0,3085,3138,11228,13104,6764,43741,-36276,0,-81428,-53,-1876,-17202,-23227,-12260,-36977,1
2022-10-20 22:00:00,113869,186173,1443,17716,3868,25045,5064,16758,64100,93284,0,0,2770,3069,10956,12837,6636,41499,-29184,0,-72304,-299,-1881,-16273,-21177,-11694,-34863,1
2022-10-20 23:00:00,115753,180764,1471,16814,3942,24308,4908,16365,62608,89424,0,0,2406,3037,10926,12920,6089,40002,-26816,0,-65011,-631,-1994,-15343,-20366,-11457,-33913,1
2022-10-21 00:00:00,110949,175606,1575,16318,3935,24107,4796,16449,62152,86664,0,0,2074,3011,10935,12807,5497,38957,-24512,0,-64657,-937,-1872,-14743,-20172,-11653,-33460,1
2022-10-21 01:00:00,103792,174145,1611,16297,4060,24236,4472,16803,60196,85196,0,0,1790,2945,10990,12879,5328,38492,-25000,0,-70353,-1155,-1889,-14686,-20176,-12331,-33164,1
2022-10-21 02:00:00,102974,182703,1612,16943,4198,25556,4186,17709,58832,86012,0,0,1659,3111,11529,13540,4231,38965,-27180,0,-79729,-1452,-2011,-15331,-21358,-13523,-34734,1
2022-10-21 03:00:00,95068,197596,1489,18670,3184,30007,3929,20271,56848,89068,0,0,1644,3464,12153,15078,3553,40393,-32220,0,-102528,-1820,-2925,-17181,-26823,-16342,-36840,1
2022-10-21 04:00:00,87226,224414,1330,21459,4725,34640,3903,22023,51144,99920,0,0,1476,3978,12462,16499,3611,44407,-48776,0,-137188,-2502,-4037,-20129,-29915,-18120,-40796,1
2022-10-21 05:00:00,93463,244114,1852,21739,7735,37770,4476,22623,52568,112180,0,0,1352,4214,12173,16400,3910,50243,-59612,0,-150651,-2862,-4227,-19887,-30035,-18147,-46333,1
2022-10-21 06:00:00,98242,250560,3560,20885,8379,38753,5036,22813,53524,116180,0,0,1413,4312,12090,16265,3804,53048,-62656,0,-152318,-2899,-4175,-17325,-30374,-17777,-49244,1
2022-10-21 07:00:00,96573,255706,5368,19931,8952,38847,5090,22386,55744,117292,0,0,1483,4428,11955,16344,4464,52348,-61548,0,-159133,-2945,-4389,-14563,-29895,-17296,-47884,1
2022-10-21 08:00:00,99477,257083,6239,19437,9256,38669,4977,22580,61680,117592,0,0,1230,4348,11829,16335,5672,51281,-55912,0,-157606,-3118,-4506,-13198,-29413,-17603,-45609,1
2022-10-21 09:00:00,94087,256872,6177,19598,10179,36702,4560,22514,65116,117640,0,0,1262,4216,11789,16181,5410,49627,-52524,0,-162785,-2954,-4392,-13421,-26523,-17954,-44217,1
2022-10-21 10:00:00,87762,252511,5538,19822,10046,36712,4369,22508,69692,118796,0,0,1296,4189,11658,15792,4926,45523,-49104,0,-164749,-2893,-4134,-14284,-26666,-18139,-40597,1
2022-10-21 11:00:00,86952,243133,4632,20057,8875,37016,3884,22133,72216,117876,0,0,1164,4099,11527,15614,4557,42789,-45660,0,-156181,-2935,-4087,-15425,-28141,-18249,-38232,1
2022-10-21 12:00:00,83802,236773,3349,20748,7856,37056,3075,22074,75444,115576,0,0,1273,4022,11418,15518,4782,42585,-40132,0,-152971,-2749,-4100,-17399,-29200,-18999,-37803,1
2022-10-21 13:00:00,81465,233602,2313,21388,7366,36875,2711,22040,72660,112792,0,0,1351,4070,11419,15434,4463,42855,-40132,0,-152137,-2719,-4015,-19075,-29509,-19329,-38392,1
2022-10-21 14:00:00,70429,230894,1590,21796,6321,36120,2905,22280,67576,111256,0,0,1423,4266,11451,15976,4431,46463,-43680,0,-160465,-2843,-4525,-20206,-29799,-19375,-42032,1
2022-10-21 15:00:00,71436,234859,1132,22346,6967,37010,3348,22931,59280,110492,0,0,1433,4212,11604,15917,5066,52680,-51212,0,-163423,-2779,-4313,-21214,-30043,-19583,-47614,1
2022-10-21 16:00:00,79286,241242,1021,23081,8026,37752,3494,22893,57192,110044,0,0,1395,3933,11747,15456,6375,54422,-52852,0,-161956,-2538,-3709,-22060,-29726,-19399,-48047,1
2022-10-21 17:00:00,75815,233582,886,22495,6826,35425,3176,22296,53164,115868,0,0,1332,3676,11549,14667,8270,53331,-62704,0,-157767,-2344,-3118,-21609,-28599,-19120,-45061,1
2022-10-21 18:00:00,70589,216964,749,21388,5611,32696,2734,20876,55628,117876,0,0,946,3501,11230,14042,9269,50685,-62248,0,-146375,-2555,-2812,-20639,-27085,-18142,-41416,1
2022-10-21 19:00:00,67031,202090,679,19941,5337,29950,2613,19338,52584,110864,0,0,923,3317,10862,13532,10795,47724,-58280,0,-135059,-2394,-2670,-19262,-24613,-16725,-36929,1
2022-10-21 20:00:00,63822,189856,630,19133,5627,27542,2361,18059,46472,100668,0,0,901,3149,10686,13014,11292,45087,-54196,0,-126034,-2248,-2328,-18503,-21915,-15698,-33795,1
2022-10-21 21:00:00,59153,176196,634,18379,6016,25542,2044,16941,43132,93412,0,0,695,3025,11018,12604,11012,42870,-50280,0,-117043,-2330,-1586,-17745,-19526,-14897,-31858,1
2022-10-21 22:00:00,58883,167176,626,17341,6214,24243,1806,16303,40700,89224,0,0,625,2943,10952,12340,9788,40805,-48524,0,-108293,-2318,-1388,-16715,-18029,-14497,-31017,1
2022-10-21 23:00:00,64776,158634,622,16367,6433,23214,1728,16001,39928,85328,0,0,517,2849,10980,12205,9957,39044,-45400,0,-93858,-2332,-1225,-15745,-16781,-14273,-29087,1
2022-10-22 00:00:00,72319,155392,618,15772,6570,22826,1708,15910,39368,81884,0,0,423,2797,10961,11991,11062,37735,-42516,0,-83073,-2374,-1030,-15154,-16256,-14202,-26673,1
2022-10-22 01:00:00,76744,154982,624,15568,7208,22651,1568,15958,39688,80128,0,0,505,2753,11044,12197,11893,37222,-40440,0,-78238,-2248,-1153,-14944,-15443,-14390,-25329,1
2022-10-22 02:00:00,73800,157273,620,15752,7512,22983,1511,16196,39472,79180,0,0,543,2782,11246,12439,11877,36931,-39708,0,-83473,-2239,-1193,-15132,-15471,-14685,-25054,1
2022-10-22 03:00:00,71280,160369,625,16176,7394,24971,1343,17028,38680,79160,0,0,549,2918,11044,12956,12368,37466,-40480,0,-89089,-2369,-1912,-15551,-17577,-15685,-25098,1
2022-10-22 04:00:00,67882,169376,664,17346,8406,27259,1441,17891,38072,82224,0,0,569,3195,11107,13474,12404,39148,-44152,0,-101494,-2626,-2367,-16682,-18853,-16450,-26744,1
2022-10-22 05:00:00,71306,183121,1063,18081,9944,29086,1653,19165,39908,86572,0,0,582,3381,11179,13722,12291,41885,-46664,0,-111815,-2799,-2543,-17018,-19142,-17512,-29594,1
2022-10-22 06:00:00,81735,196555,2153,18399,11778,30642,1933,19921,41852,90780,0,0,636,3533,11278,14306,11734,43601,-48928,0,-114820,-2897,-3028,-16246,-18864,-17988,-31867,1
2022-10-22 07:00:00,97919,207011,3435,18206,12544,30633,2189,20338,47036,96196,0,0,626,3663,11203,14454,11951,43048,-49160,0,-109092,-3037,-3251,-14771,-18089,-18149,-31097,1
2022-10-22 08:00:00,115667,213291,4400,18152,13072,29650,2171,20669,60720,99432,0,0,732,3692,10961,14289,11214,41440,-38712,0,-97624,-2960,-3328,-13752,-16578,-18498,-30226,1
2022-10-22 09:00:00,134536,214721,4203,18458,14026,28790,2073,20634,75088,99296,0,0,797,3659,10803,14074,10288,40473,-24208,0,-80185,-2862,-3271,-14255,-14764,-18561,-30185,1
2022-10-22 10:00:00,159151,212953,3088,18879,14444,27673,1945,20429,87908,99064,0,0,900,3648,10844,14343,9091,38535,-11156,0,-53802,-2748,-3499,-15791,-13229,-18484,-29444,1
2022-10-22 11:00:00,170770,205447,2148,18891,14629,26934,1854,19893,91924,100040,0,0,865,3612,10905,14600,8588,36652,-8116,0,-34677,-2747,-3695,-16743,-12305,-18039,-28064,1
2022-10-22 12:00:00,165830,200768,1413,19149,13465,26628,1768,19696,94336,97944,0,0,897,3564,10896,14279,8133,35799,-3608,0,-34938,-2667,-3383,-17736,-13163,-17928,-27666,1
2022-10-22 13:00:00,139220,197110,932,19325,10588,26483,1834,19621,94420,94344,0,0,906,3629,10998,14171,7871,36594,76,0,-57890,-2723,-3173,-18393,-15895,-17787,-28723,0
2022-10-22 14:00:00,100263,195792,721,19652,8391,27342,2120,19800,91004,92452,0,0,915,3865,11398,14375,6725,40998,-1448,0,-95529,-2950,-2977,-18931,-18951,-17680,-34273,1
2022-10-22 15:00:00,82455,202508,738,20165,9268,30216,2458,20495,84536,93172,0,0,948,3928,11795,14512,5071,47090,-8636,0,-120053,-2980,-2717,-19427,-20948,-18037,-42019,1
2022-10-22 16:00:00,92995,212529,766,20778,9875,31758,2631,20366,68432,94056,0,0,1059,3664,12020,14096,4020,49662,-25624,0,-119534,-2605,-2076,-20012,-21883,-17735,-45642,1
2022-10-22 17:00:00,92866,205840,811,20453,8429,29919,2180,19648,63148,100392,0,0,1166,3400,12161,13854,3548,49021,-37244,0,-112974,-2234,-1693,-19642,-21490,-17468,-45473,1
2022-10-22 18:00:00,83661,192281,827,19422,7279,27792,2247,18467,67144,103456,0,0,1271,3215,12180,13204,2713,46919,-36312,0,-108620,-1944,-1024,-18595,-20513,-16220,-44206,1
2022-10-22 19:00:00,83187,180947,857,18168,6805,25934,2311,17304,71080,100096,0,0,1306,3066,11956,12752,2522,44893,-29016,0,-97760,-1760,-796,-17311,-19129,-14993,-42371,1
2022-10-22 20:00:00,75117,172660,900,17074,6564,24099,2404,16190,73652,92068,0,0,1543,2924,11587,12273,2539,43035,-18416,0,-97543,-1381,-686,-16174,-17535,-13786,-40496,1
2022-10-22 21:00:00,68908,161522,907,16138,6336,22498,2496,15134,67144,86036,0,0,1542,2846,11354,12468,2936,41176,-18892,0,-92614,-1304,-1114,-15231,-16162,-12638,-38240,1
2022-10-22 22:00:00,64886,151327,791,15334,5952,21190,2420,14503,63632,81712,0,0,1420,2798,11336,12334,2939,39720,-18080,0,-86441,-1378,-998,-14543,-15238,-12083,-36781,1
2022-10-22 23:00:00,65509,146342,767,14557,5581,20394,2243,14171,65724,78144,0,0,1387,2724,11188,12156,2543,38166,-12420,0,-80833,-1337,-968,-13790,-14813,-11928,-35623,1
2022-10-23 00:00:00,64717,143637,724,14132,5817,20075,2093,13891,71088,75504,0,0,1505,2666,11101,11989,2276,37093,-4416,0,-78920,-1161,-888,-13408,-14258,-11798,-34817,1
2022-10-23 01:00:00,63951,143536,650,13889,5738,19883,1974,13937,73320,73864,0,0,1489,2656,10923,11993,2403,36454,-544,0,-79585,-1167,-1070,-13239,-14145,-11963,-34051,1
2022-10-23 02:00:00,62345,144885,649,13937,5662,20283,1932,14080,72104,73152,0,0,1286,2680,10919,12184,2401,36132,-1048,0,-82540,-1394,-1265,-13288,-14621,-12148,-33731,1
2022-10-23 03:00:00,58120,145060,630,14064,5303,21162,1948,14475,71556,73192,0,0,1128,2775,11088,12701,3211,36227,-1636,0,-86940,-1647,-1613,-13434,-15859,-12527,-33016,1
2022-10-23 04:00:00,54146,149249,644,14846,5880,22020,1978,14927,73096,75468,0,0,1002,3027,11301,13289,3373,36795,-2372,0,-95103,-2025,-1988,-14202,-16140,-12949,-33422,1
2022-10-23 05:00:00,56729,157685,934,15700,6836,23212,2269,15852,75000,78176,0,0,874,3256,11311,13597,3968,38416,-3176,0,-100956,-2382,-2286,-14766,-16376,-13583,-34448,1
2022-10-23 06:00:00,74054,169214,1953,16471,8711,24961,2946,16735,76436,80124,0,0,915,3450,11440,13978,6072,40330,-3688,0,-95160,-2535,-2538,-14518,-16250,-13789,-34258,1
2022-10-23 07:00:00,98351,181064,2924,16770,9978,25293,3662,17225,80260,85116,0,0,963,3584,11529,14016,8235,40840,-4856,0,-82713,-2621,-2487,-13846,-15315,-13563,-32605,1
2022-10-23 08:00:00,116902,189748,3680,16767,11125,25554,4258,17419,86832,89844,0,0,1043,3599,11481,13925,8771,40879,-3012,0,-72846,-2556,-2444,-13087,-14429,-13161,-32108,1
2022-10-23 09:00:00,129760,196239,4650,16374,11880,25615,4543,17351,85352,91796,0,0,1064,3604,11474,13900,8688,41113,-6444,0,-66479,-2540,-2426,-11724,-13735,-12808,-32425,1
2022-10-23 10:00:00,140818,192364,4932,15622,12989,24782,4578,17251,87416,93204,0,0,1150,3576,11300,13743,9240,41149,-5788,0,-51546,-2426,-2443,-10690,-11793,-12673,-31909,1
2022-10-23 11:00:00,144130,184727,4768,15131,12355,24088,4166,17023,91028,95008,0,0,1126,3578,11176,13784,6871,38644,-3980,0,-40597,-2452,-2608,-10363,-11733,-12857,-31773,1
2022-10-23 12:00:00,129642,178607,3916,15588,9960,23817,2971,16828,93164,93664,0,0,946,3594,11304,14123,7384,38528,-500,0,-48965,-2648,-2819,-11672,-13857,-13857,-31144,1
2022-10-23 13:00:00,107656,178815,2616,16576,8467,24293,1653,17010,88736,88428,0,0,853,3675,11436,14323,8420,38853,308,0,-71159,-2822,-2887,-13960,-15826,-15357,-30433,0
2022-10-23 14:00:00,104707,183042,1389,17516,6718,25360,1187,17708,83104,86120,0,0,1023,4031,11504,14722,10070,43021,-3016,0,-78335,-3008,-3218,-16127,-18642,-16521,-32951,1
2022-10-23 15:00:00,114971,194574,813,18432,7825,28069,1846,18866,79388,86748,0,0,1488,4162,11563,15048,12635,48492,-7360,0,-79603,-2674,-3485,-17619,-20244,-17020,-35857,1
2022-10-23 16:00:00,131432,206166,750,19650,10427,30017,2305,19030,65080,89456,0,0,1841,3884,11509,14719,13517,50079,-24376,0,-74734,-2043,-3210,-18900,-19590,-16725,-36562,1
2022-10-23 17:00:00,141653,201282,762,19478,8762,28554,2167,18554,59316,98132,0,0,2278,3640,11443,14583,14990,48936,-38816,0,-59629,-1362,-3140,-18716,-19792,-16387,-33946,1
2022-10-23 18:00:00,144035,194386,785,18529,7011,26764,2257,17628,55556,103408,0,0,2591,3478,11295,14046,14980,46947,-47852,0,-50351,-887,-2751,-17744,-19753,-15371,-31967,1
2022-10-23 19:00:00,140443,188749,829,17166,5717,24992,2421,16702,53364,100648,0,0,2939,3253,11151,13620,12461,44744,-47284,0,-48306,-314,-2469,-16337,-19275,-14281,-32283,1
2022-10-23 20:00:00,135770,181122,838,16027,5320,22981,2687,15613,50424,93808,99,0,3007,3081,10911,13089,12365,42096,-43384,99,-45352,-74,-2178,-15189,-17661,-12926,-29731,1
2022-10-23 21:00:00,141399,173168,854,15074,5381,21217,2662,14747,46024,86932,315,0,3041,3009,10093,12558,14693,40993,-40908,315,-31769,32,-2465,-14220,-15836,-12085,-26300,1
2022-10-23 22:00:00,143208,166079,803,14274,5517,20144,2823,14400,44792,82452,460,0,3034,2963,9804,12387,14919,38553,-37660,460,-22871,71,-2583,-13471,-14627,-11577,-23634,1
2022-10-23 23:00:00,143754,160415,774,13770,5919,19800,2914,14232,46136,79316,462,0,3033,2973,9653,12232,16004,37408,-33180,462,-16661,60,-2579,-12996,-13881,-11318,-21404,1
2022-10-24 00:00:00,149056,159070,726,13457,6392,19616,2919,14232,45628,77008,234,0,2957,2959,9444,12077,16485,36845,-31380,234,-10014,-2,-2633,-12731,-13224,-11313,-20360,1
2022-10-24 01:00:00,150152,160372,772,13578,6610,20194,2819,14633,44232,76404,218,0,2981,2983,9862,12116,17103,36513,-32172,218,-10220,-2,-2254,-12806,-13584,-11814,-19410,1
2022-10-24 02:00:00,154664,169128,742,14448,6126,22088,2765,15951,40432,77240,463,0,2895,3186,10500,12794,17837,37010,-36808,463,-14464,-291,-2294,-13706,-15962,-13186,-19173,1
2022-10-24 03:00:00,160025,186737,739,16673,6077,27275,2794,19244,37864,81488,541,0,2628,3695,11751,14376,18036,39209,-43624,541,-26712,-1067,-2625,-15934,-21198,-16450,-21173,1
2022-10-24 04:00:00,160949,221794,621,20054,8481,32555,2738,21260,37372,93356,644,0,2531,4223,12450,15818,18238,44246,-55984,644,-60845,-1692,-3368,-19433,-24074,-18522,-26008,1
2022-10-24 05:00:00,169905,244064,848,20967,10125,35924,3077,22335,38588,106404,719,0,2542,4408,12627,16117,18417,50015,-67816,719,-74159,-1866,-3490,-20119,-25799,-19258,-31598,1
2022-10-24 06:00:00,179031,253559,1612,21097,11144,37060,3614,22687,39456,111352,380,0,2812,4462,12826,16176,18467,52198,-71896,380,-74528,-1650,-3350,-19485,-25916,-19073,-33731,1
2022-10-24 07:00:00,183218,254381,2827,20775,11598,37350,3916,22394,43288,112408,498,0,3063,4546,12899,16502,18728,50550,-69120,498,-71163,-1483,-3603,-17948,-25752,-18478,-31822,1
2022-10-24 08:00:00,189766,257453,3981,20388,13166,37277,4440,22432,50504,112656,514,0,3348,4483,12508,16273,18847,48885,-62152,514,-67687,-1135,-3765,-16407,-24111,-17992,-30038,1
2022-10-24 09:00:00,197208,262182,4519,20128,14109,35412,4506,22309,56136,112504,708,0,3613,4393,12570,16048,18672,46009,-56368,708,-64974,-780,-3478,-15609,-21303,-17803,-27337,1
2022-10-24 10:00:00,200726,260602,4493,20199,14217,35057,4417,22112,61020,112936,1274,0,4033,4423,12593,15992,18966,45613,-51916,1274,-59876,-390,-3399,-15706,-20840,-17695,-26647,1
2022-10-24 11:00:00,200917,256521,4055,19899,13987,35923,3773,21826,64804,112412,1306,0,4025,4273,12777,15992,18159,46024,-47608,1306,-55604,-248,-3215,-15844,-21936,-18053,-27865,1
2022-10-24 12:00:00,196047,252004,3211,20287,12678,35818,3303,22127,65620,111144,1338,0,4154,4265,12542,15817,17958,46399,-45524,1338,-55957,-111,-3275,-17076,-23140,-18824,-28441,1
2022-10-24 13:00:00,183973,248036,2136,20860,11457,36070,3145,21974,63284,109444,1096,0,4304,4266,12953,15856,17362,47283,-46160,1096,-64063,38,-2903,-18724,-24613,-18829,-29921,1
2022-10-24 14:00:00,165671,244543,1047,21310,9782,35351,2985,22335,54628,109220,1132,0,4205,4730,13138,16241,15635,50048,-54592,1132,-78872,-525,-3103,-20263,-25569,-19350,-34413,1
2022-10-24 15:00:00,152935,248183,673,22057,10453,36617,3759,23080,48052,109740,1145,0,4344,4667,13314,15995,13942,54548,-61688,1145,-95248,-323,-2681,-21384,-26164,-19321,-40606,1
2022-10-24 16:00:00,162476,256297,695,23056,12105,37427,4392,23043,39824,110680,1286,0,4419,4266,13070,15242,12346,55365,-70856,1286,-93821,153,-2172,-22361,-25322,-18651,-43019,1
2022-10-24 17:00:00,164732,249732,733,22589,9950,35268,4393,22499,37456,118636,1333,0,4510,4109,13103,14958,12540,54246,-81180,1333,-85000,401,-1855,-21856,-25318,-18106,-41706,1
2022-10-24 18:00:00,153273,233826,783,21444,8651,32488,4021,20960,39188,121180,1265,0,4377,3965,12486,14371,13196,51940,-81992,1265,-80553,412,-1885,-20661,-23837,-16939,-38744,1
2022-10-24 19:00:00,151366,218245,731,19857,8596,29691,3751,19175,37440,113688,1191,0,4116,3710,11735,13522,13321,49104,-76248,1191,-66879,406,-1787,-19126,-21095,-15424,-35783,1
2022-10-24 20:00:00,150549,205358,607,19032,8404,27314,3772,17831,32384,102056,1092,0,4330,3481,11326,13035,13507,45896,-69672,1092,-54809,849,-1709,-18425,-18910,-14059,-32389,1
2022-10-24 21:00:00,151551,191530,614,18389,8305,25379,3658,16879,32048,93756,1088,0,4519,3257,10783,12553,13266,43249,-61708,1088,-39979,1262,-1770,-17775,-17074,-13221,-29983,3
2022-10-24 22:00:00,149359,181149,606,17263,8237,24177,3388,16355,30260,90004,1146,0,4252,3127,10687,12301,13738,40989,-59744,1146,-31790,1125,-1614,-16657,-15940,-12967,-27251,1
2022-10-24 23:00:00,152492,176234,630,16320,7969,23498,3148,16071,31988,86008,1264,0,3850,3131,10656,11800,13180,39201,-54020,1264,-23742,719,-1144,-15690,-15529,-12923,-26021,1
2022-10-25 00:00:00,149538,172729,611,15791,7868,23348,3002,16086,34644,83236,1226,0,3555,3051,10698,11628,12798,38352,-48592,1226,-23191,504,-930,-15180,-15480,-13084,-25554,1
2022-10-25 01:00:00,145350,174166,763,15806,7541,23486,2867,16313,38684,82248,1198,0,3334,3056,10834,11600,12361,38171,-43564,1198,-28816,278,-766,-15043,-15945,-13446,-25810,1
2022-10-25 02:00:00,137053,181048,716,16475,7472,25000,2865,17303,41648,82380,1202,0,3300,3168,11432,12333,10866,38379,-40732,1202,-43995,132,-901,-15759,-17528,-14438,-27513,1
2022-10-25 03:00:00,128308,198433,647,18136,7098,29591,2933,19921,42564,85576,1281,0,3333,3677,12707,13735,10219,40250,-43012,1281,-70125,-344,-1028,-17489,-22493,-16988,-30031,1
2022-10-25 04:00:00,125911,228425,675,20980,7715,34487,2840,21715,44164,95796,1330,0,3263,4255,13382,15036,10120,44614,-51632,1330,-102514,-992,-1654,-20305,-26772,-18875,-34494,1
2022-10-25 05:00:00,130852,247125,813,21745,9840,37655,3460,22339,48408,108744,1452,0,3345,4365,13543,15105,9681,50484,-60336,1452,-116273,-1020,-1562,-20932,-27815,-18879,-40803,1
2022-10-25 06:00:00,137379,249572,1354,21730,10881,38416,4073,22400,51380,112836,1533,0,3315,4436,13575,15300,9481,53060,-61456,1533,-112193,-1121,-1725,-20376,-27535,-18327,-43579,1
2022-10-25 07:00:00,143139,255047,1932,21547,11933,37739,4423,22172,56488,113896,798,0,3639,4271,13626,15501,8832,50244,-57408,798,-111908,-632,-1875,-19615,-25806,-17749,-41412,1
2022-10-25 08:00:00,161202,258409,2128,21458,12843,37656,4303,22503,63796,114364,802,0,3889,4377,13459,15490,9409,47338,-50568,802,-97207,-488,-2031,-19330,-24813,-18200,-37929,1
2022-10-25 09:00:00,167286,260432,2333,21615,12479,35213,3851,22470,70536,114428,1518,0,3980,4360,13227,15435,9387,46125,-43892,1518,-93146,-380,-2208,-19282,-22734,-18619,-36738,1
2022-10-25 10:00:00,180039,257964,2673,21313,13286,34414,4445,22124,75752,116172,1466,0,3922,4366,13119,15150,9613,43252,-40420,1466,-77925,-444,-2031,-18640,-21128,-17679,-33639,1
2022-10-25 11:00:00,192788,252245,3658,19612,13297,35812,4423,21751,86688,115852,1330,0,3738,4301,13104,15203,8954,42143,-29164,1330,-59457,-563,-2099,-15954,-22515,-17328,-33189,1
2022-10-25 12:00:00,175122,247727,3931,19508,12346,36457,3572,21852,93400,113664,1280,0,3505,4183,13082,15348,7807,42301,-20264,1280,-72605,-678,-2266,-15577,-24111,-18280,-34494,1
2022-10-25 13:00:00,142849,240618,3073,20173,10174,36414,2564,21955,97772,111352,1312,0,3104,4177,13018,15357,6920,44405,-13580,1312,-97769,-1073,-2339,-17100,-26240,-19391,-37485,1
2022-10-25 14:00:00,107964,235960,1593,21006,10113,36183,2183,22344,96112,111024,1412,0,2757,4375,13292,15621,5741,48373,-14912,1412,-127996,-1618,-2329,-19413,-26070,-20161,-42632,1
2022-10-25 15:00:00,89385,239322,604,22035,10669,37427,3129,23191,89168,111900,1681,0,2691,4350,13385,15936,4526,53772,-22732,1681,-149937,-1659,-2551,-21431,-26758,-20062,-49246,1
2022-10-25 16:00:00,93945,249943,587,23139,10886,38330,3366,23203,78472,112736,1786,0,2419,4059,13320,15708,4472,55494,-34264,1786,-155998,-1640,-2388,-22552,-27444,-19837,-51022,1
2022-10-25 17:00:00,91346,244782,586,22729,8495,36175,3157,22647,67112,119948,2227,0,2140,3840,12699,15199,4473,54377,-52836,2227,-153436,-1700,-2500,-22143,-27680,-19490,-49904,1
2022-10-25 18:00:00,83548,231857,620,21590,6744,33433,2977,21155,60288,121980,2656,0,2032,3666,12306,14555,4419,51718,-61692,2656,-148309,-1634,-2249,-20970,-26689,-18178,-47299,1
2022-10-25 19:00:00,76477,216982,664,20121,6147,30401,2844,19392,56064,115432,2909,0,1856,3429,11599,13540,4919,48759,-59368,2909,-140505,-1573,-1941,-19457,-24254,-16548,-43840,1
2022-10-25 20:00:00,71491,200688,780,19207,5818,27904,2785,17932,50360,103456,2742,0,1593,3224,11011,12677,5628,45671,-53096,2742,-129197,-1631,-1666,-18427,-22086,-15147,-40043,1
2022-10-25 21:00:00,71043,185570,864,18461,5770,25578,2657,16815,47368,94852,2658,0,1424,3097,10561,12183,5318,42877,-47484,2658,-114527,-1673,-1622,-17597,-19808,-14158,-37559,1
2022-10-25 22:00:00,70505,176421,820,17407,6349,24239,2537,16308,42716,91032,2707,0,1353,3029,10400,11977,5117,40469,-48316,2707,-105916,-1676,-1577,-16587,-17890,-13771,-35352,1
2022-10-25 23:00:00,65634,169608,742,16529,6805,23520,2368,16065,40376,87432,2639,0,1125,2974,10281,11965,5315,38765,-47056,2639,-103974,-1849,-1684,-15787,-16715,-13697,-33450,1
2022-10-26 00:00:00,66820,165052,741,16023,6458,23379,2113,16058,40300,85024,2438,0,1034,2955,10320,11914,6238,37975,-44724,2438,-98232,-1921,-1594,-15282,-16921,-13945,-31737,1
2022-10-26 01:00:00,70426,167583,738,15988,5935,23670,1777,16334,39640,83584,2090,0,907,2962,10378,12052,5956,37660,-43944,2090,-97157,-2055,-1674,-15250,-17735,-14557,-31704,1
2022-10-26 02:00:00,68401,173998,751,16550,5377,25121,1537,17316,39512,83556,2138,0,761,3168,10917,12740,5980,37926,-44044,2138,-105597,-2407,-1823,-15799,-19744,-15779,-31946,1
2022-10-26 03:00:00,61346,190266,732,18241,5432,29606,1415,20165,38400,86996,2458,0,794,3695,12049,14435,6743,39732,-48596,2458,-128920,-2901,-2386,-17509,-24174,-18750,-32989,1
2022-10-26 04:00:00,69880,221503,723,21148,7067,34618,1460,22035,35404,97320,3082,0,831,4250,12454,15741,8213,44466,-61916,3082,-151623,-3419,-3287,-20425,-27551,-20575,-36253,1
2022-10-26 05:00:00,85692,240181,1011,21778,10121,37452,2105,22629,37880,110176,3071,0,900,4386,12481,16004,9530,50558,-72296,3071,-154489,-3486,-3523,-20767,-27331,-20524,-41028,1
2022-10-26 06:00:00,92998,246700,2023,21129,12067,38203,2919,22682,41108,114548,2972,0,941,4404,12534,16085,10801,53024,-73440,2972,-153702,-3463,-3551,-19106,-26136,-19763,-42223,1
2022-10-26 07:00:00,99043,250854,3294,20308,12198,37460,3482,22238,42880,115516,3053,0,1092,4463,12444,16035,10418,49471,-72636,3053,-151811,-3371,-3591,-17014,-25262,-18756,-39053,1
2022-10-26 08:00:00,112011,254188,4357,19869,12547,36690,4145,22251,47672,115360,3149,0,1197,4432,12371,15866,10225,44149,-67688,3149,-142177,-3235,-3495,-15512,-24143,-18106,-33924,1
2022-10-26 09:00:00,124017,256691,4971,19700,12321,34548,4542,22129,49960,115492,3160,0,1360,4379,12308,15776,10129,41326,-65532,3160,-132674,-3019,-3468,-14729,-22227,-17587,-31197,1
2022-10-26 10:00:00,129042,253366,5035,19810,12206,34510,4543,21993,54708,116600,3203,0,1457,4402,12326,15846,10847,40291,-61892,3203,-124324,-2945,-3520,-14775,-22304,-17450,-29444,1
2022-10-26 11:00:00,129775,245714,4580,19541,11822,35510,4200,21942,61824,115604,3143,0,1410,4302,12155,15857,10149,39081,-53780,3143,-115939,-2892,-3702,-14961,-23688,-17742,-28932,1
2022-10-26 12:00:00,123951,241789,3232,20199,10362,36158,3162,21964,65856,113928,3086,0,1438,4154,11856,15794,11305,39418,-48072,3086,-117838,-2716,-3938,-16967,-25796,-18802,-28113,1
2022-10-26 13:00:00,107285,238145,2161,20896,8607,36656,1852,21949,63232,112140,3322,0,1585,4171,11867,15666,12542,43362,-48908,3322,-130860,-2586,-3799,-18735,-28049,-20097,-30820,1
2022-10-26 14:00:00,89744,237724,1268,21473,8067,36295,1501,22327,55724,112376,1651,0,1755,4419,12045,16125,12507,49663,-56652,1651,-147980,-2664,-4080,-20205,-28228,-20826,-37156,1
2022-10-26 15:00:00,82711,242234,830,22321,9345,37843,1946,23282,48780,112064,0,0,1892,4430,11975,16299,12993,54255,-63284,0,-159523,-2538,-4324,-21491,-28498,-21336,-41262,1
2022-10-26 16:00:00,98988,252150,808,23138,10254,38501,2089,23313,45884,112960,0,0,2208,4127,11871,16145,13620,55227,-67076,0,-153162,-1919,-4274,-22330,-28247,-21224,-41607,1
2022-10-26 17:00:00,103038,246291,810,22668,7705,36532,1974,22663,47984,120716,0,0,2658,3899,11944,15613,12667,53850,-72732,0,-143253,-1241,-3669,-21858,-28827,-20689,-41183,1
2022-10-26 18:00:00,105433,234795,816,21556,6476,33742,1848,21251,53032,122808,1492,0,2947,3679,11677,14764,10810,51055,-69776,1492,-129362,-732,-3087,-20740,-27266,-19403,-40245,1
2022-10-26 19:00:00,108402,220238,798,20052,6095,30676,1565,19607,54232,114596,2916,0,2993,3445,11332,13967,10485,48483,-60364,2916,-111836,-452,-2635,-19254,-24581,-18042,-37998,1
2022-10-26 20:00:00,110186,205524,810,19209,6075,28169,1649,18104,56308,102892,2794,0,2909,3308,10907,13172,9089,45696,-46584,2794,-95338,-399,-2265,-18399,-22094,-16455,-36607,1
2022-10-26 21:00:00,113261,190801,807,18443,4326,25764,1741,17083,58736,95140,2558,0,2818,3190,10730,12795,7084,43073,-36404,2558,-77540,-372,-2065,-17636,-21438,-15342,-35989,1
2022-10-26 22:00:00,110494,178865,799,17415,4425,24440,1769,16443,60252,90500,2288,0,2676,3019,10801,12339,7838,41045,-30248,2288,-68371,-343,-1538,-16616,-20015,-14674,-33207,1
2022-10-26 23:00:00,99419,171298,793,16517,4380,23700,1650,16212,64768,86720,2180,0,2479,2963,11021,12014,7056,39345,-21952,2180,-71879,-484,-993,-15724,-19320,-14562,-32289,1
2022-10-27 00:00:00,91574,169340,791,16013,4628,23482,1592,16267,67464,84468,2306,0,2257,2888,11076,11579,5618,38159,-17004,2306,-77766,-631,-503,-15222,-18854,-14675,-32541,1
2022-10-27 01:00:00,90191,171443,778,15963,4541,23707,1569,16628,68112,82976,2428,0,2178,2934,11460,11851,6467,37796,-14864,2428,-81252,-756,-391,-15185,-19166,-15059,-31329,1
2022-10-27 02:00:00,82600,178011,780,16614,4715,25134,1543,17519,68876,82924,2176,0,2110,3149,11976,12370,7045,37940,-14048,2176,-95411,-1039,-394,-15834,-20419,-15976,-30895,1
2022-10-27 03:00:00,73852,195310,778,18251,5729,29534,1626,20156,68444,86084,1741,0,2067,3664,13129,13739,7427,39582,-17640,1741,-121458,-1597,-610,-17473,-23805,-18530,-32155,1
2022-10-27 04:00:00,80371,226062,774,21054,7099,34229,2062,21831,67684,96948,1678,0,2165,4199,14073,15128,8350,44179,-29264,1678,-145691,-2034,-1055,-20280,-27130,-19769,-35829,1
2022-10-27 05:00:00,95375,246551,910,21712,8858,36676,2642,22447,65840,109628,1664,0,2099,4355,14088,15182,9379,50433,-43788,1664,-151176,-2256,-1094,-20802,-27818,-19805,-41054,1
2022-10-27 06:00:00,99809,251004,1617,21556,9799,37287,3619,22652,64592,113816,1500,0,2012,4382,14049,15295,10832,52866,-49224,1500,-151195,-2370,-1246,-19939,-27488,-19033,-42034,1
2022-10-27 07:00:00,116488,251052,2704,21143,11060,36514,4385,22129,70560,114420,1428,0,1961,4407,14085,15668,12447,50117,-43860,1428,-134564,-2446,-1583,-18439,-25454,-17744,-37670,1
2022-10-27 08:00:00,134627,253073,3702,20741,11487,35722,4961,21938,81848,113860,1796,0,1895,4401,13866,15539,13219,45941,-32012,1796,-118446,-2506,-1673,-17039,-24235,-16977,-32722,1
2022-10-27 09:00:00,153000,252537,4314,20496,11944,33887,5390,21852,89652,113744,2124,0,1868,4385,13670,15405,13694,43955,-24092,2124,-99537,-2517,-1735,-16182,-21943,-16462,-30261,1
2022-10-27 10:00:00,158399,246130,4532,20281,12174,33993,5243,21724,93760,114408,2304,0,1885,4420,13421,15182,13408,44226,-20648,2304,-87731,-2535,-1761,-15749,-21819,-16481,-30818,1
2022-10-27 11:00:00,165507,242955,4478,19718,12022,35078,4483,21562,94184,114548,2128,0,1766,4307,13329,15235,13068,46683,-20364,2128,-77448,-2541,-1906,-15240,-23056,-17079,-33615,1
2022-10-27 12:00:00,151986,239927,3962,20031,10964,35865,3275,21804,97120,112944,1658,0,1714,4202,13070,15159,12942,47527,-15824,1658,-87941,-2488,-2089,-16069,-24901,-18529,-34585,1
2022-10-27 13:00:00,129149,235935,2775,20629,8709,36220,1733,21866,94464,110676,1684,0,1579,4215,13309,15071,12199,48474,-16212,1684,-106786,-2636,-1762,-17854,-27511,-20133,-36275,1
2022-10-27 14:00:00,109229,234413,1414,21339,6983,35809,1276,22429,85300,111540,868,0,1814,4449,13594,15564,11763,50533,-26240,868,-125184,-2635,-1970,-19925,-28826,-21153,-38770,1
2022-10-27 15:00:00,105990,242154,831,22229,7508,37285,1879,23423,74300,111388,1150,0,2293,4418,13573,15232,10797,54459,-37088,1150,-136164,-2125,-1659,-21398,-29777,-21544,-43662,1
2022-10-27 16:00:00,123730,255441,818,23067,7721,38152,2282,23411,65120,112116,2335,0,2592,4110,13456,14925,11248,56227,-46996,2335,-131711,-1518,-1469,-22249,-30431,-21129,-44979,1
2022-10-27 17:00:00,129580,249672,817,22624,6956,36012,2436,22664,63252,119004,2364,0,2595,3931,13276,13789,11577,55093,-55752,2364,-120092,-1336,-513,-21807,-29056,-20228,-43516,1
2022-10-27 18:00:00,126433,232440,817,21607,5455,33255,2279,21143,62768,121532,2301,0,2383,3817,12717,13463,11693,52585,-58764,2301,-106007,-1434,-746,-20790,-27800,-18864,-40892,1
2022-10-27 19:00:00,123150,217637,816,20146,4754,30153,2383,19370,62648,114552,2313,0,2572,3596,12355,13239,10558,49323,-51904,2313,-94487,-1024,-884,-19330,-25399,-16987,-38765,1
2022-10-27 20:00:00,120305,203177,793,19237,4479,27806,2512,17974,65184,103376,2276,0,2939,3236,11927,12358,8620,46596,-38192,2276,-82872,-297,-431,-18444,-23327,-15462,-37976,1
2022-10-27 21:00:00,125398,189542,710,18520,4579,25657,2529,16812,68820,94704,2210,0,2863,3177,10781,12061,6512,44424,-25884,2210,-64144,-314,-1280,-17810,-21078,-14283,-37912,1
2022-10-27 22:00:00,124872,181393,696,17418,4355,24155,2602,16397,67656,90260,2091,0,2968,3066,10514,12108,5858,42270,-22604,2091,-56521,-98,-1594,-16722,-19800,-13795,-36412,1
2022-10-27 23:00:00,117446,175007,714,16441,5213,23539,2643,16109,68456,86236,2030,0,3039,2957,10222,11876,5337,40500,-17780,2030,-57561,82,-1654,-15727,-18326,-13466,-35163,1
2022-10-28 00:00:00,112319,172294,681,15928,5906,23301,2712,16110,66396,83740,1656,0,2843,2912,9984,11458,4842,39449,-17344,1656,-59975,-69,-1474,-15247,-17395,-13398,-34607,1
2022-10-28 01:00:00,106162,171657,666,15853,5959,23595,2860,16489,63396,82648,1348,0,2507,2920,10200,11617,5495,38729,-19252,1348,-65495,-413,-1417,-15187,-17636,-13629,-33234,1
2022-10-28 02:00:00,101872,177584,672,16451,4543,24970,2831,17308,58044,82400,1556,0,2125,3129,10943,12505,5775,38760,-24356,1556,-75712,-1004,-1562,-15779,-20427,-14477,-32985,1
2022-10-28 03:00:00,99186,193017,630,17984,5494,29425,3059,19986,51668,86056,2250,0,1907,3651,12120,14153,6350,40473,-34388,2250,-93831,-1744,-2033,-17354,-23931,-16927,-34123,1
2022-10-28 04:00:00,94825,223545,684,20734,6638,33941,3435,21705,46828,96620,2112,0,1687,4225,13251,14979,7166,44283,-49792,2112,-128720,-2538,-1728,-20050,-27303,-18270,-37117,1
2022-10-28 05:00:00,105331,243844,767,21555,8738,36726,3824,22312,44748,109036,1974,0,1401,4373,13475,15274,7138,50082,-64288,1974,-138513,-2972,-1799,-20788,-27988,-18488,-42944,1
2022-10-28 06:00:00,112872,250987,1062,21834,11094,37215,4566,22348,44416,112688,1966,0,1429,4339,13892,15600,7516,52761,-68272,1966,-138115,-2910,-1708,-20772,-26121,-17782,-45245,1
2022-10-28 07:00:00,125035,253716,1380,21770,12066,36981,5115,22042,49760,112996,1088,0,1385,4363,13881,15528,8446,50247,-63236,1088,-128681,-2978,-1647,-20390,-24915,-16927,-41801,1
2022-10-28 08:00:00,139337,252104,1672,21766,12385,36180,5350,21779,59276,112860,1444,0,1396,4361,13663,15282,10112,47066,-53584,1444,-112767,-2965,-1619,-20094,-23795,-16429,-36954,1
2022-10-28 09:00:00,151256,251990,1949,21649,12773,34343,5438,21660,66328,113008,2792,0,1410,4195,13518,15179,10229,44408,-46680,2792,-100734,-2785,-1661,-19700,-21570,-16222,-34179,1
2022-10-28 10:00:00,150846,248552,2060,21430,12743,34083,4932,21604,70772,113760,2812,0,1328,4108,13455,14782,10211,43021,-42988,2812,-97706,-2780,-1327,-19370,-21340,-16672,-32810,1
2022-10-28 11:00:00,153708,238453,2090,20902,12330,34942,4398,21347,76716,113364,2672,0,1342,3968,13183,14568,11780,44659,-36648,2672,-84745,-2626,-1385,-18812,-22612,-16949,-32879,1
2022-10-28 12:00:00,139745,233416,1926,20990,10921,35340,3797,21437,78992,111520,2564,0,1454,3900,12959,14273,13373,46411,-32528,2564,-93671,-2446,-1314,-19064,-24419,-17640,-33038,1
2022-10-28 13:00:00,127629,230848,1477,21287,8996,35606,3105,21444,79560,109132,2538,0,1340,3923,13138,14555,14273,48140,-29572,2538,-103219,-2583,-1417,-19810,-26610,-18339,-33867,1
2022-10-28 14:00:00,121249,229646,848,21751,7482,35037,3606,21759,74664,108388,2420,0,1530,4149,13141,14768,14221,51381,-33724,2420,-108397,-2619,-1627,-20903,-27555,-18153,-37160,1
2022-10-28 15:00:00,118797,236048,628,22247,8107,36637,4585,22467,69280,108280,2436,0,1885,4238,12993,14553,14442,54859,-39000,2436,-117251,-2353,-1560,-21619,-28530,-17882,-40417,1
2022-10-28 16:00:00,128345,243825,639,22597,9095,37229,5266,22517,59604,108576,2202,0,2410,3973,12859,14141,13883,55234,-48972,2202,-115480,-1563,-1282,-21958,-28134,-17251,-41351,1
2022-10-28 17:00:00,136914,238057,621,21982,7908,35009,5567,21836,56380,114688,2463,0,2480,3775,12797,13599,12209,53593,-58308,2463,-101143,-1295,-802,-21361,-27101,-16269,-41384,1
2022-10-28 18:00:00,136050,223303,602,21002,5809,32316,5714,20205,55532,115704,2838,0,2679,3599,12442,13033,9030,50977,-60172,2838,-87253,-920,-591,-20400,-26507,-14491,-41947,1
2022-10-28 19:00:00,128957,207922,603,19666,5125,29377,5472,18650,57372,108928,2492,0,3314,3368,12071,12357,6646,47955,-51556,2492,-78965,-54,-286,-19063,-24252,-13178,-41309,1
2022-10-28 20:00:00,115348,193386,607,18968,4767,27020,4717,17385,62616,99224,2184,0,3261,3277,11860,12186,4202,45858,-36608,2184,-78038,-16,-326,-18361,-22253,-12668,-41656,1
2022-10-28 21:00:00,106179,179530,602,18250,4805,24971,4576,16439,64432,92220,1768,0,3204,3151,11424,12248,2768,43880,-27788,1768,-73351,53,-824,-17648,-20166,-11863,-41112,1
2022-10-28 22:00:00,93236,173324,602,17289,4382,23541,4557,15788,64900,87992,1818,0,3387,2987,10934,11609,2163,41788,-23092,1818,-80088,400,-675,-16687,-19159,-11231,-39625,1
2022-10-28 23:00:00,82773,165660,597,16268,4275,22635,4607,15400,65004,83312,1598,0,3434,2849,10833,11011,1446,40208,-18308,1598,-82887,585,-178,-15671,-18360,-10793,-38762,1
2022-10-29 00:00:00,77513,161179,591,15646,4222,22278,4766,15344,64520,80540,960,0,3604,2621,10999,10533,918,39495,-16020,960,-83666,983,466,-15055,-18056,-10578,-38577,3
2022-10-29 01:00:00,69843,159523,582,15327,4166,22173,4871,15315,63200,78552,650,0,3362,2667,11327,10329,684,38873,-15352,650,-89680,695,998,-14745,-18007,-10444,-38189,4
2022-10-29 02:00:00,61979,160777,583,15492,4250,22601,5033,15525,64776,77812,701,0,2918,2708,11569,10882,1024,38285,-13036,701,-98798,210,687,-14909,-18351,-10492,-37261,1
2022-10-29 03:00:00,54929,164757,590,15841,4761,24577,5210,16583,63012,77584,852,0,2667,2815,11996,11148,1075,38739,-14572,852,-109828,-148,848,-15251,-19816,-11373,-37664,1
2022-10-29 04:00:00,52361,172507,606,17029,5920,26849,5098,17392,59900,81124,919,0,2560,3042,12323,11985,1635,40000,-21224,919,-120146,-482,338,-16423,-20929,-12294,-38365,1
2022-10-29 05:00:00,55432,184995,663,17991,7840,28394,5638,18356,56444,85712,1080,0,2535,3301,12480,12708,2615,42282,-29268,1080,-129563,-766,-228,-17328,-20554,-12718,-39667,1
2022-10-29 06:00:00,63108,195983,887,18896,11354,29516,6478,19286,55420,90280,1598,0,2612,3442,12831,13276,4417,44988,-34860,1598,-132875,-830,-445,-18009,-18162,-12808,-40571,1
2022-10-29 07:00:00,79604,204489,1176,19303,12382,28897,6772,19190,59156,94772,2526,0,2621,3510,13044,13465,4044,44948,-35616,2526,-124885,-889,-421,-18127,-16515,-12418,-40904,1
2022-10-29 08:00:00,94139,208411,1455,19614,12664,27815,7181,19103,71008,96804,2694,0,2887,3529,13415,13661,4619,43386,-25796,2694,-114272,-642,-246,-18159,-15151,-11922,-38767,1
2022-10-29 09:00:00,106594,210677,1640,19724,13237,26677,7354,18971,79164,97012,2766,0,2963,3488,13412,13309,5099,42055,-17848,2766,-104083,-525,103,-18084,-13440,-11617,-36956,1
2022-10-29 10:00:00,113764,207846,1806,19328,13266,25860,7040,18841,85524,96656,2710,0,2825,3476,13632,13240,4445,37467,-11132,2710,-94082,-651,392,-17522,-12594,-11801,-33022,1
2022-10-29 11:00:00,123470,201353,2033,18595,12654,25607,6087,18444,91748,98008,2607,0,2409,3447,13665,13222,3622,36054,-6260,2607,-77883,-1038,443,-16562,-12953,-12357,-32432,1
2022-10-29 12:00:00,109857,196275,1924,18417,11277,25868,4515,18476,90392,95256,2486,0,1903,3438,13569,13286,3337,36357,-4864,2486,-86418,-1535,283,-16493,-14591,-13961,-33020,1
2022-10-29 13:00:00,78831,192117,1460,18569,8756,26470,3172,18516,87856,91540,2332,0,1478,3547,13636,13783,3817,40267,-3684,2332,-113286,-2069,-147,-17109,-17714,-15344,-36450,1
2022-10-29 14:00:00,56481,192997,869,19031,6929,27358,3208,19277,78412,90324,2972,0,1259,3787,13530,14249,3926,44498,-11912,2972,-136516,-2528,-719,-18162,-20429,-16069,-40572,1
2022-10-29 15:00:00,58708,203230,622,19693,9126,30419,3425,19869,67452,90120,2866,0,1188,3862,13498,14647,4471,49076,-22668,2866,-144522,-2674,-1149,-19071,-21293,-16444,-44605,1
2022-10-29 16:00:00,73558,211509,687,20305,9167,31568,3339,19612,53780,92268,2671,0,1101,3605,12983,14212,7636,50693,-38488,2671,-137951,-2504,-1229,-19618,-22401,-16273,-43057,1
2022-10-29 17:00:00,75679,203272,706,20005,7611,29560,2752,19072,47300,99128,2523,0,995,3411,12436,13881,9454,49134,-51828,2523,-127593,-2416,-1445,-19299,-21949,-16320,-39680,1
2022-10-29 18:00:00,74401,191736,684,19178,5704,27212,2448,17966,48624,101272,2365,0,933,3257,11954,13438,9867,47021,-52648,2365,-117335,-2324,-1484,-18494,-21508,-15518,-37154,1
2022-10-29 19:00:00,75138,181740,699,18056,5052,25294,2184,16893,46948,98412,1123,0,821,3118,11432,12778,9462,44969,-51464,1123,-106602,-2297,-1346,-17357,-20242,-14709,-35507,1
2022-10-29 20:00:00,72444,171230,678,16945,4778,23576,1960,15723,47308,90824,1087,0,735,2994,11010,12359,8914,43147,-43516,1087,-98786,-2259,-1349,-16267,-18798,-13763,-34233,1
2022-10-29 21:00:00,71392,160343,698,15984,4998,21882,1910,14619,46872,85324,2172,0,669,2887,10362,12025,8525,41208,-38452,2172,-88951,-2218,-1663,-15286,-16884,-12709,-32683,1
2022-10-29 22:00:00,70598,149809,700,15061,4293,20476,1848,13974,46244,80724,1151,0,725,2756,9970,11691,7393,39325,-34480,1151,-79211,-2031,-1721,-14361,-16183,-12126,-31932,1
2022-10-29 23:00:00,81515,145026,709,14344,4110,19681,1589,13640,48140,76544,0,0,813,2655,19221,11145,6823,37921,-28404,0,-63511,-1842,8076,-13635,-15571,-12051,-31098,4
2022-10-30 00:00:00,80716,140629,711,13835,3977,19201,1470,13440,48688,74084,0,0,986,2584,19078,10917,5774,37040,-25396,0,-59913,-1598,8161,-13124,-15224,-11970,-31266,4
2022-10-30 01:00:00,83527,139052,709,13553,3831,19144,1358,13390,49056,72476,932,0,1161,2556,9359,11258,5192,36557,-23420,932,-55525,-1395,-1899,-12844,-15313,-12032,-31365,1
2022-10-30 02:00:00,88497,141483,713,13533,3819,19337,1247,13519,46824,71360,1910,0,1309,2549,9514,11816,5419,36377,-24536,1910,-52986,-1240,-2302,-12820,-15518,-12272,-30958,1
2022-10-30 03:00:00,85970,143732,717,13932,3851,19808,1210,13767,42504,70760,2036,0,1373,2607,9901,12044,3916,36621,-28256,2036,-57762,-1234,-2143,-13215,-15957,-12557,-32705,1
2022-10-30 04:00:00,79594,145571,726,14575,4316,20544,1081,14204,34916,71548,2183,0,1383,2806,9899,12186,2381,36952,-36632,2183,-65977,-1423,-2287,-13849,-16228,-13123,-34571,1
2022-10-30 05:00:00,69466,152921,774,15621,6449,21394,1457,15089,30676,73952,2178,0,1397,3042,10097,12397,2086,37294,-43276,2178,-83455,-1645,-2300,-14847,-14945,-13632,-35208,1
2022-10-30 06:00:00,70623,163611,1009,16873,9152,23024,2552,16329,28188,75612,2127,0,1362,3266,10583,13133,2074,38403,-47424,2127,-92988,-1904,-2550,-15864,-13872,-13777,-36329,1
2022-10-30 07:00:00,91407,176090,1311,17674,11456,23800,3407,16727,29200,79992,2158,0,1379,3362,11208,13791,2559,37672,-50792,2158,-84683,-1983,-2583,-16363,-12344,-13320,-35113,1
2022-10-30 08:00:00,118881,184072,1559,18169,12667,23714,3773,16762,35240,84916,2526,0,1431,3436,11497,13579,2791,35991,-49676,2526,-65191,-2005,-2082,-16610,-11047,-12989,-33200,1
2022-10-30 09:00:00,136349,187522,1708,18429,13523,24008,3849,16683,40196,87092,2586,0,1472,3424,11633,13722,2531,33100,-46896,2586,-51173,-1952,-2089,-16721,-10485,-12834,-30569,1
2022-10-30 10:00:00,139398,190479,1745,18443,13183,24231,3942,16900,45984,87532,2438,0,1435,3451,11680,13813,2600,32171,-41548,2438,-51081,-2016,-2133,-16698,-11048,-12958,-29571,1
2022-10-30 11:00:00,134575,185624,1726,18079,12779,23716,3341,16918,51992,88596,2264,0,1290,3439,11421,13536,2450,34731,-36604,2264,-51049,-2149,-2115,-16353,-10937,-13577,-32281,1
2022-10-30 12:00:00,117231,178582,1572,17661,11313,23935,2531,16718,52632,90628,1919,0,1092,3427,11382,13784,2577,37693,-37996,1919,-61351,-2335,-2402,-16089,-12622,-14187,-35116,1
2022-10-30 13:00:00,88869,174437,1253,17705,8901,24391,1432,16561,55952,88264,1922,0,792,3474,11440,14045,1618,38914,-32312,1922,-85568,-2682,-2605,-16452,-15490,-15129,-37296,1
2022-10-30 14:00:00,60569,173739,869,18033,6727,24650,1000,17272,55396,84600,1998,0,647,3700,11711,14611,2064,41877,-29204,1998,-113170,-3053,-2900,-17164,-17923,-16272,-39813,1
2022-10-30 15:00:00,50719,180837,725,18924,6546,26868,1429,18307,47740,83704,2196,0,625,4110,11922,14970,2553,47042,-35964,2196,-130118,-3485,-3048,-18199,-20322,-16878,-44489,1
2022-10-30 16:00:00,63641,196971,734,19302,7391,28149,1604,18346,33840,85688,2223,0,635,3915,11991,14957,4419,52049,-51848,2223,-133330,-3280,-2966,-18568,-20758,-16742,-47630,1
2022-10-30 17:00:00,71427,194866,735,19218,6866,28313,1532,18234,27696,93336,2248,0,691,3629,12116,14909,4188,50954,-65640,2248,-123439,-2938,-2793,-18483,-21447,-16702,-46766,1
2022-10-30 18:00:00,64759,188793,731,18817,6037,27058,1244,17834,28628,96476,2210,0,823,3420,12077,14787,4893,48922,-67848,2210,-124034,-2597,-2710,-18086,-21021,-16590,-44029,1
2022-10-30 19:00:00,61086,181753,730,18027,5467,25332,936,16936,30400,97284,2186,0,905,3232,11919,14113,5333,46828,-66884,2186,-120667,-2327,-2194,-17297,-19865,-16000,-41495,1
2022-10-30 20:00:00,62752,174722,726,17070,4801,23499,814,15999,30744,93928,2212,0,823,3078,11658,13554,5050,44644,-63184,2212,-111970,-2255,-1896,-16344,-18698,-15185,-39594,1
2022-10-30 21:00:00,63894,167235,726,16132,4302,21702,725,15039,29572,86708,2437,0,825,3008,11634,12987,5022,42358,-57136,2437,-103341,-2183,-1353,-15406,-17400,-14314,-37336,1
2022-10-30 22:00:00,65120,156847,727,15151,3932,20295,701,14387,32268,81112,2304,0,797,2920,11028,12339,5490,40313,-48844,2304,-91727,-2123,-1311,-14424,-16363,-13686,-34823,1
2022-10-30 23:00:00,67540,149897,714,14377,3757,19274,686,14064,34944,76872,2006,0,860,2844,10811,12173,5119,38484,-41928,2006,-82357,-1984,-1362,-13663,-15517,-13378,-33365,1
2022-10-31 00:00:00,67823,146182,712,13846,3684,18794,697,13939,40016,74088,1847,0,969,2775,10603,11953,4803,37296,-34072,1847,-78359,-1806,-1350,-13134,-15110,-13242,-32493,1
2022-10-31 01:00:00,67409,145180,709,13436,4580,18635,708,13987,44884,72108,1852,0,973,2795,10612,11955,4102,36647,-27224,1852,-77771,-1822,-1343,-12727,-14055,-13279,-32545,1
2022-10-31 02:00:00,65332,146373,708,13355,4129,18781,762,14359,49976,70884,1865,0,920,2835,10730,11917,2993,36690,-20908,1865,-81041,-1915,-1187,-12647,-14652,-13597,-33697,1
2022-10-31 03:00:00,56946,151636,710,13775,3855,20130,837,15149,54548,71552,1890,0,807,3081,10915,12154,2133,36950,-17004,1890,-94690,-2274,-1239,-13065,-16275,-14312,-34817,1
2022-10-31 04:00:00,50667,162891,707,14421,4584,22709,963,16796,53664,74876,1996,0,799,3676,11566,13272,1683,39787,-21212,1996,-112224,-2877,-1706,-13714,-18125,-15833,-38104,1
2022-10-31 05:00:00,52634,181214,750,15366,7035,25101,1590,18293,53392,83312,2116,0,889,4113,12300,13872,1655,45350,-29920,2116,-128580,-3224,-1572,-14616,-18066,-16703,-43695,1
2022-10-31 06:00:00,59083,194181,970,16618,10413,27832,2658,19209,53208,89932,2296,0,966,4289,12650,14292,1791,51097,-36724,2296,-135098,-3323,-1642,-15648,-17419,-16551,-49306,1
2022-10-31 07:00:00,73372,205461,1241,17503,12581,28637,3224,19412,59612,95656,2316,0,1047,4361,12839,14975,2395,50643,-36044,2316,-132089,-3314,-2136,-16262,-16056,-16188,-48248,1
2022-10-31 08:00:00,88378,212861,1478,17870,13319,28137,3642,19196,67300,100020,2508,0,1118,4407,12694,14963,3156,47887,-32720,2508,-124483,-3289,-2269,-16392,-14818,-15554,-44731,1
2022-10-31 09:00:00,99340,215722,1609,18074,13270,27713,3896,19287,75532,101364,2260,0,1201,4383,12595,15179,3410,46529,-25832,2260,-116382,-3182,-2584,-16465,-14443,-15391,-43119,1
2022-10-31 10:00:00,99973,221668,1648,18420,12862,27453,3915,19419,76936,101424,1604,0,1329,4327,12708,15121,3201,46900,-24488,1604,-121695,-2998,-2413,-16772,-14591,-15504,-43699,1
2022-10-31 11:00:00,96031,217507,1660,18283,12078,27381,3340,19649,79676,103740,1311,0,1285,4307,12658,15064,2774,46443,-24064,1311,-121476,-3022,-2406,-16623,-15303,-16309,-43669,1
2022-10-31 12:00:00,84106,211880,1480,18028,10456,27873,2472,19609,76048,106296,736,0,1081,4235,12628,15035,3053,47370,-30248,736,-127774,-3154,-2407,-16548,-17417,-17137,-44317,1
2022-10-31 13:00:00,72326,206235,1161,17927,7998,28374,1484,19610,69500,104164,331,0,812,4112,12782,15422,2813,49846,-34664,331,-133909,-3300,-2640,-16766,-20376,-18126,-47033,1
2022-10-31 14:00:00,64436,203618,815,18114,5712,28606,1448,20230,62620,100968,215,0,721,4195,12815,15356,3598,52316,-38348,215,-139182,-3474,-2541,-17299,-22894,-18782,-48718,1
2022-10-31 15:00:00,72850,208810,716,18975,7794,30945,1844,20840,55208,100068,313,0,742,4572,12989,15471,5450,56202,-44860,313,-135960,-3830,-2482,-18259,-23151,-18996,-50752,1
2022-10-31 16:00:00,83262,220294,734,19131,7668,31585,1649,20608,49256,101596,260,0,741,4343,13181,15351,8279,60039,-52340,260,-137032,-3602,-2170,-18397,-23917,-18959,-51760,1
2022-10-31 17:00:00,86360,216713,765,19057,7022,31218,1405,20267,48136,105808,290,0,854,4057,12916,14868,10809,57438,-57672,290,-130353,-3203,-1952,-18292,-24196,-18862,-46629,1
2022-10-31 18:00:00,86366,209756,799,18710,5795,29258,806,19573,47304,106508,286,0,1042,3822,12705,14267,12316,54741,-59204,286,-123390,-2780,-1562,-17911,-23463,-18767,-42425,1
2022-10-31 19:00:00,95318,197033,830,17965,4747,26916,568,18364,47548,105768,418,0,1106,3639,12485,13584,13869,51950,-58220,418,-101715,-2533,-1099,-17135,-22169,-17796,-38081,1
2022-10-31 20:00:00,102082,186789,872,16940,4111,24687,630,16932,46040,100072,513,0,1261,3392,12169,13215,15460,49119,-54032,513,-84707,-2131,-1046,-16068,-20576,-16302,-33659,1
2022-10-31 21:00:00,107755,177931,921,16055,4014,22660,690,15582,42792,91552,564,0,1726,3228,11746,12943,15731,46267,-48760,564,-70176,-1502,-1197,-15134,-18646,-14892,-30536,1
2022-10-31 22:00:00,111770,167404,936,15064,3475,21054,802,14443,36532,85516,352,0,2212,3076,10808,12621,16210,43286,-48984,352,-55634,-864,-1813,-14128,-17579,-13641,-27076,1
2022-10-31 23:00:00,113323,159648,970,14116,3352,20158,781,14095,30676,81800,214,0,2826,2960,10547,12446,16342,40752,-51124,214,-46325,-134,-1899,-13146,-16806,-13314,-24410,1
2022-11-01 00:00:00,117452,157299,973,13548,3226,19540,903,13823,25772,78076,291,0,3387,2940,10206,11928,16520,39175,-52304,291,-39847,447,-1722,-12575,-16314,-12920,-22655,3
2022-11-01 01:00:00,124854,156088,1000,13056,3206,19227,1092,13665,25548,75568,428,0,3810,2980,9973,11834,16745,38656,-50020,428,-31234,830,-1861,-12056,-16021,-12573,-21911,3
2022-11-01 02:00:00,129309,157264,980,12920,3227,19156,1113,13689,25548,74148,668,0,4090,3011,10057,12100,17216,38163,-48600,668,-27955,1079,-2043,-11940,-15929,-12576,-20947,3
2022-11-01 03:00:00,132703,163163,929,13223,3267,19559,1200,13893,24600,73608,653,0,4206,3321,11048,12960,17644,38382,-49008,653,-30460,885,-1912,-12294,-16292,-12693,-20738,3
2022-11-01 04:00:00,138212,171447,895,13587,3860,20036,1370,13874,24496,73756,1351,0,4584,3714,11391,14342,17919,40572,-49260,1351,-33235,870,-2951,-12692,-16176,-12504,-22653,1
2022-11-01 05:00:00,139613,186366,906,14098,5732,20567,1430,14499,23156,75848,2188,0,4604,4104,11867,15466,17847,46174,-52692,2188,-46753,500,-3599,-13192,-14835,-13069,-28327,1
2022-11-01 06:00:00,147495,196829,1108,15211,8684,22603,2287,15468,21844,77320,2116,0,4555,4305,11772,15583,18023,51543,-55476,2116,-49334,250,-3811,-14103,-13919,-13181,-33520,1
2022-11-01 07:00:00,160317,207647,1525,16182,10050,23829,2959,16004,29292,79636,2164,0,4359,4386,11751,15445,17723,50471,-50344,2164,-47330,-27,-3694,-14657,-13779,-13045,-32748,1
2022-11-01 08:00:00,176503,210415,2113,16638,10275,24164,3123,16021,45568,83968,2028,0,4135,4499,11808,15629,17749,46871,-38400,2028,-33912,-364,-3821,-14525,-13889,-12898,-29122,1
2022-11-01 09:00:00,200536,217514,2703,16701,10366,24347,3207,15829,57180,85916,1882,0,4360,4556,11392,15743,17823,42915,-28736,1882,-16978,-196,-4351,-13998,-13981,-12622,-25092,1
2022-11-01 10:00:00,212182,223746,3332,16701,9883,24612,3159,15755,64124,86460,1738,0,4716,4643,10762,15712,17926,40540,-22336,1738,-11564,73,-4950,-13369,-14729,-12596,-22614,1
2022-11-01 11:00:00,212436,221454,3681,16276,9168,23503,2762,15891,66856,87092,1856,0,4807,4550,11091,15838,16564,38971,-20236,1856,-9018,257,-4747,-12595,-14335,-13129,-22407,1
2022-11-01 12:00:00,196842,213638,3397,15889,8456,23454,2088,15796,68388,89780,1816,0,4807,4374,11917,15774,17813,40678,-21392,1816,-16796,433,-3857,-12492,-14998,-13708,-22865,1
2022-11-01 13:00:00,168018,208214,2397,16201,6466,23427,1458,15822,68680,88096,1524,0,4575,4374,12425,15774,18282,43899,-19416,1524,-40196,201,-3349,-13804,-16961,-14364,-25617,1
2022-11-01 14:00:00,133857,205875,1149,16733,5493,23904,1586,16487,63064,85092,1624,0,4323,4413,12920,16320,18041,48982,-22028,1624,-72018,-90,-3400,-15584,-18411,-14901,-30941,1
2022-11-01 15:00:00,125359,210948,678,17829,6206,26559,2264,17107,53464,84152,1057,0,4238,4700,13327,16512,17827,55018,-30688,1057,-85589,-462,-3185,-17151,-20353,-14843,-37191,1
2022-11-01 16:00:00,143135,226280,711,18322,8616,28047,2501,17285,33144,86492,1131,0,3956,4593,13547,16460,18150,59365,-53348,1131,-83145,-637,-2913,-17611,-19431,-14784,-41215,1
2022-11-01 17:00:00,146760,225487,740,18437,8263,28476,2682,17205,26020,94972,1375,0,4242,4302,13397,15889,18296,56951,-68952,1375,-78727,-60,-2492,-17697,-20213,-14523,-38655,1
2022-11-01 18:00:00,143629,218617,769,18178,6845,27133,2677,16916,24520,99164,1537,0,4499,4022,12913,14950,18107,54862,-74644,1537,-74988,477,-2037,-17409,-20288,-14239,-36755,1
2022-11-01 19:00:00,140756,207309,759,17582,4946,25282,2185,16135,24244,100276,1768,0,4741,3823,12245,13949,17836,52475,-76032,1768,-66553,918,-1704,-16823,-20336,-13950,-34639,1
2022-11-01 20:00:00,140711,196868,722,16773,3988,23291,1870,15313,24020,96772,2246,0,4885,3557,11508,13011,17142,48965,-72752,2246,-56157,1328,-1503,-16051,-19303,-13443,-31823,1
2022-11-01 21:00:00,140411,188261,722,15813,3661,21320,1972,14381,20068,90336,2462,0,4746,3393,10901,12166,17273,46163,-70268,2462,-47850,1353,-1265,-15091,-17659,-12409,-28890,1
2022-11-01 22:00:00,149875,178583,759,14625,4284,20442,1835,13713,15836,84580,2296,0,4264,3371,10421,11782,17450,43142,-68744,2296,-28708,893,-1361,-13866,-16158,-11878,-25692,1
2022-11-01 23:00:00,156652,171907,765,13781,3958,19472,1611,13453,14976,80864,1849,0,4550,3261,9985,11609,16994,41191,-65888,1849,-15255,1289,-1624,-13016,-15514,-11842,-24197,1
2022-11-02 00:00:00,159664,167068,731,13243,3883,19116,1659,13337,16196,77676,1926,0,4459,3206,9306,11610,16522,39603,-61480,1926,-7404,1253,-2304,-12512,-15233,-11678,-23081,1
2022-11-02 01:00:00,164226,165121,771,12893,4027,19054,1674,13325,18656,75584,2043,0,4239,3123,9166,11533,16341,38565,-56928,2043,-895,1116,-2367,-12122,-15027,-11651,-22224,1
2022-11-02 02:00:00,168709,168343,802,13015,4403,19619,1581,13776,20292,75080,1654,0,4114,3096,9663,11690,15909,38127,-54788,1654,366,1018,-2027,-12213,-15216,-12195,-22218,1
2022-11-02 03:00:00,171371,178047,773,13990,4202,21463,1742,15173,21012,76060,1726,0,3915,3228,10926,12581,16363,38466,-55048,1726,-6676,687,-1655,-13217,-17261,-13431,-22103,1
2022-11-02 04:00:00,171021,199485,727,16281,4303,26491,1868,18136,18748,80572,1829,0,4036,3709,12156,13938,17565,40606,-61824,1829,-28464,327,-1782,-15554,-22188,-16268,-23041,1
2022-11-02 05:00:00,172181,231388,767,19243,6113,30810,2567,20273,16188,93208,2023,0,4107,4166,13042,14916,18103,45569,-77020,2023,-59207,-59,-1874,-18476,-24697,-17706,-27466,1
2022-11-02 06:00:00,184639,249118,1174,20437,8992,34948,3603,21282,17500,103936,2567,0,4230,4338,13285,15487,17815,50808,-86436,2567,-64479,-108,-2202,-19263,-25956,-17679,-32993,1
2022-11-02 07:00:00,198142,255078,1771,20518,10283,35876,4261,21357,23824,107644,2665,0,4129,4367,13251,15800,16704,50091,-83820,2665,-56936,-238,-2549,-18747,-25593,-17096,-33387,1
2022-11-02 08:00:00,207561,257816,2741,20210,10980,35972,4853,20872,36628,106840,2804,0,4151,4443,13214,15917,15756,45616,-70212,2804,-50255,-292,-2703,-17469,-24992,-16019,-29860,1
2022-11-02 09:00:00,232406,261194,3916,19598,11466,35899,5598,21192,46876,106256,2797,0,4218,4365,12983,16154,15041,41708,-59380,2797,-28788,-147,-3171,-15682,-24433,-15594,-26667,1
2022-11-02 10:00:00,241132,263439,4115,19217,10499,34871,5762,21196,55884,107000,2780,0,4372,4279,12790,15816,14574,39755,-51116,2780,-22307,93,-3026,-15102,-24372,-15434,-25181,1
2022-11-02 11:00:00,233336,259611,4112,19554,9287,34633,5572,21420,62332,109360,2818,0,4663,4279,13260,15641,15149,39119,-47028,2818,-26275,384,-2381,-15442,-25346,-15848,-23970,1
2022-11-02 12:00:00,209571,254123,3324,19781,8585,36050,4446,21256,65412,109992,2915,0,4533,4208,13320,15559,16238,41491,-44580,2915,-44552,325,-2239,-16457,-27465,-16810,-25253,1
2022-11-02 13:00:00,178472,249196,2253,20424,7505,36475,3097,21495,66576,110384,2893,0,3868,4371,13404,15683,15661,44524,-43808,2893,-70724,-503,-2279,-18171,-28970,-18398,-28863,1
2022-11-02 14:00:00,145501,249021,1147,21154,6397,36631,3140,22244,61212,109380,2862,0,3841,4401,13484,16132,14977,49756,-48168,2862,-103520,-560,-2648,-20007,-30234,-19104,-34779,1
2022-11-02 15:00:00,132155,253172,848,22160,8051,38211,4193,22864,49980,108992,3248,0,3728,4691,13425,16386,15079,55881,-59012,3248,-121017,-963,-2961,-21312,-30160,-18671,-40802,1
2022-11-02 16:00:00,138927,261730,921,22396,10136,37947,4428,22522,37864,109732,3457,0,3681,4396,13437,15883,15672,59705,-71868,3457,-122803,-715,-2446,-21475,-27811,-18094,-44033,1
2022-11-02 17:00:00,136390,258487,895,22301,9787,37283,4821,22439,35892,115916,3427,0,3040,4254,13200,15354,15545,57259,-80024,3427,-122097,-1214,-2154,-21406,-27496,-17618,-41714,1
2022-11-02 18:00:00,135213,252043,869,21868,6796,35156,4559,21711,37260,118344,3204,0,2826,4031,13039,14827,16308,55022,-81084,3204,-116830,-1205,-1788,-20999,-28360,-17152,-38714,1
2022-11-02 19:00:00,129825,236149,845,21013,5111,32356,4240,20247,37336,118584,3029,0,3128,3798,12717,14198,16926,52452,-81248,3029,-106324,-670,-1481,-20168,-27245,-16007,-35526,1
2022-11-02 20:00:00,130159,221435,841,19871,4692,29227,4172,18539,38020,111528,2778,0,3026,3546,12262,13482,18005,49487,-73508,2778,-91276,-520,-1220,-19030,-24535,-14367,-31482,1
2022-11-02 21:00:00,124046,204968,843,18962,4161,26580,3896,17216,35108,100712,2678,0,2918,3427,11636,12921,18058,46427,-65604,2678,-80922,-509,-1285,-18119,-22419,-13320,-28369,1
2022-11-02 22:00:00,125594,190589,808,17789,4909,24553,3631,16375,40172,92892,2512,0,2750,3284,10885,12441,18203,43392,-52720,2512,-64995,-534,-1556,-16981,-19644,-12744,-25189,1
2022-11-02 23:00:00,133979,182079,790,16640,4910,23462,3395,16021,43328,88996,1526,0,3251,3197,10402,12247,18322,40953,-45668,1526,-48100,54,-1845,-15850,-18552,-12626,-22631,1
2022-11-03 00:00:00,145088,177855,794,15829,4763,22811,3004,15726,49760,85380,1016,0,3563,3180,10184,12193,18261,39267,-35620,1016,-32767,383,-2009,-15035,-18048,-12722,-21006,1
2022-11-03 01:00:00,152505,178596,792,15363,5042,22679,2710,15863,52244,83412,1092,0,3929,3152,10039,12301,18247,38583,-31168,1092,-26091,777,-2262,-14571,-17637,-13153,-20336,1
2022-11-03 02:00:00,154823,181927,760,15397,4795,22895,2547,16232,54288,82092,1043,0,4337,3126,10347,12412,18019,38360,-27804,1043,-27104,1211,-2065,-14637,-18100,-13685,-20341,3
2022-11-03 03:00:00,155762,190235,739,16212,4917,24386,2426,17281,52476,82392,1548,0,4615,3401,11281,13101,17605,38689,-29916,1548,-34473,1214,-1820,-15473,-19469,-14855,-21084,1
2022-11-03 04:00:00,150491,208834,716,17960,4184,28646,2609,19744,50320,85624,1420,0,4660,3893,12471,14373,17771,40761,-35304,1420,-58343,767,-1902,-17244,-24462,-17135,-22990,1
2022-11-03 05:00:00,143667,238620,830,20125,6154,32850,3195,21542,50852,96724,1118,0,4685,4376,13280,15173,17401,45936,-45872,1118,-94953,309,-1893,-19295,-26696,-18347,-28535,1
2022-11-03 06:00:00,151037,254211,1629,20547,8760,35905,4437,22278,48340,106840,1158,0,4197,4561,13569,15452,17148,51884,-58500,1158,-103174,-364,-1883,-18918,-27145,-17841,-34736,1
2022-11-03 07:00:00,161179,259397,2549,20540,9765,36953,5419,21955,51132,110740,1170,0,4167,4544,13748,15402,17162,53722,-59608,1170,-98218,-377,-1654,-17991,-27188,-16536,-36560,1
2022-11-03 08:00:00,170989,261076,3300,20405,10002,36706,5787,21450,56428,111940,796,0,4344,4555,13820,15650,17231,52687,-55512,796,-90087,-211,-1830,-17105,-26704,-15663,-35456,1
2022-11-03 09:00:00,173078,263245,3809,20333,10691,36564,6147,21517,64532,111948,622,0,3891,4505,13857,15698,17100,50729,-47416,622,-90167,-614,-1841,-16524,-25873,-15370,-33629,1
2022-11-03 10:00:00,170932,266673,4090,20564,10470,34927,5972,21554,69560,112788,487,0,3777,4426,13525,15731,16575,49720,-43228,487,-95741,-649,-2206,-16474,-24457,-15582,-33145,1
2022-11-03 11:00:00,159709,263009,3885,20850,10251,35501,5138,21752,73660,114348,370,0,3952,4434,13493,15305,16273,47849,-40688,370,-103300,-482,-1812,-16965,-25250,-16614,-31576,1
2022-11-03 12:00:00,148426,256629,3398,20826,10426,37200,3856,21764,73264,114092,299,0,3860,4443,13589,15049,15737,48259,-40828,299,-108203,-583,-1460,-17428,-26774,-17908,-32522,1
2022-11-03 13:00:00,140271,254029,2459,21297,9394,37860,2797,21971,71304,112456,191,0,3190,4404,13906,15549,15084,51599,-41152,191,-113758,-1214,-1643,-18838,-28466,-19174,-36515,1
2022-11-03 14:00:00,141793,253512,1607,21733,9750,38362,3277,22798,67380,109776,101,0,3019,4503,14156,15873,13820,54682,-42396,101,-111719,-1484,-1717,-20126,-28612,-19521,-40862,1
2022-11-03 15:00:00,150865,259649,1303,22638,9893,39444,4392,23375,63632,109252,27,0,3352,4842,14403,15988,13862,57877,-45620,27,-108784,-1490,-1585,-21335,-29551,-18983,-44015,1
2022-11-03 16:00:00,165006,271887,1329,22783,10662,38981,5085,23011,56912,111100,31,0,3277,4658,14397,15757,11081,60749,-54188,31,-106881,-1381,-1360,-21454,-28319,-17926,-49668,1
2022-11-03 17:00:00,160073,268182,1317,22629,9732,38133,5558,22853,58420,116296,108,0,3237,4363,14085,15389,10780,58671,-57876,108,-108109,-1126,-1304,-21312,-28401,-17295,-47891,1
2022-11-03 18:00:00,153112,256403,1299,22135,8580,35959,5770,22193,59148,118364,280,0,3267,4083,13376,14777,10498,56442,-59216,280,-103291,-816,-1401,-20836,-27379,-16423,-45944,1
2022-11-03 19:00:00,142115,240881,1327,21237,7003,33292,5770,20670,56208,118172,155,0,3259,3869,12756,14227,9375,53503,-61964,155,-98766,-610,-1471,-19910,-26289,-14900,-44128,1
2022-11-03 20:00:00,135175,224864,1480,20156,6863,30214,5479,18971,51980,111612,312,0,3099,3625,12228,13471,8275,50285,-59632,312,-89689,-526,-1243,-18676,-23351,-13492,-42010,1
2022-11-03 21:00:00,133445,208876,1634,19203,7589,27559,5294,17752,46596,101036,542,0,3036,3428,11434,12660,7087,47088,-54440,542,-75431,-392,-1226,-17569,-19970,-12458,-40001,1
2022-11-03 22:00:00,140347,194006,1622,18082,7467,25506,5085,16792,45640,93452,334,0,2950,3481,10247,12526,6706,44065,-47812,334,-53659,-531,-2279,-16460,-18039,-11707,-37359,1
2022-11-03 23:00:00,135938,180957,1534,17176,7615,24217,4787,16198,43952,90128,390,0,2930,3372,10067,12569,5951,41306,-46176,390,-45019,-442,-2502,-15642,-16602,-11411,-35355,1
2022-11-04 00:00:00,139326,175465,1556,16380,8268,23646,4590,15889,42364,85772,496,0,3017,3258,9910,12285,5796,40044,-43408,496,-36139,-241,-2375,-14824,-15378,-11299,-34248,1
2022-11-04 01:00:00,147087,175333,1621,15868,9005,23473,4581,16010,41712,83072,553,0,2957,3200,9915,11974,6303,39781,-41360,553,-28246,-243,-2059,-14247,-14468,-11429,-33478,1
2022-11-04 02:00:00,150736,179551,1493,15902,9139,23680,4456,16320,41236,81932,519,0,2976,3178,10197,12052,6410,39656,-40696,519,-28815,-202,-1855,-14409,-14541,-11864,-33246,1
2022-11-04 03:00:00,143737,186136,1442,16567,9287,25182,4320,17224,47324,82628,716,0,2658,3409,11017,12750,5979,40251,-35304,716,-42399,-751,-1733,-15125,-15895,-12904,-34272,1
2022-11-04 04:00:00,129338,202684,1369,18282,8743,29363,4327,19678,49728,86148,1010,0,2870,3891,12415,13974,5052,42000,-36420,1010,-73346,-1021,-1559,-16913,-20620,-15351,-36948,1
2022-11-04 05:00:00,122311,234180,1369,20527,10347,33209,4457,21392,49560,97136,1163,0,3160,4398,13271,14774,4344,46986,-47576,1163,-111869,-1238,-1503,-19158,-22862,-16935,-42642,1
2022-11-04 06:00:00,116665,249222,1725,21221,13916,36567,4774,22428,52384,107032,1416,0,3420,4565,13632,15056,3374,53129,-54648,1416,-132557,-1145,-1424,-19496,-22651,-17654,-49755,1
2022-11-04 07:00:00,118945,255221,2545,21215,15095,37513,4506,22583,58712,111252,714,0,3469,4568,13973,15342,3444,53638,-52540,714,-136276,-1099,-1369,-18670,-22418,-18077,-50194,1
2022-11-04 08:00:00,120829,256574,3031,21231,15280,37266,4320,22290,70732,111700,0,0,3672,4637,13877,15347,3913,50556,-40968,0,-135745,-965,-1470,-18200,-21986,-17970,-46643,1
2022-11-04 09:00:00,116688,258237,3477,21421,15536,36369,4093,22262,79308,111780,554,0,4025,4577,13714,15415,4347,48631,-32472,554,-141549,-552,-1701,-17944,-20833,-18169,-44284,1
2022-11-04 10:00:00,114479,259164,3372,21507,15570,34720,4032,22489,88120,112220,950,0,4265,4470,13643,15451,5859,47844,-24100,950,-144685,-205,-1808,-18135,-19150,-18457,-41985,1
2022-11-04 11:00:00,107113,255017,3112,21509,14836,34775,3526,22619,92420,113396,722,0,4099,4390,13485,15287,6845,46931,-20976,722,-147904,-291,-1802,-18397,-19939,-19093,-40086,1
2022-11-04 12:00:00,95533,247030,2666,21327,13618,35681,2791,22347,95416,112724,680,0,4406,4285,13255,15090,8280,48223,-17308,680,-151497,121,-1835,-18661,-22063,-19556,-39943,1
2022-11-04 13:00:00,87050,240701,1765,21794,11879,35858,2782,22603,95812,110876,612,0,4347,4152,13127,14927,8277,50881,-15064,612,-153651,195,-1800,-20029,-23979,-19821,-42604,1
2022-11-04 14:00:00,77559,237773,1361,22091,11156,36537,3152,23288,94016,109132,542,0,4403,4226,13420,15345,7265,53543,-15116,542,-160214,177,-1925,-20730,-25381,-20136,-46278,1
2022-11-04 15:00:00,75738,242200,1233,22885,12231,37780,3442,23489,81216,108396,480,0,4228,4517,13580,15530,6652,56522,-27180,480,-166462,-289,-1950,-21652,-25549,-20047,-49870,1
2022-11-04 16:00:00,89758,249922,1127,22700,13391,37590,3231,22962,61568,109920,493,0,4526,4439,13416,14969,6449,60668,-48352,493,-160164,87,-1553,-21573,-24199,-19731,-54219,1
2022-11-04 17:00:00,89030,244892,968,22477,12389,37012,3022,22784,55436,115508,395,0,4492,4146,13335,14585,5928,58409,-60072,395,-155862,346,-1250,-21509,-24623,-19762,-52481,1
2022-11-04 18:00:00,81521,235913,1132,21871,9721,34720,2748,22071,54140,116764,560,0,4222,3903,13002,13962,5700,55866,-62624,560,-154392,319,-960,-20739,-24999,-19323,-50166,1
2022-11-04 19:00:00,76159,222725,1311,21101,8440,32098,2668,20537,52028,116064,537,0,4074,3723,12627,13340,6775,52803,-64036,537,-146566,351,-713,-19790,-23658,-17869,-46028,1
2022-11-04 20:00:00,75961,208517,1239,20183,8767,29134,2356,19017,47772,109952,580,0,3809,3510,12147,12615,6372,49848,-62180,580,-132556,299,-468,-18944,-20367,-16661,-43476,1
2022-11-04 21:00:00,77913,195887,1228,19441,8097,26966,2249,17770,47168,100296,648,0,3542,3347,11542,11980,5716,47158,-53128,648,-117974,195,-438,-18213,-18869,-15521,-41442,1
2022-11-04 22:00:00,79757,182866,1212,18323,6938,25302,2327,16814,42744,92988,746,0,3508,3354,11833,11881,5171,44664,-50244,746,-103109,154,-48,-17111,-18364,-14487,-39493,1
2022-11-04 23:00:00,77526,172098,1284,17070,6198,23897,2574,16143,39456,88612,1128,0,3467,3233,11490,11661,3685,42700,-49156,1128,-94572,234,-171,-15786,-17699,-13569,-39015,1
2022-11-05 00:00:00,77026,166598,1305,16255,6364,23119,2844,15827,38432,84028,1255,0,3279,3144,11329,11351,4338,41079,-45596,1255,-89572,135,-22,-14950,-16755,-12983,-36741,1
2022-11-05 01:00:00,79646,163533,1453,15705,6306,22793,2823,15728,39536,81116,1648,0,2775,3186,11455,11135,4996,40216,-41580,1648,-83887,-411,320,-14252,-16487,-12905,-35220,1
2022-11-05 02:00:00,81788,163832,1428,15557,5651,22730,2819,15802,43608,79344,2184,0,2602,3081,11750,11303,4997,39245,-35736,2184,-82044,-479,447,-14129,-17079,-12983,-34248,1
2022-11-05 03:00:00,81617,164693,1350,15852,5411,23282,3016,16082,44272,78520,2404,0,2665,3003,11787,11485,5389,39008,-34248,2404,-83076,-338,302,-14502,-17871,-13066,-33619,1
2022-11-05 04:00:00,78217,167489,1332,16409,5826,24985,3133,16853,42620,78504,2480,0,2546,3091,12148,11833,6718,39481,-35884,2480,-89272,-545,315,-15077,-19159,-13720,-32763,1
2022-11-05 05:00:00,82996,178242,1365,17449,6473,26988,3072,17962,39680,81008,2380,0,2582,3333,12384,12288,7522,41545,-41328,2380,-95246,-751,96,-16084,-20515,-14890,-34023,1
2022-11-05 06:00:00,88570,189755,1600,18627,9553,29606,2827,19166,36608,83620,2178,0,2699,3541,12695,13006,7568,43567,-47012,2178,-101185,-842,-311,-17027,-20053,-16339,-35999,1
2022-11-05 07:00:00,100016,200394,2024,19464,11597,30183,2867,20106,41500,88280,1642,0,2886,3607,12855,13536,7993,43032,-46780,1642,-100378,-721,-681,-17440,-18586,-17239,-35039,1
2022-11-05 08:00:00,108354,208661,2692,19859,12841,30217,3128,20664,60676,93184,1502,0,3320,3525,13046,13813,8471,40759,-32508,1502,-100307,-205,-767,-17167,-17376,-17536,-32288,1
2022-11-05 09:00:00,113900,215333,2947,20212,12743,29601,3261,20877,73148,95352,468,0,3280,3601,13237,14012,9168,39089,-22204,468,-101433,-321,-775,-17265,-16858,-17616,-29921,1
2022-11-05 10:00:00,125510,218743,3073,20534,13239,28397,3244,20864,78240,94540,638,0,3209,3515,13334,14074,9183,39975,-16300,638,-93233,-306,-740,-17461,-15158,-17620,-30792,1
2022-11-05 11:00:00,128831,216434,2900,20397,13247,27480,3101,20701,76936,95372,1494,0,3031,3497,13386,13974,8680,40873,-18436,1494,-87603,-466,-588,-17497,-14233,-17600,-32193,1
2022-11-05 12:00:00,121869,210413,2434,20055,12478,27191,2800,20111,77240,96536,1494,0,2730,3489,13332,13934,8999,42898,-19296,1494,-88544,-759,-602,-17621,-14713,-17311,-33899,1
2022-11-05 13:00:00,108987,206065,2138,19962,10985,27478,2203,19946,74864,93916,1304,0,2541,3484,13340,13914,11360,45106,-19052,1304,-97078,-943,-574,-17824,-16493,-17743,-33746,1
2022-11-05 14:00:00,89230,203722,1843,20064,9787,28126,2050,20410,71436,90860,862,0,2573,3677,13668,14547,12875,47665,-19424,862,-114492,-1104,-879,-18221,-18339,-18360,-34790,1
2022-11-05 15:00:00,87459,207825,1776,20882,11231,30838,3032,20713,57620,89584,692,0,2781,4085,13758,14713,14681,51246,-31964,692,-120366,-1304,-955,-19106,-19607,-17681,-36565,1
2022-11-05 16:00:00,104332,223462,1800,20755,12887,31981,2644,20384,32908,91144,1139,0,2735,4003,14047,14431,15363,55057,-58236,1139,-119130,-1268,-384,-18955,-19094,-17740,-39694,1
2022-11-05 17:00:00,115512,223566,1749,20590,11933,32090,2552,19955,30596,98444,1581,0,2778,3844,13955,13944,16080,53318,-67848,1581,-108054,-1066,11,-18841,-20157,-17403,-37238,1
2022-11-05 18:00:00,120798,215158,1798,20251,11112,30392,2650,19352,31860,100496,2058,0,2453,3836,13837,13692,16879,50889,-68636,2058,-94360,-1383,145,-18453,-19280,-16702,-34010,1
2022-11-05 19:00:00,122887,202533,1788,19549,10070,28078,2540,18289,29224,101576,2632,0,2476,3697,13454,13066,17517,48715,-72352,2632,-79646,-1221,388,-17761,-18008,-15749,-31198,1
2022-11-05 20:00:00,125363,193123,1729,18548,9368,26112,2594,17095,28824,98304,2680,0,2864,3518,12869,12677,17753,46293,-69480,2680,-67760,-654,192,-16819,-16744,-14501,-28540,1
2022-11-05 21:00:00,126223,186617,1721,17557,9183,24330,2616,15948,26096,91104,2478,0,2752,3400,11856,12286,18106,44387,-65008,2478,-60394,-648,-430,-15836,-15147,-13332,-26281,1
2022-11-05 22:00:00,129787,176079,1656,16552,9369,22273,2531,15032,26980,85020,2457,0,3378,3227,11607,11937,18095,42552,-58040,2457,-46292,151,-330,-14896,-12904,-12501,-24457,1
2022-11-05 23:00:00,132660,165847,1582,15566,8990,20915,2452,14474,28512,80208,2334,0,3537,3182,11028,11899,18104,40774,-51696,2334,-33187,355,-871,-13984,-11925,-12022,-22670,1
2022-11-06 00:00:00,144615,160362,1548,14867,8167,20133,2330,14063,29676,76096,2162,0,3922,3049,10764,11836,17991,39353,-46420,2162,-15747,873,-1072,-13319,-11966,-11733,-21362,1
2022-11-06 01:00:00,147048,158809,1538,14306,7307,19686,2242,13968,33740,73356,1873,0,4126,3034,10250,11608,17724,38263,-39616,1873,-11761,1092,-1358,-12768,-12379,-11726,-20539,1
2022-11-06 02:00:00,145954,159866,1535,14133,7050,19574,2099,14003,33792,71788,1884,0,4003,3060,10379,11490,17450,37908,-37996,1884,-13912,943,-1111,-12598,-12524,-11904,-20458,1
2022-11-06 03:00:00,144218,161624,1452,14350,7082,20078,2199,14263,36048,70972,1850,0,3904,3059,10535,11576,17295,37671,-34924,1850,-17406,845,-1041,-12898,-12996,-12064,-20376,1
2022-11-06 04:00:00,147860,163539,1383,14776,8069,20835,2296,14542,37960,71372,1550,0,3694,3129,11128,11862,16196,37698,-33412,1550,-15679,565,-734,-13393,-12766,-12246,-21502,1
2022-11-06 05:00:00,139862,169117,1388,15565,10084,21559,2892,15170,39312,73296,1655,0,3158,3318,11360,12088,15739,38586,-33984,1655,-29255,-160,-728,-14177,-11475,-12278,-22847,1
2022-11-06 06:00:00,137772,176730,1564,16712,13369,23763,4011,16278,40020,73792,1665,0,2598,3615,11942,12669,16539,40329,-33772,1665,-38958,-1017,-727,-15148,-10394,-12267,-23790,1
2022-11-06 07:00:00,149254,187776,1888,17881,16100,25197,4657,17024,46924,76048,1710,0,2396,3773,12216,13126,16760,41887,-29124,1710,-38522,-1377,-910,-15993,-9097,-12367,-25127,1
2022-11-06 08:00:00,166200,196527,2583,18591,16875,25309,5423,17460,65808,81012,1772,0,2572,3835,12376,13394,16712,42749,-15204,1772,-30327,-1263,-1018,-16008,-8434,-12037,-26037,1
2022-11-06 09:00:00,181218,203704,3079,18845,16903,25524,5915,17514,76924,84916,1938,0,2575,3870,12416,13682,17008,42954,-7992,1938,-22486,-1295,-1266,-15766,-8621,-11599,-25946,1
2022-11-06 10:00:00,182651,211417,3548,18958,16415,25531,6054,17551,86820,86496,2312,0,3178,3815,12396,13883,16343,43928,324,2312,-28766,-637,-1487,-15410,-9116,-11497,-27585,1
2022-11-06 11:00:00,182899,205928,3235,18736,15094,24292,5520,17625,87664,87136,2242,0,3436,3828,12180,13921,15541,45222,528,2242,-23029,-392,-1741,-15501,-9198,-12105,-29681,1
2022-11-06 12:00:00,175137,197751,2517,18457,14045,24436,4311,17516,88588,89540,2180,0,3441,3813,12018,13882,16629,46662,-952,2180,-22614,-372,-1864,-15940,-10391,-13205,-30033,1
2022-11-06 13:00:00,152062,190970,1783,18433,10751,24102,2946,17485,89348,88464,2112,0,3371,3776,12067,14276,17551,48478,884,2112,-38908,-405,-2209,-16650,-13351,-14539,-30927,1
2022-11-06 14:00:00,143623,193438,1002,18829,8406,24631,3122,18231,84464,85360,2020,0,3396,3934,12285,15173,18256,49561,-896,2020,-49815,-538,-2888,-17827,-16225,-15109,-31305,1
2022-11-06 15:00:00,148630,204998,787,19923,8866,27701,3890,18891,72836,83948,2016,0,3822,4162,12872,15777,18147,51967,-11112,2016,-56368,-340,-2905,-19136,-18835,-15001,-33820,1
2022-11-06 16:00:00,168327,221896,790,20331,9729,29200,4914,18843,50132,86064,2190,0,4110,4198,12630,15361,18469,55188,-35932,2190,-53569,-88,-2731,-19541,-19471,-13929,-36719,1
2022-11-06 17:00:00,171060,219869,807,20339,10210,29803,5655,18770,45788,94672,2494,0,3724,3955,11893,14731,18517,53648,-48884,2494,-48809,-231,-2838,-19532,-19593,-13115,-35131,1
2022-11-06 18:00:00,165549,212007,865,19932,8989,28710,5970,18295,43984,98428,2632,0,4411,3752,11352,14048,18632,51826,-54444,2632,-46458,659,-2696,-19067,-19721,-12325,-33194,1
2022-11-06 19:00:00,165289,201852,914,19244,6304,26806,5889,17496,43820,100600,2814,0,4901,3523,10376,13483,18592,49520,-56780,2814,-36563,1378,-3107,-18330,-20502,-11607,-30928,1
2022-11-06 20:00:00,172450,197749,953,18293,5699,24767,5521,16739,42324,97832,1374,0,4759,3329,10014,12899,18457,47161,-55508,1374,-25299,1430,-2885,-17340,-19068,-11218,-28704,3
2022-11-06 21:00:00,173245,192920,1066,17305,5042,22691,5068,15788,37472,91616,1340,0,5172,3133,8993,12516,18274,44614,-54144,1340,-19675,2039,-3523,-16239,-17649,-10720,-26340,3
2022-11-06 22:00:00,172558,182752,1089,16199,4819,21296,4928,15089,36420,85200,2639,0,4782,3125,7474,12507,17928,42184,-48780,2639,-10194,1657,-5033,-15110,-16477,-10161,-24256,1
2022-11-06 23:00:00,172006,173486,1100,15291,5901,20262,4692,14712,35984,80176,2326,0,4613,3067,6793,12239,17267,40299,-44192,2326,-1480,1546,-5446,-14191,-14361,-10020,-23032,1
2022-11-07 00:00:00,168194,168483,1069,14773,6638,19776,4479,14463,35664,76684,2304,0,4778,3015,6378,12178,17372,38737,-41020,2304,-289,1763,-5800,-13704,-13138,-9984,-21365,1
2022-11-07 01:00:00,167444,167450,1100,14382,6469,19827,4300,14569,36844,74864,2052,0,5158,2986,6540,12496,16680,38153,-38020,2052,-6,2172,-5956,-13282,-13358,-10269,-21473,3
2022-11-07 02:00:00,170355,169849,1049,14384,5578,20321,4131,15075,35788,74220,2050,0,5401,3000,6845,12148,16653,38118,-38432,2050,506,2401,-5303,-13335,-14743,-10944,-21465,3
2022-11-07 03:00:00,175674,178493,954,15304,4876,22286,3966,16280,33636,75164,2103,0,4925,3270,8452,12673,16709,38877,-41528,2103,-2819,1655,-4221,-14350,-17410,-12314,-22168,1
2022-11-07 04:00:00,174654,200635,892,17498,5188,27746,3877,19383,31376,80096,2034,0,4241,3887,10973,14495,17089,41403,-48720,2034,-25981,354,-3522,-16606,-22558,-15506,-24314,1
2022-11-07 05:00:00,166799,235706,900,20229,7020,32414,4125,21370,30248,93128,2101,0,4354,4345,12147,15734,16991,46502,-62880,2101,-68907,9,-3587,-19329,-25394,-17245,-29511,1
2022-11-07 06:00:00,168962,252483,1206,21252,10661,36341,4415,22503,33612,105080,2720,0,4135,4543,12540,15565,17099,52490,-71468,2720,-83521,-408,-3025,-20046,-25680,-18088,-35391,1
2022-11-07 07:00:00,176991,260241,1599,21643,12833,36875,4722,22798,43416,107860,2410,0,4449,4574,12571,15458,17005,54558,-64444,2410,-83250,-125,-2887,-20044,-24042,-18076,-37553,1
2022-11-07 08:00:00,194445,264292,1788,21780,12312,36103,4917,22551,56684,107980,2234,0,4585,4608,12725,15759,17144,53941,-51296,2234,-69847,-23,-3034,-19992,-23791,-17634,-36797,1
2022-11-07 09:00:00,210014,267567,1997,21812,12281,35532,5115,22723,65636,108564,2366,0,4790,4590,12592,15656,17268,53083,-42928,2366,-57553,200,-3064,-19815,-23251,-17608,-35815,1
2022-11-07 10:00:00,211032,270140,2385,21979,11488,33501,4927,22720,71296,109120,2464,0,4777,4526,12693,15951,17124,52386,-37824,2464,-59108,251,-3258,-19594,-22013,-17793,-35262,1
2022-11-07 11:00:00,192682,265382,2683,21908,10942,34075,4516,22728,77460,110100,2778,0,4640,4582,12774,15931,17125,52385,-32640,2778,-72700,58,-3157,-19225,-23133,-18212,-35260,1
2022-11-07 12:00:00,172192,259930,2584,21246,9697,35637,4033,22623,83876,110580,3260,0,4350,4398,12950,15810,16787,53185,-26704,3260,-87738,-48,-2860,-18662,-25940,-18590,-36398,1
2022-11-07 13:00:00,155717,254810,2154,21203,7483,36048,3529,22570,86508,110120,3344,0,3810,4259,13128,15888,16416,54537,-23612,3344,-99093,-449,-2760,-19049,-28565,-19041,-38121,1
2022-11-07 14:00:00,150502,253231,1180,21685,8576,36829,4205,23283,88040,108352,3226,0,3450,4417,13184,16156,16228,55868,-20312,3226,-102729,-967,-2972,-20505,-28253,-19078,-39640,1
2022-11-07 15:00:00,151018,257187,818,22787,8891,38382,4945,23537,77668,108908,2979,0,3510,4726,13364,16582,16441,58690,-31240,2979,-106169,-1216,-3218,-21969,-29491,-18592,-42249,1
2022-11-07 16:00:00,158364,266062,849,22974,8949,37988,5174,23225,59372,111032,3084,0,3314,4512,13323,16271,16794,61601,-51660,3084,-107698,-1198,-2948,-22125,-29039,-18051,-44807,1
2022-11-07 17:00:00,156753,261261,828,22914,8311,37628,5103,23004,58016,117564,3076,0,3174,4201,12916,15713,17250,58653,-59548,3076,-104508,-1027,-2797,-22086,-29317,-17901,-41403,1
2022-11-07 18:00:00,151265,253555,836,22619,6815,35669,4699,22458,59468,120248,2872,0,2998,3997,12480,15091,17212,56118,-60780,2872,-102290,-999,-2611,-21783,-28854,-17759,-38906,1
2022-11-07 19:00:00,144167,240674,892,21793,4618,32606,4355,20981,61932,121004,2596,0,3145,3789,12020,14318,17127,53224,-59072,2596,-96507,-644,-2298,-20901,-27988,-16626,-36097,1
2022-11-07 20:00:00,141508,225966,893,20715,3659,29109,4186,19369,56928,113972,2586,0,3166,3490,11390,13692,17157,50560,-57044,2586,-84458,-324,-2302,-19822,-25450,-15183,-33403,1
2022-11-07 21:00:00,133862,211305,885,19758,3902,26454,4105,18063,53748,103336,1282,0,3210,3256,10958,12909,17167,47397,-49588,1282,-77443,-46,-1951,-18873,-22552,-13958,-30230,1
2022-11-07 22:00:00,138867,197535,876,18531,3576,24693,3931,17133,51328,95100,705,0,3091,3110,10234,12840,16337,44565,-43772,705,-58668,-19,-2606,-17655,-21117,-13202,-28228,1
2022-11-07 23:00:00,141838,186183,828,17319,3362,23213,3893,16723,54576,90556,681,0,3064,3072,10039,12615,15407,42056,-35980,681,-44345,-8,-2576,-16491,-19851,-12830,-26649,1
2022-11-08 00:00:00,144813,180568,792,16541,3010,22458,3785,16425,57816,86132,926,0,3291,2918,9776,12363,15313,40402,-28316,926,-35755,373,-2587,-15749,-19448,-12640,-25089,1
2022-11-08 01:00:00,143604,178673,805,16047,3850,22496,3801,16317,57804,83552,877,0,3306,2905,9663,12238,15148,39591,-25748,877,-35069,401,-2575,-15242,-18646,-12516,-24443,1
2022-11-08 02:00:00,137277,180690,796,16082,3316,22690,3851,16588,58820,82820,631,0,3227,3070,9729,12497,14850,39487,-24000,631,-43413,157,-2768,-15286,-19374,-12737,-24637,1
2022-11-08 03:00:00,140921,188501,808,16853,3115,24486,3659,17563,59356,83124,811,0,3502,3114,10174,13337,15033,39725,-23768,811,-47580,388,-3163,-16045,-21371,-13904,-24692,1
2022-11-08 04:00:00,136167,205304,844,18715,3772,29388,3693,20199,56576,86676,1690,0,3529,3679,11622,14834,15183,41610,-30100,1690,-69137,-150,-3212,-17871,-25616,-16506,-26427,1
2022-11-08 05:00:00,135344,237134,966,21174,5969,33648,4183,21870,53684,98184,1704,0,3676,4188,12071,15894,16464,46577,-44500,1704,-101790,-512,-3823,-20208,-27679,-17687,-30113,1
2022-11-08 06:00:00,156732,253060,1717,21714,10120,37316,4969,22464,53228,109380,1332,0,3845,4459,12084,16270,17915,52306,-56152,1332,-96328,-614,-4186,-19997,-27196,-17495,-34391,1
2022-11-08 07:00:00,173427,259058,2909,21395,10896,37997,5538,22299,56296,112464,1258,0,3894,4444,12095,16318,17881,53133,-56168,1258,-85631,-550,-4223,-18486,-27101,-16761,-35252,1
2022-11-08 08:00:00,184524,257445,3749,20961,11068,37288,5877,21800,63620,113848,1490,0,4204,4504,11973,16331,17857,52270,-50228,1490,-72921,-300,-4358,-17212,-26220,-15923,-34413,1
2022-11-08 09:00:00,192974,257548,4401,20666,11577,37088,6298,21861,67248,113672,1884,0,4353,4441,12015,16340,17925,50895,-46424,1884,-64574,-88,-4325,-16265,-25511,-15563,-32970,1
2022-11-08 10:00:00,203442,262197,4800,20548,10731,35194,6361,21934,71608,114248,2138,0,4355,4346,12007,16299,17793,50614,-42640,2138,-58755,9,-4292,-15748,-24463,-15573,-32821,1
2022-11-08 11:00:00,200911,260151,4704,20578,10125,35362,5706,22028,74984,116136,2146,0,4535,4390,12116,16095,17270,47835,-41152,2146,-59240,145,-3979,-15874,-25237,-16322,-30565,1
2022-11-08 12:00:00,186250,255451,4379,20490,9059,36816,4487,21935,75488,116788,2260,0,4507,4312,12201,16136,17690,49135,-41300,2260,-69201,195,-3935,-16111,-27757,-17448,-31445,1
2022-11-08 13:00:00,166003,253065,2872,21286,7607,37575,3754,22114,75420,115348,2192,0,4386,4215,12335,16645,17255,50947,-39928,2192,-87062,171,-4310,-18414,-29968,-18360,-33692,1
2022-11-08 14:00:00,153769,252027,1445,22201,8435,38314,4322,23018,70436,113084,2248,0,4568,4311,12681,16951,16603,53229,-42648,2248,-98258,257,-4270,-20756,-29879,-18696,-36626,1
2022-11-08 15:00:00,161394,258832,1182,23417,9505,40026,5151,23427,65580,112552,1926,0,4603,4611,12939,16943,16574,57240,-46972,1926,-97438,-8,-4004,-22235,-30521,-18276,-40666,1
2022-11-08 16:00:00,177355,267627,1266,23557,8308,39397,5428,23124,55764,114200,1933,0,4551,4401,13070,16479,17160,61116,-58436,1933,-90272,150,-3409,-22291,-31089,-17696,-43956,1
2022-11-08 17:00:00,177481,262701,1315,23514,7026,38760,5850,23016,53864,119468,2054,0,4250,4228,12550,15875,17400,58386,-65604,2054,-85220,22,-3325,-22199,-31734,-17166,-40986,1
2022-11-08 18:00:00,168173,254488,1325,23048,5677,36569,5970,22531,57600,121148,2104,0,4196,4022,12237,15516,17546,56091,-63548,2104,-86315,174,-3279,-21723,-30892,-16561,-38545,1
2022-11-08 19:00:00,153828,239674,1317,22167,3961,34236,5798,20959,58084,121836,2062,0,3986,3807,11507,14964,17238,53249,-63752,2062,-85846,179,-3457,-20850,-30275,-15161,-36011,1
2022-11-08 20:00:00,155388,224405,1371,21051,3485,30857,5627,19397,51980,114340,2213,0,3980,3566,11189,14323,16291,50034,-62360,2213,-69017,414,-3134,-19680,-27372,-13770,-33743,1
2022-11-08 21:00:00,152129,210994,1363,20014,3407,28102,5285,18070,48420,103548,2351,0,3882,3371,10576,13666,16076,46790,-55128,2351,-58865,511,-3090,-18651,-24695,-12785,-30714,1
2022-11-08 22:00:00,154012,197426,1271,18822,3910,25752,4871,17055,44380,95344,2328,0,3705,3308,9772,13296,15535,44075,-50964,2328,-43414,397,-3524,-17551,-21842,-12184,-28540,1
2022-11-08 23:00:00,162151,186678,1114,17593,4197,24230,4508,16447,43124,90556,2149,0,4071,3194,9344,12685,16085,41577,-47432,2149,-24527,877,-3341,-16479,-20033,-11939,-25492,1
2022-11-09 00:00:00,162797,179608,1109,16726,4321,23579,4388,16251,44508,86228,1160,0,3726,3207,9200,12602,16298,40573,-41720,1160,-16811,519,-3402,-15617,-19258,-11863,-24275,1
2022-11-09 01:00:00,162092,177045,1125,16190,4435,23316,4241,16292,45784,83848,0,0,3719,3139,9206,12677,16134,39737,-38064,0,-14953,580,-3471,-15065,-18881,-12051,-23603,3
2022-11-09 02:00:00,161564,180332,1094,16121,4274,23781,4112,16632,45020,82688,747,0,3687,3120,9485,12669,16375,39557,-37668,747,-18768,567,-3184,-15027,-19507,-12520,-23182,1
2022-11-09 03:00:00,158196,188059,1069,16934,4077,25336,4246,17560,44844,83228,1315,0,3522,3288,10121,13110,16558,39695,-38384,1315,-29863,234,-2989,-15865,-21259,-13314,-23137,1
2022-11-09 04:00:00,160480,207106,1011,18726,4069,30132,4324,20170,43728,86380,2173,0,3752,3759,11572,14775,16715,41787,-42652,2173,-46626,-7,-3203,-17715,-26063,-15846,-25072,1
2022-11-09 05:00:00,154162,238713,1057,21182,7554,34780,4556,21660,36860,97152,2472,0,4169,4192,12520,15986,16611,46512,-60292,2472,-84551,-23,-3466,-20125,-27226,-17104,-29901,1
2022-11-09 06:00:00,155035,255058,1485,22035,10727,38100,5227,22264,36560,107096,2330,0,3701,4354,12889,15960,16018,52331,-70536,2330,-100023,-653,-3071,-20550,-27373,-17037,-36313,1
2022-11-09 07:00:00,162033,262340,2084,22252,12338,39548,5570,22335,38536,111120,1208,0,3611,4368,13081,15773,15870,52434,-72584,1208,-100307,-757,-2692,-20168,-27210,-16765,-36564,1
2022-11-09 08:00:00,166004,261135,2573,22261,11933,39471,5460,22092,43000,112188,1108,0,3986,4460,13507,16645,16156,49694,-69188,1108,-95131,-474,-3138,-19688,-27538,-16632,-33538,1
2022-11-09 09:00:00,177088,263113,2832,22265,12356,39275,5222,22291,48728,113456,2256,0,4413,4355,13485,17592,17383,48938,-64728,2256,-86025,58,-4107,-19433,-26919,-17069,-31555,1
2022-11-09 10:00:00,189771,263881,2919,22328,11271,37302,4936,22374,52708,114300,2182,0,4342,4231,13526,18103,17645,49181,-61592,2182,-74110,111,-4577,-19409,-26031,-17438,-31536,1
2022-11-09 11:00:00,195079,260802,2926,22319,9081,36617,4464,22413,56224,114632,2164,0,4060,4281,13817,16347,17716,49090,-58408,2164,-65723,-221,-2530,-19393,-27536,-17949,-31374,1
2022-11-09 12:00:00,175234,255983,2414,22122,9514,38213,3796,22359,60816,114120,2292,0,3579,4253,13582,16233,17245,48927,-53304,2292,-80749,-674,-2651,-19708,-28699,-18563,-31682,1
2022-11-09 13:00:00,149775,251702,1576,22430,8562,39054,3565,22598,57876,112512,2454,0,3095,4154,13834,16876,16657,50864,-54636,2454,-101927,-1059,-3042,-20854,-30492,-19033,-34207,1
2022-11-09 14:00:00,140261,250069,931,22897,9653,40186,4225,23373,54856,109872,2394,0,2906,4294,13822,17205,15634,54185,-55016,2394,-109808,-1388,-3383,-21966,-30533,-19148,-38551,1
2022-11-09 15:00:00,143640,255330,836,23693,10988,41304,4565,23622,46284,109452,2858,0,2874,4615,13761,17259,15362,58237,-63168,2858,-111690,-1741,-3498,-22857,-30316,-19057,-42875,1
2022-11-09 16:00:00,156423,263970,859,23518,10597,40562,4721,23287,35708,111884,3056,0,2909,4318,13681,16687,15170,61690,-76176,3056,-107547,-1409,-3006,-22659,-29965,-18566,-46520,1
2022-11-09 17:00:00,161460,259997,818,23355,8956,39779,4487,23203,35924,117168,3374,0,2840,3982,13554,15963,14487,58812,-81244,3374,-98537,-1142,-2409,-22537,-30823,-18716,-44325,1
2022-11-09 18:00:00,160173,252106,773,22982,7220,37798,4207,22631,37860,119336,3245,0,2621,3850,13336,15574,14087,56575,-81476,3245,-91933,-1229,-2238,-22209,-30578,-18424,-42488,1
2022-11-09 19:00:00,152917,237956,750,22113,5324,34533,4025,21114,39196,120048,3124,0,2531,3694,12975,14738,13854,53845,-80852,3124,-85039,-1163,-1763,-21363,-29209,-17089,-39991,1
2022-11-09 20:00:00,147727,226050,730,21038,4548,31057,3889,19450,32424,113576,3128,0,2356,3464,12547,14069,13438,50695,-81152,3128,-78323,-1108,-1522,-20308,-26509,-15561,-37257,1
2022-11-09 21:00:00,143388,211154,736,20066,4749,28250,3801,18206,30240,103428,3191,0,2760,3190,11886,13550,13087,47734,-73188,3191,-67766,-430,-1664,-19330,-23501,-14405,-34647,1
2022-11-09 22:00:00,142538,196903,732,18790,4862,25694,3870,17239,28492,95196,1543,0,2452,3187,10996,12933,12570,45023,-66704,1543,-54365,-735,-1937,-18058,-20832,-13369,-32453,1
2022-11-09 23:00:00,146844,189517,724,17480,5432,24301,3702,16547,25756,91092,1418,0,2567,3119,10724,12425,12664,42794,-65336,1418,-42673,-552,-1701,-16756,-18869,-12845,-30130,1
2022-11-10 00:00:00,147994,183627,718,16617,5671,23571,3652,16301,27896,86712,2819,0,2486,3103,10587,12295,12466,41041,-58816,2819,-35633,-617,-1708,-15899,-17900,-12649,-28575,1
2022-11-10 01:00:00,143787,181747,716,16103,5681,23377,3572,16381,31964,84236,2231,0,2295,3099,10260,12100,12880,40451,-52272,2231,-37960,-804,-1840,-15387,-17696,-12809,-27571,1
2022-11-10 02:00:00,146402,185064,730,16157,5610,23710,3509,16718,32548,83388,1403,0,2287,3057,10087,12144,13475,40199,-50840,1403,-38662,-770,-2057,-15427,-18100,-13209,-26724,1
2022-11-10 03:00:00,146785,192633,726,16868,5669,25291,3631,17763,31988,84088,904,0,2421,3261,10573,12644,14564,40323,-52100,904,-45848,-840,-2071,-16142,-19622,-14132,-25759,1
2022-11-10 04:00:00,141441,209693,741,18701,5032,29983,3867,20294,28400,87760,1362,0,2460,3860,11765,14446,14726,42370,-59360,1362,-68252,-1400,-2681,-17960,-24951,-16427,-27644,1
2022-11-10 05:00:00,130822,238799,775,21122,6692,34666,4123,22001,26180,98876,2945,0,3215,4201,12697,15723,15096,47335,-72696,2945,-107977,-986,-3026,-20347,-27974,-17878,-32239,1
2022-11-10 06:00:00,141585,253656,1040,21888,8821,38024,4592,22890,27640,110208,3205,0,3043,4331,12679,15689,14697,53009,-82568,3205,-112071,-1288,-3010,-20848,-29203,-18298,-38312,1
2022-11-10 07:00:00,150961,258037,1525,22022,9984,38782,4849,23063,31448,113416,3184,0,3281,4362,12536,15748,14276,52789,-81968,3184,-107076,-1081,-3212,-20497,-28798,-18214,-38513,1
2022-11-10 08:00:00,155661,258205,2028,21887,9007,38351,5185,22988,42512,113460,3130,0,3622,4437,12532,15968,14138,49203,-70948,3130,-102544,-815,-3436,-19859,-29344,-17803,-35065,1
2022-11-10 09:00:00,176210,264194,2542,21777,8598,37448,5415,23165,51768,112384,3203,0,3645,4452,12365,15675,14090,46056,-60616,3203,-87984,-807,-3310,-19235,-28850,-17750,-31966,1
2022-11-10 10:00:00,194993,266235,2447,21919,8249,35589,5388,23195,59560,111956,3254,0,4012,4502,11944,15247,14511,45612,-52396,3254,-71242,-490,-3303,-19472,-27340,-17807,-31101,1
2022-11-10 11:00:00,203018,263357,2130,22283,8134,35904,5022,22969,60388,112440,3217,0,4109,4520,11756,15150,15666,47120,-52052,3217,-60339,-411,-3394,-20153,-27770,-17947,-31454,1
2022-11-10 12:00:00,192551,258607,1725,22291,8104,37096,4270,22545,58704,113180,3203,0,4297,4490,11787,15421,15835,49331,-54476,3203,-66056,-193,-3634,-20566,-28992,-18275,-33496,1
2022-11-10 13:00:00,166102,251580,1243,22471,7601,38010,3551,22665,59548,111700,3204,0,4341,4385,12094,15598,15855,52096,-52152,3204,-85478,-44,-3504,-21228,-30409,-19114,-36241,1
2022-11-10 14:00:00,140444,248999,943,22712,7535,38575,4097,23223,59304,110916,3197,0,4327,4490,12562,15749,15465,54973,-51612,3197,-108555,-163,-3187,-21769,-31040,-19126,-39508,1
2022-11-10 15:00:00,145049,254868,866,23412,8213,39964,4614,23373,46664,109180,3118,0,4363,4750,13302,15857,15292,58440,-62516,3118,-109819,-387,-2555,-22546,-31751,-18759,-43148,1
2022-11-10 16:00:00,151410,266052,934,23264,8174,39468,4484,22930,30888,108076,1520,0,4235,4623,13255,15336,16174,61822,-77188,1520,-114642,-388,-2081,-22330,-31294,-18446,-45648,1
2022-11-10 17:00:00,159840,263881,988,23185,6972,38839,4627,22618,27980,114432,1647,0,4310,4345,13000,15251,16612,59251,-86452,1647,-104041,-35,-2251,-22197,-31867,-17991,-42639,1
2022-11-10 18:00:00,158940,255322,976,22792,6020,36626,4392,21879,29360,120748,3237,0,4396,4103,13151,14875,16593,57031,-91388,3237,-96382,293,-1724,-21816,-30606,-17487,-40438,1
2022-11-10 19:00:00,144934,240320,1017,22025,5250,34026,4301,20504,33200,121248,3166,0,4367,3868,13328,14219,16744,54274,-88048,3166,-95386,499,-891,-21008,-28776,-16203,-37530,1
2022-11-10 20:00:00,140138,225684,999,20874,5800,30547,4270,18906,30880,114888,3150,0,4340,3639,13098,13382,16986,51219,-84008,3150,-85546,701,-284,-19875,-24747,-14636,-34233,1
2022-11-10 21:00:00,134855,211996,1018,19962,6161,28294,4218,17558,29316,105224,1512,0,4374,3452,12792,13112,16632,48067,-75908,1512,-77141,922,-320,-18944,-22133,-13340,-31435,1
2022-11-10 22:00:00,140509,199657,929,18856,6571,25953,4341,16599,26764,96832,1222,0,3922,3334,11964,12718,16690,45516,-70068,1222,-59148,588,-754,-17927,-19382,-12258,-28826,1
2022-11-10 23:00:00,151134,189473,918,17677,6117,24635,4275,15998,26808,91588,1979,0,3644,3220,11971,12186,16629,43162,-64780,1979,-38339,424,-215,-16759,-18518,-11723,-26533,1
2022-11-11 00:00:00,152804,184676,880,16830,6094,23893,4253,15519,28772,87508,1402,0,3518,3108,12202,12218,16515,41131,-58736,1402,-31872,410,-16,-15950,-17799,-11266,-24616,1
2022-11-11 01:00:00,153930,183143,811,16327,6359,23624,4291,15392,32924,85264,813,0,3459,3065,11961,11963,16251,40186,-52340,813,-29213,394,-2,-15516,-17265,-11101,-23935,1
2022-11-11 02:00:00,149751,185862,789,16338,6546,23905,3979,15256,32892,84016,805,0,3359,3068,12084,11752,15833,39837,-51124,805,-36111,291,332,-15549,-17359,-11277,-24004,1
2022-11-11 03:00:00,140453,193720,774,17105,6941,25652,4083,15173,32012,84752,738,0,3517,3241,12796,12196,14872,40094,-52740,738,-53267,276,600,-16331,-18711,-11090,-25222,1
2022-11-11 04:00:00,133131,210147,743,18911,7139,30232,4312,15183,32924,88016,1051,0,3962,3808,13243,13728,15277,42459,-55092,1051,-77016,154,-485,-18168,-23093,-10871,-27182,1
2022-11-11 05:00:00,128012,239469,809,21139,9076,34594,4614,15544,33932,98852,2023,0,4322,4252,13462,15303,15060,47295,-64920,2023,-111457,70,-1841,-20330,-25518,-10930,-32235,1
2022-11-11 06:00:00,134336,256150,1844,21288,11667,37806,4911,16650,36416,110300,3016,0,4090,4595,13985,15463,14337,53300,-73884,3016,-121814,-505,-1478,-19444,-26139,-11739,-38963,1
2022-11-11 07:00:00,141919,262023,3617,20616,12556,38188,5283,17517,42068,113360,3099,0,5380,4657,13626,15553,14370,55607,-71292,3099,-120104,723,-1927,-16999,-25632,-12234,-41237,1
2022-11-11 08:00:00,149287,261974,4649,19890,13622,37674,5664,18133,52024,114352,2965,0,5144,4795,13630,15555,13965,54149,-62328,2965,-112687,349,-1925,-15241,-24052,-12469,-40184,1
2022-11-11 09:00:00,157385,262843,5308,19619,13818,37254,5590,18276,58932,114684,2941,0,4849,4789,13627,15359,13410,51376,-55752,2941,-105458,60,-1732,-14311,-23436,-12686,-37966,1
2022-11-11 10:00:00,160422,262783,5368,19911,13396,35242,5376,18423,68688,115076,2886,0,5066,4715,13964,15086,11672,48751,-46388,2886,-102361,351,-1122,-14543,-21846,-13047,-37079,1
2022-11-11 11:00:00,157510,258935,4475,20417,13155,35443,4940,18793,72908,115832,3171,0,5457,4618,14068,15049,10510,47086,-42924,3171,-101425,839,-981,-15942,-22288,-13853,-36576,1
2022-11-11 12:00:00,146754,250503,3155,20611,12517,36501,4276,18446,74860,116052,3171,0,5500,4511,14172,15228,9034,47027,-41192,3171,-103749,989,-1056,-17456,-23984,-14170,-37993,1
2022-11-11 13:00:00,131365,244562,1859,21549,9850,36923,3745,18265,74996,114080,1679,0,5404,4423,14462,15419,7540,49378,-39084,1679,-113197,981,-957,-19690,-27073,-14520,-41838,1
2022-11-11 14:00:00,118216,243553,987,22204,11221,37831,3962,18904,71960,111700,0,0,5254,4618,14982,15596,6166,53228,-39740,0,-125337,636,-614,-21217,-26610,-14942,-47062,3
2022-11-11 15:00:00,119147,248806,771,23258,11981,39449,4070,19072,60504,110464,608,0,5478,4738,14886,15273,5522,57439,-49960,608,-129659,740,-387,-22487,-27468,-15002,-51917,3
2022-11-11 16:00:00,127057,256677,776,23100,11936,38789,4170,18925,50608,112160,1165,0,5307,4507,14647,15100,6379,60664,-61552,1165,-129620,800,-453,-22324,-26853,-14755,-54285,1
2022-11-11 17:00:00,124152,253053,796,22864,9919,38239,4187,18666,52928,117228,652,0,5051,4260,13835,14490,7341,58023,-64300,652,-128901,791,-655,-22068,-28320,-14479,-50682,3
2022-11-11 18:00:00,116475,243322,818,22416,8443,35854,3965,18231,55604,118112,294,0,4750,4061,12987,13792,7560,55397,-62508,294,-126847,689,-805,-21598,-27411,-14266,-47837,3
2022-11-11 19:00:00,106597,226271,849,21590,8147,33232,3607,17362,55416,117980,256,0,4788,3852,12622,12908,7178,52747,-62564,256,-119674,936,-286,-20741,-25085,-13755,-45569,3
2022-11-11 20:00:00,103269,212033,887,20722,8579,30162,3530,16696,54316,112368,177,0,4518,3682,12458,12054,6711,49433,-58052,177,-108764,836,404,-19835,-21583,-13166,-42722,3
2022-11-11 21:00:00,98218,198382,861,19894,8299,27623,3196,15728,54456,102792,160,0,4556,3514,12366,11640,5887,47016,-48336,160,-100164,1042,726,-19033,-19324,-12532,-41129,3
2022-11-11 22:00:00,94470,186008,852,18748,7704,25517,2957,14741,55672,95612,205,0,4110,3320,11313,11013,5018,45150,-39940,205,-91538,790,300,-17896,-17813,-11784,-40132,3
2022-11-11 23:00:00,91549,177688,887,17554,7601,24198,2836,14337,53996,90880,253,0,3892,3201,11203,11106,4184,43216,-36884,253,-86139,691,97,-16667,-16597,-11501,-39032,3
2022-11-12 00:00:00,91342,172137,859,16640,7394,23337,2816,14085,54788,86496,170,0,4046,3080,11103,11207,3282,41095,-31708,170,-80795,966,-104,-15781,-15943,-11269,-37813,3
2022-11-12 01:00:00,84948,167611,838,16044,7585,22833,2636,13968,57152,82632,213,0,4207,2936,10805,10912,2290,39789,-25480,213,-82663,1271,-107,-15206,-15248,-11332,-37499,3
2022-11-12 02:00:00,74564,166243,868,15848,8005,22923,2501,14167,56748,80816,272,0,3844,2780,10654,10724,1811,39651,-24068,272,-91679,1064,-70,-14980,-14918,-11666,-37840,3
2022-11-12 03:00:00,62989,166633,902,16121,8223,23478,2272,14594,56316,79676,540,0,3453,2804,10646,10523,1587,39424,-23360,540,-103644,649,123,-15219,-15255,-12322,-37837,3
2022-11-12 04:00:00,53276,169096,924,16691,8105,25443,2167,15526,54964,79752,1186,0,3001,2923,10920,11084,1654,39858,-24788,1186,-115820,78,-164,-15767,-17338,-13359,-38204,1
2022-11-12 05:00:00,51648,176562,1056,17705,8869,27444,2366,16357,49852,82756,2048,0,2525,3159,11334,11600,1139,41666,-32904,2048,-124914,-634,-266,-16649,-18575,-13991,-40527,1
2022-11-12 06:00:00,58564,187161,1556,18704,10289,29776,2848,17488,49740,86116,1036,0,2182,3384,11638,11878,1062,44661,-36376,1036,-128597,-1202,-240,-17148,-19487,-14640,-43599,1
2022-11-12 07:00:00,66051,199459,2345,18992,11532,30774,3131,18306,52496,90996,968,0,2025,3538,11781,12582,1306,45192,-38500,968,-133408,-1513,-801,-16647,-19242,-15175,-43886,1
2022-11-12 08:00:00,77130,207969,3219,18946,10428,30255,3325,18748,64708,97764,2192,0,2077,3644,11690,13190,1515,43077,-33056,2192,-130839,-1567,-1500,-15727,-19827,-15423,-41562,1
2022-11-12 09:00:00,89154,213676,3914,18759,10614,29602,3294,18897,73628,100292,2510,0,1826,3693,11372,13154,1728,39636,-26664,2510,-124522,-1867,-1782,-14845,-18988,-15603,-37908,1
2022-11-12 10:00:00,95754,216859,4063,18684,10703,28869,3036,18887,80380,99700,2826,0,1854,3657,11330,13004,1802,37617,-19320,2826,-121105,-1803,-1674,-14621,-18166,-15851,-35815,1
2022-11-12 11:00:00,91639,212699,4078,18711,10506,28371,2679,19034,82020,100076,2840,0,1658,3618,11273,13237,1710,36470,-18056,2840,-121060,-1960,-1964,-14633,-17865,-16355,-34760,1
2022-11-12 12:00:00,79999,204805,3449,18644,9757,28454,2052,19008,87792,101680,2638,0,1491,3536,11172,12993,1530,36711,-13888,2638,-124806,-2045,-1821,-15195,-18697,-16956,-35181,1
2022-11-12 13:00:00,58907,198460,2100,18965,7669,28448,1406,19212,88352,98548,2314,0,1325,3678,11495,13392,1165,39464,-10196,2314,-139553,-2353,-1897,-16865,-20779,-17806,-38299,1
2022-11-12 14:00:00,45800,198293,995,19685,7716,29353,1520,19936,82552,95136,2360,0,1236,3886,12277,14455,1112,44193,-12584,2360,-152493,-2650,-2178,-18690,-21637,-18416,-43081,1
2022-11-12 15:00:00,48210,208172,741,21008,11205,32114,1879,20121,69352,93584,2094,0,1186,4097,12655,14733,1266,50170,-24232,2094,-159962,-2911,-2078,-20267,-20909,-18242,-48904,1
2022-11-12 16:00:00,59250,219555,736,21025,11275,32753,1577,19904,57604,95736,2012,0,1069,3957,12822,14367,1892,55140,-38132,2012,-160305,-2888,-1545,-20289,-21478,-18327,-53248,1
2022-11-12 17:00:00,61859,216009,739,20839,9478,32708,1248,19682,55876,101916,2262,0,1083,3660,13057,14059,2409,53558,-46040,2262,-154150,-2577,-1002,-20100,-23230,-18434,-51149,1
2022-11-12 18:00:00,59048,207756,742,20504,7776,30851,884,19154,54316,103188,1002,0,1014,3487,12397,13763,2234,51435,-48872,1002,-148708,-2473,-1366,-19762,-23075,-18270,-49201,1
2022-11-12 19:00:00,55614,195394,762,19741,5887,28853,628,18164,53576,103696,818,0,857,3313,11909,13581,2204,48984,-50120,818,-139780,-2456,-1672,-18979,-22966,-17536,-46780,1
2022-11-12 20:00:00,57696,186057,797,18740,5487,26711,550,17103,52120,100548,1740,0,871,3168,11311,13077,1855,46894,-48428,1740,-128361,-2297,-1766,-17943,-21224,-16553,-45039,1
2022-11-12 21:00:00,57141,177419,836,17809,4951,24744,509,16012,46932,93152,2058,0,758,2997,10734,12786,1697,44958,-46220,2058,-120278,-2239,-2052,-16973,-19793,-15503,-43261,1
2022-11-12 22:00:00,57154,165138,819,16754,4742,22708,537,15035,44584,86824,2264,0,700,2875,10687,12454,1337,43077,-42240,2264,-107984,-2175,-1767,-15935,-17966,-14498,-41740,1
2022-11-12 23:00:00,55434,155740,804,15778,4538,21374,542,14509,45232,82004,1224,0,752,2790,10241,12284,1197,41105,-36772,1224,-100306,-2038,-2043,-14974,-16836,-13967,-39908,1
2022-11-13 00:00:00,57564,150346,781,15182,4697,20294,573,14060,46696,77424,1057,0,678,2737,9858,12427,1137,39507,-30728,1057,-92782,-2059,-2569,-14401,-15597,-13487,-38370,1
2022-11-13 01:00:00,61901,147058,762,14699,4796,19862,554,13885,46260,74276,1910,0,591,2710,10007,12275,1188,38579,-28016,1910,-85157,-2119,-2268,-13937,-15066,-13331,-37391,1
2022-11-13 02:00:00,70194,147785,748,14523,4396,19775,527,13971,42108,72776,1888,0,580,2673,9976,12105,1066,38113,-30668,1888,-77591,-2093,-2129,-13775,-15379,-13444,-37047,1
2022-11-13 03:00:00,73259,148040,734,14725,4279,20223,488,14193,39356,72232,2296,0,559,2709,9920,12151,920,37642,-32876,2296,-74781,-2150,-2231,-13991,-15944,-13705,-36722,1
2022-11-13 04:00:00,73421,148917,773,15200,4227,21246,504,14639,37508,72532,2425,0,548,2855,10388,12309,1242,37882,-35024,2425,-75496,-2307,-1921,-14427,-17019,-14135,-36640,1
2022-11-13 05:00:00,66624,153430,825,16027,4739,21990,623,15073,34980,74708,2533,0,639,3098,10760,12608,1631,38880,-39728,2533,-86806,-2459,-1848,-15202,-17251,-14450,-37249,1
2022-11-13 06:00:00,67855,161774,1482,17105,7010,24028,984,16211,34148,76056,2670,0,747,3323,11191,13012,1941,40662,-41908,2670,-93919,-2576,-1821,-15623,-17018,-15227,-38721,1
2022-11-13 07:00:00,84246,175614,2811,17758,9058,25696,1428,17105,36960,78724,2891,0,787,3479,11328,14028,2011,40140,-41764,2891,-91368,-2692,-2700,-14947,-16638,-15677,-38129,1
2022-11-13 08:00:00,105040,186951,3927,18142,9277,26470,1831,17748,50788,84528,1456,0,967,3566,11413,14570,2279,37295,-33740,1456,-81911,-2599,-3157,-14215,-17193,-15917,-35016,1
2022-11-13 09:00:00,122138,195287,4623,18202,9531,26653,1968,17928,63364,87988,1622,0,1152,3605,11251,14778,2234,34541,-24624,1622,-73149,-2453,-3527,-13579,-17122,-15960,-32307,1
2022-11-13 10:00:00,132500,202089,5135,17990,9227,26467,2036,18122,68220,88332,3106,0,1229,3550,11081,14788,2220,32838,-20112,3106,-69589,-2321,-3707,-12855,-17240,-16086,-30618,1
2022-11-13 11:00:00,137532,198295,4961,17499,7863,25217,1864,18260,72240,88660,3180,0,1196,3571,10908,14575,2251,32860,-16420,3180,-60763,-2375,-3667,-12538,-17354,-16396,-30609,1
2022-11-13 12:00:00,129139,188994,4086,17308,6627,24680,1486,18062,73840,91032,3292,0,1235,3616,10873,14556,2251,33770,-17192,3292,-59855,-2381,-3683,-13222,-18053,-16576,-31519,1
2022-11-13 13:00:00,105027,183119,2476,17990,5294,25272,1158,17966,74724,89868,3196,0,1295,3658,11111,14672,2138,36774,-15144,3196,-78092,-2363,-3561,-15514,-19978,-16808,-34636,1
2022-11-13 14:00:00,86202,186082,1006,19070,5707,26336,1445,18633,72140,86760,1480,0,1516,3918,11585,15348,2287,42182,-14620,1480,-99880,-2402,-3763,-18064,-20629,-17188,-39895,1
2022-11-13 15:00:00,90305,197187,733,20569,7486,29210,1888,19052,56552,86140,1228,0,1861,4251,11852,15584,2892,49015,-29588,1228,-106882,-2390,-3732,-19836,-21724,-17164,-46123,1
2022-11-13 16:00:00,112605,211652,742,20827,7699,30324,1923,19092,37892,90036,1098,0,2124,4122,11991,15266,4121,54394,-52144,1098,-99047,-1998,-3275,-20085,-22625,-17169,-50273,1
2022-11-13 17:00:00,116981,211169,749,20825,7461,30773,1884,19088,38488,97148,759,0,2190,3873,11696,14896,4742,53023,-58660,759,-94188,-1683,-3200,-20076,-23312,-17204,-48281,1
2022-11-13 18:00:00,110787,205290,745,20486,6496,29775,1854,18662,41440,100128,1583,0,2256,3644,11465,14529,5942,50855,-58688,1583,-94503,-1388,-3064,-19741,-23279,-16808,-44913,1
2022-11-13 19:00:00,108884,196657,798,19774,5201,28101,1555,17787,42416,102184,1446,0,2331,3454,11166,14186,6388,48596,-59768,1446,-87773,-1123,-3020,-18976,-22900,-16232,-42208,1
2022-11-13 20:00:00,114393,192981,825,18760,4200,26142,1623,17018,41292,99580,1093,0,2479,3350,10724,13569,5823,46741,-58288,1093,-78588,-871,-2845,-17935,-21942,-15395,-40918,1
2022-11-13 21:00:00,114846,187893,778,17765,4062,23945,1684,16004,38848,93168,631,0,2535,3167,10535,13020,5794,44502,-54320,631,-73047,-632,-2485,-16987,-19883,-14320,-38708,1
2022-11-13 22:00:00,118624,177502,769,16692,4967,21711,1846,15143,36592,86064,537,0,2414,3234,10138,12833,6138,42202,-49472,537,-58878,-820,-2695,-15923,-16744,-13297,-36064,1
2022-11-13 23:00:00,122186,169838,767,15767,5164,20609,1939,14743,32668,81788,277,0,2373,3098,9967,12634,5480,40941,-49120,277,-47652,-725,-2667,-15000,-15445,-12804,-35461,1
2022-11-14 00:00:00,124445,165123,779,15175,5344,20088,2059,14596,31300,77640,136,0,2132,3182,9965,12569,5463,39431,-46340,136,-40678,-1050,-2604,-14396,-14744,-12537,-33968,1
2022-11-14 01:00:00,125216,164032,806,14783,5310,20013,2090,14699,32448,76060,169,0,2483,3058,9959,12503,5420,38712,-43612,169,-38816,-575,-2544,-13977,-14703,-12609,-33292,1
2022-11-14 02:00:00,126214,167337,807,14853,5162,20534,2040,15202,33672,75836,102,0,2173,3215,10046,12612,5157,38701,-42164,102,-41123,-1042,-2566,-14046,-15372,-13162,-33544,1
2022-11-14 03:00:00,122302,177586,801,15752,5079,22687,1942,16470,33056,76324,53,0,2569,3262,10420,13421,5177,39310,-43268,53,-55284,-693,-3001,-14951,-17608,-14528,-34133,1
2022-11-14 04:00:00,108726,197563,851,18028,4476,28237,1944,19719,29712,81000,71,0,3156,3627,11695,14900,5320,41802,-51288,71,-88837,-471,-3205,-17177,-23761,-17775,-36482,1
2022-11-14 05:00:00,114948,230092,841,20890,5749,33291,2253,21854,31224,94372,95,0,3581,4407,12046,16286,4862,47428,-63148,95,-115144,-826,-4240,-20049,-27542,-19601,-42566,1
2022-11-14 06:00:00,126265,248374,1362,21721,8896,37492,3017,23071,36104,107480,143,0,3844,4630,12048,16523,4466,54173,-71376,143,-122109,-786,-4475,-20359,-28596,-20054,-49707,1
2022-11-14 07:00:00,130276,256392,2310,21653,10027,38822,3619,23558,43236,111448,239,0,3987,4648,12003,16130,4516,55484,-68212,239,-126116,-661,-4127,-19343,-28795,-19939,-50968,1
2022-11-14 08:00:00,132149,257983,2839,21265,9831,38787,3828,23431,52128,112784,324,0,3887,4733,12028,15703,4459,51330,-60656,324,-125834,-846,-3675,-18426,-28956,-19603,-46871,1
2022-11-14 09:00:00,144298,261563,3328,20892,9179,38105,4078,23556,60088,113184,392,0,3825,4745,12020,15546,3739,46738,-53096,392,-117265,-920,-3526,-17564,-28926,-19478,-42999,1
2022-11-14 10:00:00,152339,265538,3748,20789,8417,36295,3971,23447,63084,113608,476,0,3783,4686,12074,15801,3909,44365,-50524,476,-113199,-903,-3727,-17041,-27878,-19476,-40456,1
2022-11-14 11:00:00,144137,263031,3883,20863,8419,36481,3620,23351,68752,115048,690,0,3697,4654,12047,15881,3758,44656,-46296,690,-118894,-957,-3834,-16980,-28062,-19731,-40898,1
2022-11-14 12:00:00,130965,256221,3423,20871,8146,37724,2885,23152,71500,115912,870,0,3615,4534,12106,16453,4002,47283,-44412,870,-125256,-919,-4347,-17448,-29578,-20267,-43281,1
2022-11-14 13:00:00,123574,251727,2142,21563,8163,38160,2603,23101,71876,115100,482,0,3580,4469,12349,16615,4541,50474,-43224,482,-128153,-889,-4266,-19421,-29997,-20498,-45933,1
2022-11-14 14:00:00,115739,248124,1006,22410,7745,38345,3263,23758,67768,113324,648,0,3692,4672,12343,16740,5213,55463,-45556,648,-132385,-980,-4397,-21404,-30600,-20495,-50250,1
2022-11-14 15:00:00,122807,255622,793,23563,8422,39529,3511,24036,59064,112668,1686,0,3705,5005,12330,16588,6023,60503,-53604,1686,-132815,-1300,-4258,-22770,-31107,-20525,-54480,1
2022-11-14 16:00:00,140355,265085,788,23541,7265,38803,3276,23721,51084,115240,2309,0,3493,4844,12448,16304,6273,63786,-64156,2309,-124730,-1351,-3856,-22753,-31538,-20445,-57513,1
2022-11-14 17:00:00,136281,260895,786,23427,7770,38417,2977,23531,52384,120048,1366,0,3242,4521,12392,15688,6576,60906,-67664,1366,-124614,-1279,-3296,-22641,-30647,-20554,-54330,1
2022-11-14 18:00:00,128516,252060,789,23029,6751,36462,2282,22972,53256,122104,1546,0,3093,4207,12247,15147,6120,58188,-68848,1546,-123544,-1114,-2900,-22240,-29711,-20690,-52068,1
2022-11-14 19:00:00,122943,236857,796,22210,5020,33533,2008,21410,51756,122640,1560,0,2739,3859,12259,14937,5773,55114,-70884,1560,-113914,-1120,-2678,-21414,-28513,-19402,-49341,1
2022-11-14 20:00:00,117414,222844,803,21015,4312,30136,1782,19883,50316,115472,1558,0,2506,3636,11850,14300,5186,51505,-65156,1558,-105430,-1130,-2450,-20212,-25824,-18101,-46319,1
2022-11-14 21:00:00,112556,209735,835,20069,4421,27238,1552,18614,49804,104620,3218,0,2341,3402,11268,13479,4530,48122,-54816,3218,-97179,-1061,-2211,-19234,-22817,-17062,-43592,1
2022-11-14 22:00:00,111270,193766,810,18852,5124,25153,1349,17529,50528,96156,2997,0,2159,3367,11620,13382,3829,45121,-45628,2997,-82496,-1208,-1762,-18042,-20029,-16180,-41292,1
2022-11-14 23:00:00,111008,182522,816,17628,5441,23853,1235,17046,51768,91464,2963,0,2287,3204,11303,12708,4774,42578,-39696,2963,-71514,-917,-1405,-16812,-18412,-15811,-37804,1
2022-11-15 00:00:00,116146,177850,801,16813,5495,23115,1166,16731,53276,87244,2697,0,2410,3258,10924,12497,6612,40706,-33968,2697,-61704,-848,-1573,-16012,-17620,-15565,-34094,1
2022-11-15 01:00:00,116815,175182,789,16289,5354,22956,1145,16823,56268,84200,2078,0,2515,3277,10933,12753,9118,40365,-27932,2078,-58367,-762,-1820,-15500,-17602,-15678,-31247,1
2022-11-15 02:00:00,117059,177714,784,16339,5276,23307,1089,17199,57756,83008,1696,0,2803,3255,10937,12687,8342,39590,-25252,1696,-60655,-452,-1750,-15555,-18031,-16110,-31248,1
2022-11-15 03:00:00,115572,186987,793,17132,4297,24955,1008,18253,61356,83432,1108,0,2886,3383,11477,13157,8515,39408,-22076,1108,-71415,-497,-1680,-16339,-20658,-17245,-30893,1
2022-11-15 04:00:00,105546,204718,807,18943,4611,29812,932,20918,66208,87864,701,0,3068,3855,12573,14889,9767,41739,-21656,701,-99172,-787,-2316,-18136,-25201,-19986,-31972,1
2022-11-15 05:00:00,96488,233620,826,21535,6286,34837,1461,22708,65616,98912,326,0,3084,4469,13684,16317,9598,46736,-33296,326,-137132,-1385,-2633,-20709,-28551,-21247,-37138,1
2022-11-15 06:00:00,107599,248097,1198,22342,8440,38351,2107,23484,65236,110556,233,0,3078,4627,13907,16098,10826,53387,-45320,233,-140498,-1549,-2191,-21144,-29911,-21377,-42561,1
2022-11-15 07:00:00,110318,254080,1744,22573,9342,39399,2429,23595,68072,114432,224,0,2944,4668,13960,16074,11917,55745,-46360,224,-143762,-1724,-2114,-20829,-30057,-21166,-43828,1
2022-11-15 08:00:00,117335,253758,2159,22480,9566,39647,2411,23079,73180,115816,296,0,2848,4733,13878,16647,12757,53591,-42636,296,-136423,-1885,-2769,-20321,-30081,-20668,-40834,1
2022-11-15 09:00:00,127209,255399,2305,22526,9839,39457,2677,23288,80608,116536,86,0,3087,4735,13836,16783,13420,49592,-35928,86,-128190,-1648,-2947,-20221,-29618,-20611,-36172,1
2022-11-15 10:00:00,131166,254340,2253,22778,8683,37720,2687,23544,86364,116868,111,0,3414,4688,13568,16943,13093,47218,-30504,111,-123174,-1274,-3375,-20525,-29037,-20857,-34125,1
2022-11-15 11:00:00,128235,252718,1981,22981,7729,37662,2186,23598,96056,118208,278,0,3938,4677,13425,16837,14184,46111,-22152,278,-124483,-739,-3412,-21000,-29933,-21412,-31927,1
2022-11-15 12:00:00,110896,250403,1598,22761,7614,38866,1379,23277,99208,118268,333,0,4240,4621,13472,16953,13580,47637,-19060,333,-139507,-381,-3481,-21163,-31252,-21898,-34057,1
2022-11-15 13:00:00,103085,249258,1136,23000,7616,39530,1072,23468,100644,116428,362,0,4386,4554,13577,17500,13526,51884,-15784,362,-146173,-168,-3923,-21864,-31914,-22396,-38358,1
2022-11-15 14:00:00,96556,250079,885,23382,8728,40059,1491,24147,100920,114204,324,0,4730,4720,13566,18121,14233,56026,-13284,324,-153523,10,-4555,-22497,-31331,-22656,-41793,1
2022-11-15 15:00:00,107066,255459,852,24021,9334,40749,1608,24370,92432,113628,385,0,5040,4965,13901,18290,15782,59768,-21196,385,-148393,75,-4389,-23169,-31415,-22762,-43986,1
2022-11-15 16:00:00,126182,263874,841,23629,8902,39852,1514,24028,80456,116472,690,0,5265,4778,13577,17686,16375,62330,-36016,690,-137692,487,-4109,-22788,-30950,-22514,-45955,1
2022-11-15 17:00:00,128340,263340,857,23506,8341,39274,1556,23856,79836,121136,777,0,5571,4547,12757,17024,16310,59229,-41300,777,-135000,1024,-4267,-22649,-30933,-22300,-42919,3
2022-11-15 18:00:00,127476,254315,867,22997,7376,37081,1442,23162,79608,123332,958,0,5619,4527,12339,16769,15833,56971,-43724,958,-126839,1092,-4430,-22130,-29705,-21720,-41138,3
2022-11-15 19:00:00,122238,236943,831,22147,6528,34208,1213,21648,80964,122624,1151,0,5171,4360,11699,15985,15061,54240,-41660,1151,-114705,811,-4286,-21316,-27680,-20435,-39179,1
2022-11-15 20:00:00,120202,223170,792,20963,6517,30915,1281,20128,78812,116132,1226,0,5074,4132,11143,15303,13802,50888,-37320,1226,-102968,942,-4160,-20171,-24398,-18847,-37086,1
2022-11-15 21:00:00,122784,210597,758,19974,6547,28150,1314,18785,71224,104936,508,0,5030,3816,10800,14525,12498,47643,-33712,508,-87813,1214,-3725,-19216,-21603,-17471,-35145,3
2022-11-15 22:00:00,134359,196172,756,18752,7176,25458,1427,17619,69564,96600,0,0,5161,3668,9842,13730,9788,44091,-27036,0,-61813,1493,-3888,-17996,-18282,-16192,-34303,3
2022-11-15 23:00:00,136137,185508,748,17529,7179,24234,1559,17053,64988,92028,320,0,5213,3544,9493,13435,9226,42082,-27040,320,-49371,1669,-3942,-16781,-17055,-15494,-32856,3
2022-11-16 00:00:00,140749,183628,743,16642,6956,23616,1780,16794,63204,87608,583,0,5299,3509,9381,13441,8788,41318,-24404,583,-42879,1790,-4060,-15899,-16660,-15014,-32530,3
2022-11-16 01:00:00,139620,184394,736,16133,7347,23424,2053,16745,69096,84928,282,0,5123,3455,9321,13339,9109,40596,-15832,282,-44774,1668,-4018,-15397,-16077,-14692,-31487,3
2022-11-16 02:00:00,141300,187398,736,16110,7856,23583,2223,17095,72672,84072,397,0,5113,3481,9322,13356,9565,40549,-11400,397,-46098,1632,-4034,-15374,-15727,-14872,-30984,3
2022-11-16 03:00:00,143149,194121,741,16843,7363,25359,2598,18048,71580,84720,738,0,5211,3720,9623,13810,9094,40949,-13140,738,-50972,1491,-4187,-16102,-17996,-15450,-31855,3
2022-11-16 04:00:00,142529,210000,746,18690,8059,30114,2961,20644,70180,88292,410,0,5874,4260,10968,15450,8344,42176,-18112,410,-67471,1614,-4482,-17944,-22055,-17683,-33832,3
2022-11-16 05:00:00,130585,236879,751,21405,9114,34981,3416,22437,71172,99700,424,0,6387,4664,12591,16802,10335,47268,-28528,424,-106294,1723,-4211,-20654,-25867,-19021,-36933,3
2022-11-16 06:00:00,133786,256086,881,22392,12641,39192,3668,23491,74296,111424,722,0,6071,4950,13073,17295,10074,53640,-37128,722,-122300,1121,-4222,-21511,-26551,-19823,-43566,3
2022-11-16 07:00:00,132827,262853,1120,22799,13335,39970,4027,23972,75792,115320,599,0,6428,5013,12881,17703,9953,54911,-39528,599,-130026,1415,-4822,-21679,-26635,-19945,-44958,3
2022-11-16 08:00:00,132548,263207,1287,22981,13017,39943,4078,23954,78316,116716,487,0,6402,5004,13047,17718,9574,51304,-38400,487,-130659,1398,-4671,-21694,-26926,-19876,-41730,3
2022-11-16 09:00:00,131476,263500,1374,23147,11933,39458,4322,24297,82712,116852,433,0,6395,5012,13106,17833,9772,47634,-34140,433,-132024,1383,-4727,-21773,-27525,-19975,-37862,3
2022-11-16 10:00:00,133908,265741,1378,23384,11582,37506,4671,24395,83460,118036,477,0,6342,4967,12888,17668,11191,46263,-34576,477,-131833,1375,-4780,-22006,-25924,-19724,-35072,3
2022-11-16 11:00:00,135938,266010,1222,23600,10809,37360,4647,24485,91472,119680,422,0,6329,4950,13013,17401,12316,47018,-28208,422,-130072,1379,-4388,-22378,-26551,-19838,-34702,3
2022-11-16 12:00:00,129555,262778,1039,23368,10393,38188,3926,24090,93792,120256,301,0,6211,4857,12959,17470,11255,47502,-26464,301,-133223,1354,-4511,-22329,-27795,-20164,-36247,3
2022-11-16 13:00:00,122678,258311,869,23494,11406,38725,3915,24030,93836,118524,233,0,6135,4816,13006,17802,10720,50592,-24688,233,-135633,1319,-4796,-22625,-27319,-20115,-39872,3
2022-11-16 14:00:00,118572,257494,766,23676,11610,39280,4390,24623,91892,116364,165,0,6227,4975,13247,18248,9887,54537,-24472,165,-138922,1252,-5001,-22910,-27670,-20233,-44650,3
2022-11-16 15:00:00,126443,262259,760,24126,12822,40397,4591,24480,87888,115480,207,0,6226,5202,13732,18523,10419,58850,-27592,207,-135816,1024,-4791,-23366,-27575,-19889,-48431,3
2022-11-16 16:00:00,141787,269746,745,23770,11650,39537,5106,24095,84296,117760,220,0,6300,4994,13617,18072,13444,62516,-33464,220,-127959,1306,-4455,-23025,-27887,-18989,-49072,3
2022-11-16 17:00:00,139060,264549,772,23536,11349,39173,5497,23951,89420,121916,253,0,6351,4720,12517,17539,14781,59850,-32496,253,-125489,1631,-5022,-22764,-27824,-18454,-45069,3
2022-11-16 18:00:00,135450,254744,771,23018,9427,36966,5266,23344,92824,123676,281,0,6337,4494,12087,17267,15821,57266,-30852,281,-119294,1843,-5180,-22247,-27539,-18078,-41445,3
2022-11-16 19:00:00,134030,241008,791,22147,8245,34177,5092,21807,94416,124516,172,0,6290,4383,11208,16545,16730,54553,-30100,172,-106978,1907,-5337,-21356,-25932,-16715,-37823,3
2022-11-16 20:00:00,142010,226499,824,21044,7514,30737,4408,20233,92648,117476,96,0,6364,4029,10735,15642,17379,51473,-24828,96,-84489,2335,-4907,-20220,-23223,-15825,-34094,3
2022-11-16 21:00:00,147524,213710,841,20190,6629,27936,4106,18933,91256,106092,50,0,5749,3975,10039,15241,17856,48116,-14836,50,-66186,1774,-5202,-19349,-21307,-14827,-30260,3
2022-11-16 22:00:00,158279,198351,811,18982,6340,25596,3925,17744,90696,97504,11,0,5434,3785,10205,14630,18088,45269,-6808,11,-40072,1649,-4425,-18171,-19256,-13819,-27181,3
2022-11-16 23:00:00,173839,187634,814,17730,6499,24310,4053,17235,89104,92896,24,0,5600,3640,9443,14098,17407,42825,-3792,24,-13795,1960,-4655,-16916,-17811,-13182,-25418,3
2022-11-17 00:00:00,182464,183140,875,16820,5903,23626,4122,16911,87592,88720,11,0,5794,3603,8772,14286,17562,41239,-1128,11,-676,2191,-5514,-15945,-17723,-12789,-23677,3
2022-11-17 01:00:00,187625,182300,900,16365,6070,23344,4188,17021,82256,85900,10,0,5852,3593,8507,14229,17321,40498,-3644,10,5325,2259,-5722,-15465,-17274,-12833,-23177,2
2022-11-17 02:00:00,188377,185107,877,16349,5440,23637,4251,17293,77520,84880,6,0,5923,3531,8561,14271,17238,40162,-7360,6,3270,2392,-5710,-15472,-18197,-13042,-22924,2
2022-11-17 03:00:00,189180,192005,833,17124,5075,25384,4349,18237,76116,85628,3,0,5983,3811,9151,14948,16658,40565,-9512,3,-2825,2172,-5797,-16291,-20309,-13888,-23907,3
2022-11-17 04:00:00,195402,209828,826,18955,6236,30302,4421,20928,75768,89564,7,0,5722,4370,12254,16764,16612,42821,-13796,7,-14426,1352,-4510,-18129,-24066,-16507,-26209,3
2022-11-17 05:00:00,190646,239916,829,21455,7941,34946,4498,22693,71300,100800,10,0,6279,4845,12847,18137,16994,48305,-29500,10,-49270,1434,-5290,-20626,-27005,-18195,-31311,3
2022-11-17 06:00:00,184108,256552,1169,22157,10360,38402,4713,23827,73228,113044,15,0,6269,4964,12975,18198,17168,54658,-39816,15,-72444,1305,-5223,-20988,-28042,-19114,-37490,3
2022-11-17 07:00:00,185674,265139,2014,22052,12140,39320,5031,24258,76288,116280,9,0,6304,4997,13031,18197,17091,57535,-39992,9,-79465,1307,-5166,-20038,-27180,-19227,-40444,3
2022-11-17 08:00:00,185292,265613,2726,21819,11909,38921,5191,24239,80648,116844,39,0,6340,5013,13038,18208,17003,58517,-36196,39,-80321,1327,-5170,-19093,-27012,-19048,-41514,3
2022-11-17 09:00:00,188879,271569,3039,21719,12163,38649,5172,24668,88132,116488,87,0,6418,4973,12962,18401,16954,58160,-28356,87,-82690,1445,-5439,-18680,-26486,-19496,-41206,3
2022-11-17 10:00:00,190419,274443,3224,21867,11879,36784,4945,24813,94264,116816,151,0,6438,4939,12842,18223,16976,57711,-22552,151,-84024,1499,-5381,-18643,-24905,-19868,-40735,3
2022-11-17 11:00:00,193165,273017,3093,22110,11741,36697,4503,24803,101192,117780,205,0,6396,4921,12690,17871,17221,57234,-16588,205,-79852,1475,-5181,-19017,-24956,-20300,-40013,3
2022-11-17 12:00:00,186770,268102,2573,21912,10605,37633,3759,24472,104556,117668,285,0,6297,4885,12682,17939,17210,57955,-13112,285,-81332,1412,-5257,-19339,-27028,-20713,-40745,3
2022-11-17 13:00:00,170929,265752,1665,22389,10030,38102,3309,24533,107904,116300,324,0,6289,4910,12893,18408,17328,58067,-8396,324,-94823,1379,-5515,-20724,-28072,-21224,-40739,3
2022-11-17 14:00:00,157994,263689,871,23329,10018,38729,3698,25060,106060,114424,336,0,6336,5008,13334,18817,17090,59302,-8364,336,-105695,1328,-5483,-22458,-28711,-21362,-42212,3
2022-11-17 15:00:00,158990,267746,727,23865,10692,39915,3529,25031,101124,114604,438,0,6363,5266,13533,19085,17504,61151,-13480,438,-108756,1097,-5552,-23138,-29223,-21502,-43647,3
2022-11-17 16:00:00,164612,271838,726,23680,10791,39191,3050,24647,90992,117088,495,0,6299,5083,13495,18633,17848,63013,-26096,495,-107226,1216,-5138,-22954,-28400,-21597,-45165,3
2022-11-17 17:00:00,157477,266113,725,23528,10922,38796,3183,24467,82256,122020,535,0,6218,4801,13398,18282,17649,60553,-39764,535,-108636,1417,-4884,-22803,-27874,-21284,-42904,3
2022-11-17 18:00:00,143711,257485,736,23104,9249,36649,3078,23843,85416,123612,502,0,6116,4621,13217,17793,17335,58104,-38196,502,-113774,1495,-4576,-22368,-27400,-20765,-40769,3
2022-11-17 19:00:00,131863,241912,768,22277,8335,33872,2554,22385,83796,124300,448,0,6057,4405,12715,17331,16838,55461,-40504,448,-110049,1652,-4616,-21509,-25537,-19831,-38623,3
2022-11-17 20:00:00,125509,227804,775,21207,8168,30754,2248,20785,76924,117312,422,0,6019,4122,12456,16455,16284,52653,-40388,422,-102295,1897,-3999,-20432,-22586,-18537,-36369,3
2022-11-17 21:00:00,118033,212909,772,20247,7963,28077,2198,19456,68316,106716,427,0,5962,4016,11841,15855,15339,49499,-38400,427,-94876,1946,-4014,-19475,-20114,-17258,-34160,3
2022-11-17 22:00:00,118962,198439,742,19077,8519,25774,2086,18422,60340,97972,460,0,5960,3828,11220,15000,14790,46734,-37632,460,-79477,2132,-3780,-18335,-17255,-16336,-31944,3
2022-11-17 23:00:00,129566,189945,754,17893,8652,24490,2027,17831,55700,93696,591,0,5612,3738,11098,14662,14135,44471,-37996,591,-60379,1874,-3564,-17139,-15838,-15804,-30336,3
2022-11-18 00:00:00,130425,185729,752,17002,8585,23823,2123,17661,50580,88988,610,0,5323,3655,11059,14547,13339,42714,-38408,610,-55304,1668,-3488,-16250,-15238,-15538,-29375,3
2022-11-18 01:00:00,130858,183652,723,16425,8888,23566,2060,17574,46796,86504,878,0,5225,3644,11045,14605,12486,41498,-39708,878,-52794,1581,-3560,-15702,-14678,-15514,-29012,3
2022-11-18 02:00:00,130549,185173,738,16448,8939,23676,2175,17987,44704,84964,1086,0,5429,3650,11353,14929,11173,41014,-40260,1086,-54624,1779,-3576,-15710,-14737,-15812,-29841,3
2022-11-18 03:00:00,126277,192750,731,17233,8651,25127,2372,19036,41096,85356,1192,0,5274,3871,11723,15366,10131,41174,-44260,1192,-66473,1403,-3643,-16502,-16476,-16664,-31043,3
2022-11-18 04:00:00,118028,207804,727,19017,9093,29807,2497,21647,37800,88652,1484,0,5056,4344,12387,17139,10299,43288,-50852,1484,-89776,712,-4752,-18290,-20714,-19150,-32989,1
2022-11-18 05:00:00,109154,236710,719,21582,11261,34544,2965,23477,38416,99468,1602,0,5292,4808,13297,18610,10109,48293,-61052,1602,-127556,484,-5313,-20863,-23283,-20512,-38184,1
2022-11-18 06:00:00,123275,255269,842,22605,13318,37740,3033,24618,45284,111164,1879,0,5334,4983,13538,18513,8717,53930,-65880,1879,-131994,351,-4975,-21763,-24422,-21585,-45213,1
2022-11-18 07:00:00,133000,263428,1056,23153,15138,38632,3461,24981,49192,114980,2160,0,5429,4964,13613,18588,8050,56453,-65788,2160,-130428,465,-4975,-22097,-23494,-21520,-48403,1
2022-11-18 08:00:00,133661,266606,1232,23487,16836,38713,3711,24995,54928,117828,2342,0,5689,5122,13624,18581,7989,55295,-62900,2342,-132945,567,-4957,-22255,-21877,-21284,-47306,1
2022-11-18 09:00:00,134049,269105,1294,23852,16956,37826,3808,25341,58800,118452,2189,0,5740,5030,13646,18380,8117,53237,-59652,2189,-135056,710,-4734,-22558,-20870,-21533,-45120,1
2022-11-18 10:00:00,133174,267622,1259,24176,17431,35855,3659,25557,63300,118552,2267,0,5367,4903,13753,18362,7809,53302,-55252,2267,-134448,464,-4609,-22917,-18424,-21898,-45493,1
2022-11-18 11:00:00,128445,265500,1212,24301,17234,35220,3742,25582,68220,120012,2670,0,5347,4843,13668,18132,7393,54139,-51792,2670,-137055,504,-4464,-23089,-17986,-21840,-46746,1
2022-11-18 12:00:00,125214,258351,1071,23897,16374,36251,3052,24906,74920,118824,2642,0,5119,4709,13633,18325,6932,55631,-43904,2642,-133137,410,-4692,-22826,-19877,-21854,-48699,1
2022-11-18 13:00:00,118139,252549,963,23883,13438,36571,2716,24881,88280,115588,2658,0,4994,4669,13767,18434,7153,56634,-27308,2658,-134410,325,-4667,-22920,-23133,-22165,-49481,1
2022-11-18 14:00:00,113348,250344,845,24009,12779,37411,2832,25508,94016,112980,2318,0,4729,4903,13970,18996,6940,58036,-18964,2318,-136996,-174,-5026,-23164,-24632,-22676,-51096,1
2022-11-18 15:00:00,115574,255362,833,24354,13784,39037,2775,25318,90912,111788,2184,0,4718,5086,14116,18905,6667,60429,-20876,2184,-139788,-368,-4789,-23521,-25253,-22543,-53762,1
2022-11-18 16:00:00,116341,260365,913,23738,13048,38650,2418,24889,78628,114264,2038,0,4732,4845,13898,18550,7344,62385,-35636,2038,-144024,-113,-4652,-22825,-25602,-22471,-55041,1
2022-11-18 17:00:00,110819,254097,992,23415,12344,38048,2108,24619,75472,119020,1846,0,4564,4529,13863,18103,8720,59828,-43548,1846,-143278,35,-4240,-22423,-25704,-22511,-51108,1
2022-11-18 18:00:00,97605,245700,1152,22841,10793,35913,1954,24072,75636,120004,1623,0,4319,4310,13614,17458,9531,57295,-44368,1623,-148095,9,-3844,-21689,-25120,-22118,-47764,1
2022-11-18 19:00:00,96577,230119,1224,22110,9509,33017,1386,22591,74888,119492,1519,0,4048,4103,13220,16788,10862,54377,-44604,1519,-133542,-55,-3568,-20886,-23508,-21205,-43515,1
2022-11-18 20:00:00,94582,215603,1213,21222,8436,29988,948,21233,73196,113572,1417,0,3509,3895,12971,16342,11584,51513,-40376,1417,-121021,-386,-3371,-20009,-21552,-20285,-39929,1
2022-11-18 21:00:00,92717,204098,1107,20377,7338,27491,796,19954,70708,103760,1182,0,3276,3704,12585,15832,11630,48569,-33052,1182,-111381,-428,-3247,-19270,-20153,-19158,-36939,1
2022-11-18 22:00:00,91041,191948,1013,19331,7628,25486,575,18833,69632,96520,939,0,3063,3522,12050,15424,10969,46370,-26888,939,-100907,-459,-3374,-18318,-17858,-18258,-35401,1
2022-11-18 23:00:00,92227,183355,908,17981,7018,24139,425,18124,72332,92704,672,0,3198,3392,11825,15021,10746,43732,-20372,672,-91128,-194,-3196,-17073,-17121,-17699,-32986,1
2022-11-19 00:00:00,99883,177925,824,17102,6198,23122,465,17848,71328,87784,400,0,3280,3315,11513,14735,10510,41731,-16456,400,-78042,-35,-3222,-16278,-16924,-17383,-31221,1
2022-11-19 01:00:00,103478,175946,859,16656,5604,22517,596,17748,72024,83984,228,0,3326,3199,11574,14619,10504,40318,-11960,228,-72468,127,-3045,-15797,-16913,-17152,-29814,1
2022-11-19 02:00:00,105506,176307,861,16474,5705,22579,713,17753,71972,81632,115,0,3132,3186,11638,14534,10799,40026,-9660,115,-70801,-54,-2896,-15613,-16874,-17040,-29227,1
2022-11-19 03:00:00,105445,178445,879,16799,5818,23207,818,18027,72048,80784,103,0,3061,3267,11807,14793,11165,40022,-8736,103,-73000,-206,-2986,-15920,-17389,-17209,-28857,1
2022-11-19 04:00:00,97911,180269,846,17364,5768,25433,873,18944,71484,80924,171,0,3208,3429,11963,15199,11221,40671,-9440,171,-82358,-221,-3236,-16518,-19665,-18071,-29450,1
2022-11-19 05:00:00,84580,186048,850,18586,6895,27935,994,19868,70340,84324,326,0,3339,3642,12287,15834,11073,42929,-13984,326,-101468,-303,-3547,-17736,-21040,-18874,-31856,1
2022-11-19 06:00:00,77479,196883,1068,19733,8267,30252,1523,21271,67652,88356,588,0,3537,3846,12452,16328,11507,46303,-20704,588,-119404,-309,-3876,-18665,-21985,-19748,-34796,1
2022-11-19 07:00:00,81269,210453,1698,20364,10255,31512,2449,22045,69540,93124,1132,0,3527,4031,12656,17014,11695,48608,-23584,1132,-129184,-504,-4358,-18666,-21257,-19596,-36913,1
2022-11-19 08:00:00,87910,220037,2310,20634,10807,31286,2813,22337,81232,99980,1976,0,3648,4111,12772,17466,10459,48349,-18748,1976,-132127,-463,-4694,-18324,-20479,-19524,-37890,1
2022-11-19 09:00:00,93260,224274,2551,20877,10299,30751,3192,22463,96688,102308,2604,0,3656,4108,12793,17542,8988,46525,-5620,2604,-131014,-452,-4749,-18326,-20452,-19271,-37537,1
2022-11-19 10:00:00,90446,226287,2655,21145,10519,29860,3425,22504,109720,101952,2970,0,3622,4142,12755,17596,8157,44959,7768,2970,-135841,-520,-4841,-18490,-19341,-19079,-36802,0
2022-11-19 11:00:00,86814,223299,2410,21208,10527,28649,3247,22583,112348,102248,2954,0,3503,4119,12693,17554,7566,44187,10100,2954,-136485,-616,-4861,-18798,-18122,-19336,-36621,0
2022-11-19 12:00:00,78255,216835,1813,20807,10538,28744,2530,22114,109284,104196,2893,0,3146,4100,13026,17711,6803,44832,5088,2893,-138580,-954,-4685,-18994,-18206,-19584,-38029,0
2022-11-19 13:00:00,66612,210278,1111,20989,9841,28871,1973,22000,105384,102240,3241,0,2958,4125,13069,17894,5629,46753,3144,3241,-143666,-1167,-4825,-19878,-19030,-20027,-41124,1
2022-11-19 14:00:00,60955,210281,772,21443,10423,29953,2131,22550,99404,99056,3288,0,2905,4326,13033,18258,4259,50435,348,3288,-149326,-1421,-5225,-20671,-19530,-20419,-46176,1
2022-11-19 15:00:00,68410,218270,716,22388,13724,32521,2318,22561,84084,97820,3488,0,3007,4578,12980,18384,3597,55273,-13736,3488,-149860,-1571,-5404,-21672,-18797,-20243,-51676,1
2022-11-19 16:00:00,77675,226316,716,21975,14654,33100,2520,22386,70932,100684,3521,0,3003,4420,12897,18080,3080,58458,-29752,3521,-148641,-1417,-5183,-21259,-18446,-19866,-55378,1
2022-11-19 17:00:00,77381,221928,718,21717,13520,33136,2374,21992,73248,106360,3246,0,2904,4143,12783,17816,2535,56753,-33112,3246,-144547,-1239,-5033,-20999,-19616,-19618,-54218,1
2022-11-19 18:00:00,67122,213308,728,21360,11556,31418,2110,21289,76364,107964,2629,0,2869,3946,12376,17399,2621,54584,-31600,2629,-146186,-1077,-5023,-20632,-19862,-19179,-51963,1
2022-11-19 19:00:00,53221,199799,726,20700,9942,29053,1993,20305,77820,108656,2005,0,2542,3813,11942,16819,2305,52656,-30836,2005,-146578,-1271,-4877,-19974,-19111,-18312,-50351,1
2022-11-19 20:00:00,50902,191576,727,19756,9367,26903,1815,19273,76424,105476,1639,0,2455,3676,11763,16396,1919,50517,-29052,1639,-140674,-1221,-4633,-19029,-17536,-17458,-48598,1
2022-11-19 21:00:00,45854,184643,749,18790,8897,24985,1796,18100,71024,97260,1608,0,2453,3544,11544,16031,1393,48303,-26236,1608,-138789,-1091,-4487,-18041,-16088,-16304,-46910,1
2022-11-19 22:00:00,44563,175421,732,17756,8545,23209,1671,17151,65400,90984,1410,0,2408,3422,10795,15556,1009,45920,-25584,1410,-130858,-1014,-4761,-17024,-14664,-15480,-44911,1
2022-11-19 23:00:00,48037,167028,690,16718,8523,21829,1550,16506,66108,85372,1400,0,2580,3382,10472,15384,752,43855,-19264,1400,-118991,-802,-4912,-16028,-13306,-14956,-43103,1
2022-11-20 00:00:00,50114,161484,710,16065,8476,20984,1507,16196,66156,80336,1556,0,2673,3357,10309,15401,622,42352,-14180,1556,-111370,-684,-5092,-15355,-12508,-14689,-41730,1
2022-11-20 01:00:00,55382,158910,699,15480,7876,20557,1403,16020,65136,76676,1446,0,3064,3338,10270,15243,601,41327,-11540,1446,-103528,-274,-4973,-14781,-12681,-14617,-40726,1
2022-11-20 02:00:00,69071,159941,687,15312,7318,20378,1317,16113,64448,74548,1349,0,2996,3317,10265,15317,603,40827,-10100,1349,-90870,-321,-5052,-14625,-13060,-14796,-40224,1
2022-11-20 03:00:00,73989,159969,684,15570,6311,20979,1388,16276,63020,73968,1450,0,3014,3345,10568,15523,970,40718,-10948,1450,-85980,-331,-4955,-14886,-14668,-14888,-39748,1
2022-11-20 04:00:00,74525,160089,684,16043,6299,22082,1435,16805,60576,74140,1730,0,2871,3394,10875,16080,1089,40936,-13564,1730,-85564,-523,-5205,-15359,-15783,-15370,-39847,1
2022-11-20 05:00:00,65087,160980,696,17000,5855,22803,1567,17202,59672,76236,1657,0,2620,3605,11247,16507,1206,41726,-16564,1657,-95893,-985,-5260,-16304,-16948,-15635,-40520,1
2022-11-20 06:00:00,54905,167788,863,18157,7019,24429,2005,18123,55852,78252,1275,0,2612,3856,11330,16895,2139,43864,-22400,1275,-112883,-1244,-5565,-17294,-17410,-16118,-41725,1
2022-11-20 07:00:00,59656,180625,1246,19533,9014,26115,2559,19054,57456,81336,1228,0,2470,3997,11459,17548,2613,45470,-23880,1228,-120969,-1527,-6089,-18287,-17101,-16495,-42857,1
2022-11-20 08:00:00,69132,191663,1645,20440,10278,26822,2755,19534,66256,87532,1550,0,2379,4059,11559,17993,3298,45980,-21276,1550,-122531,-1680,-6434,-18795,-16544,-16779,-42682,1
2022-11-20 09:00:00,76406,199910,2187,20911,10943,26805,2826,19570,73980,91208,1798,0,2411,4009,11485,18215,4939,46313,-17228,1798,-123504,-1598,-6730,-18724,-15862,-16744,-41374,1
2022-11-20 10:00:00,82346,208752,2565,20722,11577,27217,2925,19891,76400,92040,1654,0,2272,4000,11480,18490,6293,47231,-15640,1654,-126406,-1728,-7010,-18157,-15640,-16966,-40938,1
2022-11-20 11:00:00,86464,206568,2343,20353,11214,26143,2327,20019,78036,93116,1534,0,2042,4002,11406,18285,6684,49025,-15080,1534,-120104,-1960,-6879,-18010,-14929,-17692,-42341,1
2022-11-20 12:00:00,81824,199458,1931,20069,10200,25227,1822,19957,77268,95980,1862,0,1688,4014,11748,18452,8551,50983,-18712,1862,-117634,-2326,-6704,-18138,-15027,-18135,-42432,1
2022-11-20 13:00:00,66769,197435,1326,20018,9272,25515,1590,19852,75832,94476,1506,0,1399,4105,11977,18867,9200,51876,-18644,1506,-130666,-2706,-6890,-18692,-16243,-18262,-42676,1
2022-11-20 14:00:00,56715,197899,833,20407,9225,26667,1655,20579,73408,90692,1082,0,1321,4448,12212,19513,9586,52874,-17284,1082,-141184,-3127,-7301,-19574,-17442,-18924,-43288,1
2022-11-20 15:00:00,65297,208043,757,21597,11696,29447,2150,20757,65964,89644,934,0,1361,4777,12409,19771,10064,55900,-23680,934,-142746,-3416,-7362,-20840,-17751,-18607,-45836,1
2022-11-20 16:00:00,82012,217128,809,21660,12904,30477,2252,20804,55556,93212,1096,0,1346,4635,12571,19421,9750,58184,-37656,1096,-135116,-3289,-6850,-20851,-17573,-18552,-48434,1
2022-11-20 17:00:00,85432,215642,807,21749,12016,30961,2031,20844,54924,100852,929,0,1288,4351,12655,18968,10163,56396,-45928,929,-130210,-3063,-6313,-20942,-18945,-18813,-46233,1
2022-11-20 18:00:00,80958,208621,814,21580,9889,29784,2105,20325,57000,104728,840,0,1178,4159,12479,18609,9815,54539,-47728,840,-127663,-2981,-6130,-20766,-19895,-18220,-44724,1
2022-11-20 19:00:00,70294,198753,795,20881,8778,28104,2081,19467,59448,107856,622,0,1153,3971,12442,18124,9419,52394,-48408,622,-128459,-2818,-5682,-20086,-19326,-17386,-42975,1
2022-11-20 20:00:00,72145,193430,784,19822,8058,26000,1932,18822,59732,104952,688,0,1173,3799,12355,17618,8797,49869,-45220,688,-121285,-2626,-5263,-19038,-17942,-16890,-41072,1
2022-11-20 21:00:00,75708,190330,753,18730,8107,23771,1766,17731,57992,97872,863,0,1199,3658,11914,16931,7937,47306,-39880,863,-114622,-2459,-5017,-17977,-15664,-15965,-39369,1
2022-11-20 22:00:00,82148,182681,750,17670,8559,22092,1586,16904,56028,90440,1262,0,1298,3661,11143,16549,7694,44929,-34412,1262,-100533,-2363,-5406,-16920,-13533,-15318,-37235,1
2022-11-20 23:00:00,85862,174903,747,16749,8417,21028,1408,16546,63604,84980,1812,0,1389,3537,10979,16277,6076,43171,-21376,1812,-89041,-2148,-5298,-16002,-12611,-15138,-37095,1
2022-11-21 00:00:00,87508,170776,740,16216,8195,20443,1541,16351,68328,80828,2286,0,1530,3455,10739,16040,4502,41730,-12500,2286,-83268,-1925,-5301,-15476,-12248,-14810,-37228,1
2022-11-21 01:00:00,85688,170277,727,15830,8221,20378,1655,16435,74424,78376,2482,0,1742,3364,10659,15856,3173,40948,-3952,2482,-84589,-1622,-5197,-15103,-12157,-14780,-37775,1
2022-11-21 02:00:00,81499,172976,707,15879,8176,20927,1669,16929,77556,78132,2284,0,1754,3403,10758,16139,2565,41120,-576,2284,-91477,-1649,-5381,-15172,-12751,-15260,-38555,1
2022-11-21 03:00:00,71947,179997,725,16800,7936,23057,1632,18143,77336,78616,2967,0,1619,3637,11362,16782,2613,41564,-1280,2967,-108050,-2018,-5420,-16075,-15121,-16511,-38951,1
2022-11-21 04:00:00,60006,196454,741,19042,7105,28766,1637,21344,79528,83632,2628,0,1576,4175,12386,18332,2472,43671,-4104,2628,-136448,-2599,-5946,-18301,-21661,-19707,-41199,1
2022-11-21 05:00:00,67628,227517,761,22128,9199,34054,1588,23387,83680,97560,2911,0,1744,4728,12902,19751,1950,48297,-13880,2911,-159889,-2984,-6849,-21367,-24855,-21799,-46347,1
2022-11-21 06:00:00,82569,247394,1046,23100,12773,37977,1840,24574,82252,111512,3326,0,1753,4910,12842,19970,2120,56136,-29260,3326,-164825,-3157,-7128,-22054,-25204,-22734,-54016,1
2022-11-21 07:00:00,90436,255645,1742,23381,14126,38882,2157,24892,81372,116680,3522,0,1756,4954,12925,19992,2697,59475,-35308,3522,-165209,-3198,-7067,-21639,-24756,-22735,-56778,1
2022-11-21 08:00:00,93663,258067,2584,23254,13881,37930,2396,24885,83724,119512,2936,0,1828,5028,12897,20135,3500,58446,-35788,2936,-164404,-3200,-7238,-20670,-24049,-22489,-54946,1
2022-11-21 09:00:00,89894,261003,3250,23124,14574,37240,2254,25082,88768,121000,1757,0,1880,4997,12770,20001,4557,55930,-32232,1757,-171109,-3117,-7231,-19874,-22666,-22828,-51373,1
2022-11-21 10:00:00,91795,263579,3553,23038,14254,35662,2135,25293,90332,122024,1177,0,1890,4909,12798,20038,4880,53982,-31692,1177,-171784,-3019,-7240,-19485,-21408,-23158,-49102,1
2022-11-21 11:00:00,90130,262431,3425,23151,13313,35895,2010,25482,94616,124352,980,0,1830,4895,12742,19875,5535,52680,-29736,980,-172301,-3065,-7133,-19726,-22582,-23472,-47145,1
2022-11-21 12:00:00,84227,257615,2658,22822,12549,37855,1753,25203,97304,125612,1082,0,1691,4813,13030,19966,6926,56291,-28308,1082,-173388,-3122,-6936,-20164,-25306,-23450,-49365,1
2022-11-21 13:00:00,81971,252984,1772,23209,12209,38636,1678,25252,98836,123676,1174,0,1546,4754,13215,20296,7219,58191,-24840,1174,-171013,-3208,-7081,-21437,-26427,-23574,-50972,1
2022-11-21 14:00:00,75153,252897,943,23922,11441,39447,1974,25792,100568,120340,1150,0,1574,4887,13166,20378,9635,60773,-19772,1150,-177744,-3313,-7212,-22979,-28006,-23818,-51138,1
2022-11-21 15:00:00,83830,260952,796,24830,12217,40409,1730,25785,100980,119464,1161,0,1766,5190,13316,20635,11474,64173,-18484,1161,-177122,-3424,-7319,-24034,-28192,-24055,-52699,1
2022-11-21 16:00:00,95830,267750,813,24612,12041,39437,1514,25252,96680,122452,1201,0,1889,5055,13257,20149,12275,65092,-25772,1201,-171920,-3166,-6892,-23799,-27396,-23738,-52817,1
2022-11-21 17:00:00,103183,263594,830,24439,11181,38947,1426,25061,96072,126864,1226,0,2170,4705,13156,19722,13142,61106,-30792,1226,-160411,-2535,-6566,-23609,-27766,-23635,-47964,1
2022-11-21 18:00:00,107101,257164,867,24121,9629,36845,990,24447,96264,128524,1300,0,2080,4505,12704,19188,14225,59541,-32260,1300,-150063,-2425,-6484,-23254,-27216,-23457,-45316,1
2022-11-21 19:00:00,114557,242055,884,23260,8785,34096,627,22951,99520,129208,1414,0,2000,4272,12132,18455,15075,56360,-29688,1414,-127498,-2272,-6323,-22376,-25311,-22324,-41285,1
2022-11-21 20:00:00,121999,228428,1013,22169,8663,30670,619,21266,97072,122168,1309,0,2037,4011,11664,17642,15187,53225,-25096,1309,-106429,-1974,-5978,-21156,-22007,-20647,-38038,1
2022-11-21 21:00:00,128025,215765,1136,21161,8837,27842,631,19849,91316,110168,970,0,2349,3825,11309,17040,15329,50029,-18852,970,-87740,-1476,-5731,-20025,-19005,-19218,-34700,1
2022-11-21 22:00:00,136629,204256,1047,19894,8492,25707,646,18833,87868,100060,868,0,2367,3760,10204,16469,15450,47200,-12192,868,-67627,-1393,-6265,-18847,-17215,-18187,-31750,1
2022-11-21 23:00:00,140674,193653,953,18641,8551,24531,775,18362,87712,94396,1162,0,2533,3681,9869,16064,15754,44567,-6684,1162,-52979,-1148,-6195,-17688,-15980,-17587,-28813,1
2022-11-22 00:00:00,140392,187172,974,17802,10126,23987,849,18094,88340,89284,1048,0,2682,3688,9708,15906,15692,42543,-944,1048,-46780,-1006,-6198,-16828,-13861,-17245,-26851,1
2022-11-22 01:00:00,145272,186122,1055,17280,10914,23758,892,18207,86696,86748,1040,0,2901,3699,9653,15958,15287,41601,-52,1040,-40850,-798,-6305,-16225,-12844,-17315,-26314,1
2022-11-22 02:00:00,150244,189559,1051,17270,11803,24249,984,18611,89540,85412,820,0,3332,3721,9629,16024,14841,41146,4128,820,-39315,-389,-6395,-16219,-12446,-17627,-26305,0
2022-11-22 03:00:00,150276,197171,1089,18088,11601,25929,1023,19642,90796,85684,803,0,3987,3902,9902,16555,14714,41594,5112,803,-46895,85,-6653,-16999,-14328,-18619,-26880,0
2022-11-22 04:00:00,140471,214464,1164,19995,12130,30716,1108,22251,89656,89816,630,0,4347,4458,11348,18206,15241,43856,-160,630,-73993,-111,-6858,-18831,-18586,-21143,-28615,1
2022-11-22 05:00:00,122294,243275,1317,22821,13521,35984,1455,24086,87064,101644,252,0,4654,4925,12197,19465,15186,49387,-14580,252,-120981,-271,-7268,-21504,-22463,-22631,-34201,1
2022-11-22 06:00:00,125792,262396,1695,23575,14870,40118,2109,24932,81612,115912,166,0,4880,5053,12340,19460,15325,55969,-34300,166,-136604,-173,-7120,-21880,-25248,-22823,-40644,1
2022-11-22 07:00:00,128069,268550,2468,23534,16303,41588,2598,25156,81436,122120,65,0,5100,5092,12344,19617,14741,58752,-40684,65,-140481,8,-7273,-21066,-25285,-22558,-44011,1
2022-11-22 08:00:00,124691,267857,3305,23214,16358,41701,2992,24918,88356,123972,33,0,5227,5121,12389,19756,15211,58849,-35616,33,-143166,106,-7367,-19909,-25343,-21926,-43638,3
2022-11-22 09:00:00,123401,271315,3645,23095,17297,42430,3083,25087,95652,124464,52,0,5419,5082,12448,19660,15130,57929,-28812,52,-147914,337,-7212,-19450,-25133,-22004,-42799,3
2022-11-22 10:00:00,124954,274286,3323,23345,16301,40186,2964,25050,99948,125112,44,0,5439,5005,12537,19591,15296,57390,-25164,44,-149332,434,-7054,-20022,-23885,-22086,-42094,3
2022-11-22 11:00:00,123805,273528,2805,23662,14739,39497,2654,25086,103356,126064,54,0,5437,5013,12550,19298,14443,57552,-22708,54,-149723,424,-6748,-20857,-24758,-22432,-43109,3
2022-11-22 12:00:00,118838,267993,2278,23758,14772,40320,2210,24884,103360,127076,106,0,5402,4938,12807,19245,13268,57792,-23716,106,-149155,464,-6438,-21480,-25548,-22674,-44524,3
2022-11-22 13:00:00,111524,263503,1559,24252,14054,40498,2384,25074,101428,125864,57,0,5393,4843,12996,19745,13242,58692,-24436,57,-151979,550,-6749,-22693,-26444,-22690,-45450,3
2022-11-22 14:00:00,115167,261715,1101,24647,14416,41173,2577,25631,94972,123764,12,0,5312,5015,13148,19999,13114,60433,-28792,12,-146548,297,-6851,-23546,-26757,-23054,-47319,3
2022-11-22 15:00:00,122269,267833,1051,25276,15938,41788,2901,25352,88920,122772,29,0,5265,5244,13178,20055,12832,63061,-33852,29,-145564,21,-6877,-24225,-25850,-22451,-50229,1
2022-11-22 16:00:00,132892,271450,1017,24896,15773,40871,2954,24692,87868,126368,52,0,5097,5032,13206,19717,12650,64862,-38500,52,-138558,65,-6511,-23879,-25098,-21738,-52212,3
2022-11-22 17:00:00,134302,265702,1115,24724,14839,40262,2796,24766,91096,130444,91,0,4774,4691,13215,19472,11456,61790,-39348,91,-131400,83,-6257,-23609,-25423,-21970,-50334,1
2022-11-22 18:00:00,129351,259695,1237,24276,13016,38051,2256,24127,93072,132116,232,0,4763,4434,13016,18918,10406,59236,-39044,232,-130344,329,-5902,-23039,-25035,-21871,-48830,3
2022-11-22 19:00:00,123080,245094,1419,23414,12115,35238,2054,22673,92876,132068,452,0,4672,4191,12580,17948,9802,56256,-39192,452,-122014,481,-5368,-21995,-23123,-20619,-46454,3
2022-11-22 20:00:00,122325,232032,1469,22292,11821,31809,1992,21052,90380,124620,746,0,4572,3942,12131,16946,9698,53021,-34240,746,-109707,630,-4815,-20823,-19988,-19060,-43323,1
2022-11-22 21:00:00,122816,218711,1385,21303,11248,28939,1958,19741,83684,112156,1131,0,4439,3747,11955,16275,9216,49746,-28472,1131,-95895,692,-4320,-19918,-17691,-17783,-40530,1
2022-11-22 22:00:00,127600,204136,1269,20093,10523,26617,1920,18640,83828,101824,1354,0,4278,3644,11444,15728,9350,46488,-17996,1354,-76536,634,-4284,-18824,-16094,-16720,-37138,1
2022-11-22 23:00:00,133840,194641,1247,18847,10698,25101,1736,18159,87756,96436,1429,0,4024,3550,11001,15389,9530,44045,-8680,1429,-60801,474,-4388,-17600,-14403,-16423,-34515,1
2022-11-23 00:00:00,133259,188341,1309,18032,9856,24355,1583,17979,90304,91752,1906,0,3936,3526,10475,15446,9330,42158,-1448,1906,-55082,410,-4971,-16723,-14499,-16396,-32828,1
2022-11-23 01:00:00,134802,186879,1272,17517,9653,24192,1377,18061,92152,88852,1994,0,3935,3488,10368,15567,10457,41475,3300,1994,-52077,447,-5199,-16245,-14539,-16684,-31018,0
2022-11-23 02:00:00,130276,190312,1217,17429,10419,24720,1343,18347,91512,87532,2158,0,3985,3504,10580,15802,10232,41109,3980,2158,-60036,481,-5222,-16212,-14301,-17004,-30877,0
2022-11-23 03:00:00,125495,196716,1158,18213,10385,26660,1438,19394,91456,87852,1728,0,4056,3636,11098,16430,11165,41420,3604,1728,-71221,420,-5332,-17055,-16275,-17956,-30255,0
2022-11-23 04:00:00,112780,211595,1120,20065,10081,31661,1356,22095,92956,92104,1583,0,4181,4150,12020,18067,12334,43662,852,1583,-98815,31,-6047,-18945,-21580,-20739,-31328,1
2022-11-23 05:00:00,105110,238786,1124,22832,10802,36864,1464,24010,91200,104540,1922,0,4400,4733,13075,19465,11360,48007,-13340,1922,-133676,-333,-6390,-21708,-26062,-22546,-36647,1
2022-11-23 06:00:00,119378,257110,1410,23767,13489,40438,1823,25037,85804,117812,2190,0,4626,4951,13345,19761,12520,54477,-32008,2190,-137732,-325,-6416,-22357,-26949,-23214,-41957,1
2022-11-23 07:00:00,127497,262758,1826,24252,16037,41354,1839,25371,87772,121948,1772,0,4770,4970,13437,20015,13649,57431,-34176,1772,-135261,-200,-6578,-22426,-25317,-23532,-43782,1
2022-11-23 08:00:00,129487,263893,1980,24442,16130,40055,1723,25354,87792,123276,1882,0,4764,4993,13381,19820,15061,55812,-35484,1882,-134406,-229,-6439,-22462,-23925,-23631,-40751,1
2022-11-23 09:00:00,135570,263380,2061,24601,16133,39181,1811,25674,90368,122800,2140,0,4608,4996,13308,19764,15234,51929,-32432,2140,-127810,-388,-6456,-22540,-23048,-23863,-36695,1
2022-11-23 10:00:00,144124,263235,2066,24872,15419,37126,1570,25587,97104,122188,2332,0,4456,4961,13303,19710,14948,49312,-25084,2332,-119111,-505,-6407,-22806,-21707,-24017,-34364,1
2022-11-23 11:00:00,148592,258952,2049,24797,14254,37089,1470,25736,100540,122148,2726,0,4244,4969,13194,19599,14727,48798,-21608,2726,-110360,-725,-6405,-22748,-22835,-24266,-34071,1
2022-11-23 12:00:00,143044,256571,1771,24474,12108,37904,1140,25391,102824,120860,2674,0,4219,4855,13227,19800,16426,52512,-18036,2674,-113527,-636,-6573,-22703,-25796,-24251,-36086,1
2022-11-23 13:00:00,120488,254673,1300,24672,10260,38657,1021,25434,102648,118584,3008,0,4395,4723,13225,20111,16417,56858,-15936,3008,-134185,-328,-6886,-23372,-28397,-24413,-40441,1
2022-11-23 14:00:00,105103,256113,997,24849,9595,40058,1807,25925,101512,116948,3008,0,4586,4829,13259,20178,16604,59595,-15436,3008,-151010,-243,-6919,-23852,-30463,-24118,-42991,1
2022-11-23 15:00:00,117571,264075,974,25356,11306,41715,1729,25795,88964,116392,3057,0,4616,5097,13424,20380,16559,62523,-27428,3057,-146504,-481,-6956,-24382,-30409,-24066,-45964,1
2022-11-23 16:00:00,131928,270724,929,24962,10607,41022,1656,25402,71660,119920,3210,0,4796,4895,13429,19847,16195,64234,-48260,3210,-138796,-99,-6418,-24033,-30415,-23746,-48039,1
2022-11-23 17:00:00,134120,267704,899,24810,10327,40525,1659,25229,65412,124408,3194,0,4791,4644,13298,19465,16342,61271,-58996,3194,-133584,147,-6167,-23911,-30198,-23570,-44929,1
2022-11-23 18:00:00,131540,257510,920,24315,8692,38453,1203,24594,64012,126868,3204,0,4636,4477,12793,18763,16720,58976,-62856,3204,-125970,159,-5970,-23395,-29761,-23391,-42256,1
2022-11-23 19:00:00,128196,242380,955,23344,6832,35538,766,23123,62688,127464,3136,0,4737,4223,11937,18058,16701,56243,-64776,3136,-114184,514,-6121,-22389,-28706,-22357,-39542,1
2022-11-23 20:00:00,124609,228712,980,22164,6032,32050,708,21556,60784,120476,3134,0,4512,3952,11550,17361,16433,52949,-59692,3134,-104103,560,-5811,-21184,-26018,-20848,-36516,1
2022-11-23 21:00:00,123844,214181,970,21182,5454,29080,614,20165,56156,109076,2952,0,4338,3755,11133,16833,16457,49368,-52920,2952,-90337,583,-5700,-20212,-23626,-19551,-32911,1
2022-11-23 22:00:00,130664,200352,958,19912,5199,26627,498,19093,50848,99408,2385,0,4393,3551,10274,15868,16588,46188,-48560,2385,-69688,842,-5594,-18954,-21428,-18595,-29600,1
2022-11-23 23:00:00,139527,191432,966,18656,5387,25412,458,18534,48260,94040,2736,0,3891,3638,9781,15351,16288,43705,-45780,2736,-51905,253,-5570,-17690,-20025,-18076,-27417,1
2022-11-24 00:00:00,138283,184671,1023,17768,5877,24599,425,18222,47720,89668,2687,0,3891,3519,9576,15230,16430,41797,-41948,2687,-46388,372,-5654,-16745,-18722,-17797,-25367,1
2022-11-24 01:00:00,140351,182864,1016,17279,6193,24351,401,18210,47496,86956,2568,0,3741,3416,9514,15293,16364,40676,-39460,2568,-42513,325,-5779,-16263,-18158,-17809,-24312,1
2022-11-24 02:00:00,133598,185524,1053,17261,5882,24629,385,18637,47468,85836,2546,0,3568,3330,9654,15580,14651,40360,-38368,2546,-51926,238,-5926,-16208,-18747,-18252,-25709,1
2022-11-24 03:00:00,128123,190637,1172,18042,5959,26373,350,19592,46716,86148,2416,0,3566,3513,10442,16311,12413,40059,-39432,2416,-62514,53,-5869,-16870,-20414,-19242,-27646,1
2022-11-24 04:00:00,123800,207829,1051,20016,5943,31457,341,22287,44400,90496,2303,0,3317,4035,11758,17673,13166,43001,-46096,2303,-84029,-718,-5915,-18965,-25514,-21946,-29835,1
2022-11-24 05:00:00,102957,237006,1036,22837,7677,36691,488,24252,43424,102448,2494,0,3267,4529,12937,19103,13365,48410,-59024,2494,-134049,-1262,-6166,-21801,-29014,-23764,-35045,1
2022-11-24 06:00:00,108499,255431,1118,23727,11420,39934,557,25365,44060,115732,3065,0,3063,4717,13005,19108,10598,54756,-71672,3065,-146932,-1654,-6103,-22609,-28514,-24808,-44158,1
2022-11-24 07:00:00,111426,262280,1585,24025,12598,40530,713,25813,48848,119864,3231,0,2746,4757,12890,19266,8466,57246,-71016,3231,-150854,-2011,-6376,-22440,-27932,-25100,-48780,1
2022-11-24 08:00:00,104181,263322,2159,24099,12945,39662,1065,25881,55776,121340,3416,0,2652,4835,12695,19152,8591,54543,-65564,3416,-159141,-2183,-6457,-21940,-26717,-24816,-45952,1
2022-11-24 09:00:00,102765,265009,2480,24143,13273,38784,1179,26222,62632,121872,3624,0,2498,4825,12460,18982,8031,49201,-59240,3624,-162244,-2327,-6522,-21663,-25511,-25043,-41170,1
2022-11-24 10:00:00,104024,265780,2519,24316,13075,36754,1085,26287,67660,122036,3590,0,2249,4747,12481,18998,8318,46150,-54376,3590,-161756,-2498,-6517,-21797,-23679,-25202,-37832,1
2022-11-24 11:00:00,100422,264631,2439,24246,12146,36573,1080,26522,70716,122836,3530,0,2219,4785,12510,19117,9373,44571,-52120,3530,-164209,-2566,-6607,-21807,-24427,-25442,-35198,1
2022-11-24 12:00:00,88993,260015,2246,23728,10496,37824,983,26045,73072,122520,3654,0,2108,4731,12496,19245,9597,45925,-49448,3654,-171022,-2623,-6749,-21482,-27328,-25062,-36328,1
2022-11-24 13:00:00,81089,254842,1703,24000,9845,38841,978,25773,70276,120660,3550,0,1990,4680,12537,19504,10825,50129,-50384,3550,-173753,-2690,-6967,-22297,-28996,-24795,-39304,1
2022-11-24 14:00:00,80474,253345,1220,24485,9654,40176,964,26266,62468,118496,3396,0,2003,4806,12564,19691,11975,56105,-56028,3396,-172871,-2803,-7127,-23265,-30522,-25302,-44130,1
2022-11-24 15:00:00,91467,259838,1030,25300,10080,41610,954,26117,55216,118308,3170,0,2149,4967,12646,19630,13929,60501,-63092,3170,-168371,-2818,-6984,-24270,-31530,-25163,-46572,1
2022-11-24 16:00:00,101745,265675,929,24957,9164,40910,665,25701,49048,121244,3398,0,2274,4773,12768,19245,15404,63030,-72196,3398,-163930,-2499,-6477,-24028,-31746,-25036,-47626,1
2022-11-24 17:00:00,97312,261959,918,24755,8433,40529,673,25519,50616,125132,3380,0,2282,4498,12727,18793,16640,60505,-74516,3380,-164647,-2216,-6066,-23837,-32096,-24846,-43865,1
2022-11-24 18:00:00,94538,254909,979,24306,6890,38371,478,24849,51112,126352,1562,0,2224,4232,12298,18198,17123,58362,-75240,1562,-160371,-2008,-5900,-23327,-31481,-24371,-41239,1
2022-11-24 19:00:00,93562,239968,990,23423,5588,35595,264,23353,50940,126792,1198,0,2031,3985,11793,17369,17236,55469,-75852,1198,-146406,-1954,-5576,-22433,-30007,-23089,-38233,1
2022-11-24 20:00:00,92817,225711,1070,22390,4907,32289,255,21701,48372,120012,2132,0,2172,3783,11439,16607,17025,52078,-71640,2132,-132894,-1611,-5168,-21320,-27382,-21446,-35053,1
2022-11-24 21:00:00,96965,215417,1051,21382,4649,29403,258,20243,42540,108900,2093,0,2357,3612,10855,15796,15861,48548,-66360,2093,-118452,-1255,-4941,-20331,-24754,-19985,-32687,1
2022-11-24 22:00:00,101717,201581,1009,20175,4189,26995,278,19124,39264,99304,2157,0,2468,3596,9856,15301,13748,45285,-60040,2157,-99864,-1128,-5445,-19166,-22806,-18846,-31537,1
2022-11-24 23:00:00,102912,187529,1016,18867,4456,25672,274,18517,42448,94568,2296,0,2496,3547,9448,14936,15216,43500,-52120,2296,-84617,-1051,-5488,-17851,-21216,-18243,-28284,1
2022-11-25 00:00:00,108305,181217,962,18036,3803,24866,301,18234,42488,89784,2492,0,2698,3472,9155,14783,14741,42084,-47296,2492,-72912,-774,-5628,-17074,-21063,-17933,-27343,1
2022-11-25 01:00:00,117735,181343,907,17469,3742,24536,301,18281,43604,86624,2408,0,2759,3478,8995,14771,12752,41085,-43020,2408,-63608,-719,-5776,-16562,-20794,-17980,-28333,1
2022-11-25 02:00:00,122264,184775,853,17518,3756,24939,364,18704,47140,85504,2586,0,2918,3518,9054,14804,11897,40756,-38364,2586,-62511,-600,-5750,-16665,-21183,-18340,-28859,1
2022-11-25 03:00:00,119556,192339,838,18324,3704,26563,400,19653,49764,86140,1381,0,3554,3555,9796,15366,12722,41291,-36376,1381,-72783,-1,-5570,-17486,-22859,-19253,-28569,1
2022-11-25 04:00:00,110115,207551,833,20082,4083,31548,420,22280,49084,89332,1416,0,3911,4092,11175,16809,12550,43507,-40248,1416,-97436,-181,-5634,-19249,-27465,-21860,-30957,1
2022-11-25 05:00:00,97444,235571,851,22739,4993,36490,531,24086,48588,100920,1448,0,4110,4580,12496,18324,13003,48052,-52332,1448,-138127,-470,-5828,-21888,-31497,-23555,-35049,1
2022-11-25 06:00:00,100893,254661,1341,23326,8195,39894,764,25150,52048,114196,1465,0,4432,4738,12823,18569,13207,54838,-62148,1465,-153768,-306,-5746,-21985,-31699,-24386,-41631,1
2022-11-25 07:00:00,104712,261760,2742,22803,9789,40606,962,25600,55252,117588,3104,0,4378,4748,12781,18611,12704,57129,-62336,3104,-157048,-370,-5830,-20061,-30817,-24638,-44425,1
2022-11-25 08:00:00,105707,262749,4211,21961,9956,39741,1154,25592,63728,118464,3121,0,4240,4794,12686,18587,12283,53654,-54736,3121,-157042,-554,-5901,-17750,-29785,-24438,-41371,1
2022-11-25 09:00:00,111576,264167,5086,21565,9995,38743,1214,25873,78400,118040,3119,0,3917,4758,12572,18377,11464,49468,-39640,3119,-152591,-841,-5805,-16479,-28748,-24659,-38004,1
2022-11-25 10:00:00,111168,264460,4962,21562,9553,36843,1261,25911,87760,117048,3147,0,3756,4615,12580,18219,10085,47429,-29288,3147,-153292,-859,-5639,-16600,-27290,-24650,-37344,1
2022-11-25 11:00:00,103762,261623,4553,21824,8628,36900,1046,25935,98824,117164,3043,0,3609,4514,12559,17969,9062,46969,-18340,3043,-157861,-905,-5410,-17271,-28272,-24889,-37907,1
2022-11-25 12:00:00,89881,254514,3527,21874,7377,37994,810,25412,102024,116872,2964,0,3433,4413,12614,17923,6827,49001,-14848,2964,-164633,-980,-5309,-18347,-30617,-24602,-42174,1
2022-11-25 13:00:00,79061,250102,2084,22666,7004,39009,957,25344,105596,115420,2474,0,3352,4371,12708,18204,5320,52355,-9824,2474,-171041,-1019,-5496,-20582,-32005,-24387,-47035,1
2022-11-25 14:00:00,74046,247874,971,23645,6927,40073,1102,25771,103652,113568,1174,0,3199,4528,12709,18173,5041,55965,-9916,1174,-173828,-1329,-5464,-22674,-33146,-24669,-50924,1
2022-11-25 15:00:00,82086,252750,817,24708,8352,41019,1138,25568,86824,113168,907,0,3312,4722,12836,18334,5125,59480,-26344,907,-170664,-1410,-5498,-23891,-32667,-24430,-54355,1
2022-11-25 16:00:00,90879,256847,825,24254,8104,40503,743,25042,61936,115980,2050,0,3281,4564,12736,17935,6368,61253,-54044,2050,-165968,-1283,-5199,-23429,-32399,-24299,-54885,1
2022-11-25 17:00:00,92794,251036,827,23939,8139,40003,678,24676,56156,121008,1072,0,3073,4267,12501,17354,6959,58444,-64852,1072,-158242,-1194,-4853,-23112,-31864,-23998,-51485,1
2022-11-25 18:00:00,89218,242163,821,23408,6900,37750,688,24028,58012,121988,1032,0,2690,4033,12272,16795,6356,56612,-63976,1032,-152945,-1343,-4523,-22587,-30850,-23340,-50256,1
2022-11-25 19:00:00,86429,228881,812,22696,6591,34925,731,22577,57824,122208,2018,0,2303,3819,11884,16262,5784,53817,-64384,2018,-142452,-1516,-4378,-21884,-28334,-21846,-48033,1
2022-11-25 20:00:00,83161,214672,786,21791,6360,31710,669,21025,56556,116268,1942,0,2087,3617,11656,15779,5824,50338,-59712,1942,-131511,-1530,-4123,-21005,-25350,-20356,-44514,1
2022-11-25 21:00:00,80734,201475,737,20981,5665,28833,660,19701,52276,106884,2345,0,1961,3464,11132,15242,5818,47616,-54608,2345,-120741,-1503,-4110,-20244,-23168,-19041,-41798,1
2022-11-25 22:00:00,82819,187243,735,19840,6040,26532,631,18597,48332,98780,2510,0,1793,3361,10754,15002,4737,45496,-50448,2510,-104424,-1568,-4248,-19105,-20492,-17966,-40759,1
2022-11-25 23:00:00,85342,176202,736,18701,5570,24940,596,17917,50132,94580,2503,0,1664,3258,10414,14589,4196,43418,-44448,2503,-90860,-1594,-4175,-17965,-19370,-17321,-39222,1
2022-11-26 00:00:00,92913,169995,731,17836,5308,23948,584,17461,52012,89344,2518,0,1529,3194,10302,14382,3896,41407,-37332,2518,-77082,-1665,-4080,-17105,-18640,-16877,-37511,1
2022-11-26 01:00:00,89979,166245,769,17183,6064,23579,593,17329,52268,85304,2512,0,1535,3140,10252,14166,4068,40204,-33036,2512,-76266,-1605,-3914,-16414,-17515,-16736,-36136,1
2022-11-26 02:00:00,85072,169334,774,16920,6681,23473,600,17404,49152,82764,2531,0,1487,3093,10286,14028,5011,40079,-33612,2531,-84262,-1606,-3742,-16146,-16792,-16804,-35068,1
2022-11-26 03:00:00,75492,169546,823,17171,6813,24216,611,17641,46784,82160,1304,0,1515,3106,10548,14248,5073,39789,-35376,1304,-94054,-1591,-3700,-16348,-17403,-17030,-34716,1
2022-11-26 04:00:00,66589,169732,804,17703,7651,26741,819,18543,45672,82760,1224,0,1504,3267,11114,14743,5709,40096,-37088,1224,-103143,-1763,-3629,-16899,-19090,-17724,-34387,1
2022-11-26 05:00:00,61142,178086,836,19093,9580,29588,752,19491,43580,86164,2177,0,1543,3500,11583,15183,5987,41935,-42584,2177,-116944,-1957,-3600,-18257,-20008,-18739,-35948,1
2022-11-26 06:00:00,61563,190683,981,20295,11380,32128,854,20790,43356,91320,2308,0,1563,3753,11922,15711,6440,45357,-47964,2308,-129120,-2190,-3789,-19314,-20748,-19936,-38917,1
2022-11-26 07:00:00,67287,204048,1412,21195,13125,33795,1420,21791,44152,96256,2528,0,1660,3911,12231,16503,6309,47855,-52104,2528,-136761,-2251,-4272,-19783,-20670,-20371,-41546,1
2022-11-26 08:00:00,74462,212096,1917,21591,13780,33755,1345,22382,56172,102528,2960,0,1813,3966,12279,16176,6790,48187,-46356,2960,-137634,-2153,-3897,-19674,-19975,-21037,-41397,1
2022-11-26 09:00:00,81848,217027,2244,21883,13023,32635,1648,22668,73576,104952,3339,0,1831,3923,12475,16512,6873,47536,-31376,3339,-135179,-2092,-4037,-19639,-19612,-21020,-40663,1
2022-11-26 10:00:00,82987,220381,2406,22021,12243,31135,1705,22619,78036,104172,3448,0,1736,3871,12420,16476,6862,45777,-26136,3448,-137394,-2135,-4056,-19615,-18892,-20914,-38915,1
2022-11-26 11:00:00,80188,217287,2210,21806,11000,29931,1290,22580,75384,103092,3523,0,1526,3859,12326,16396,7057,44387,-27708,3523,-137099,-2333,-4070,-19596,-18931,-21290,-37330,1
2022-11-26 12:00:00,75863,210127,1785,21434,10149,29724,941,21955,75092,103532,3462,0,1442,3820,12342,16743,6733,44908,-28440,3462,-134264,-2378,-4401,-19649,-19575,-21014,-38175,1
2022-11-26 13:00:00,65770,205899,1298,21288,9498,29954,1289,21827,72568,101472,3320,0,1505,3926,12360,16951,7011,45190,-28904,3320,-140129,-2421,-4591,-19990,-20456,-20538,-38179,1
2022-11-26 14:00:00,62473,205907,907,21583,10602,31410,1402,22352,70824,98396,3492,0,1628,4139,12562,17363,7937,48369,-27572,3492,-143434,-2511,-4801,-20676,-20808,-20950,-40432,1
2022-11-26 15:00:00,72589,215048,886,22467,12159,33909,1500,22196,56648,96992,3590,0,1834,4270,12627,17603,9695,53378,-40344,3590,-142459,-2436,-4976,-21581,-21750,-20696,-43683,1
2022-11-26 16:00:00,84115,221364,981,22053,12418,34664,1114,21706,42572,100520,3440,0,1906,4136,12455,17524,11347,56412,-57948,3440,-137249,-2230,-5069,-21072,-22246,-20592,-45065,1
2022-11-26 17:00:00,74464,220130,1012,21839,12445,35038,880,21357,44400,106848,3435,0,1959,3921,12420,17095,12274,54620,-62448,3435,-145666,-1962,-4675,-20827,-22593,-20477,-42346,1
2022-11-26 18:00:00,68182,212762,1018,21550,11389,33168,785,20726,46472,108888,3141,0,2063,3739,12345,16705,13469,52653,-62416,3141,-144580,-1676,-4360,-20532,-21779,-19941,-39184,1
2022-11-26 19:00:00,67427,199231,1018,20822,9816,30677,722,19644,47100,110288,3490,0,2176,3569,12100,16187,14414,50310,-63188,3490,-131804,-1393,-4087,-19804,-20861,-18922,-35896,1
2022-11-26 20:00:00,73143,191849,1055,19839,8852,28283,706,18693,44692,107204,3524,0,2288,3423,11824,15533,14566,48254,-62512,3524,-118706,-1135,-3709,-18784,-19431,-17987,-33688,1
2022-11-26 21:00:00,74012,185624,1025,18810,8768,25984,634,17581,42644,100072,3259,0,2229,3293,11456,15217,14845,45821,-57428,3259,-111612,-1064,-3761,-17785,-17216,-16947,-30976,1
2022-11-26 22:00:00,75867,173659,994,17787,8659,24046,585,16490,39888,93184,3053,0,2001,3175,11072,14866,15485,43691,-53296,3053,-97792,-1174,-3794,-16793,-15387,-15905,-28206,1
2022-11-26 23:00:00,89604,164531,1059,16760,9470,22629,643,15891,41488,87236,2915,0,1976,3080,10531,14356,16013,41948,-45748,2915,-74927,-1104,-3825,-15701,-13159,-15248,-25935,1
2022-11-27 00:00:00,94247,159230,1125,16062,10232,21621,675,15491,37360,82180,2844,0,2000,3051,10229,14234,16211,40669,-44820,2844,-64983,-1051,-4005,-14937,-11389,-14816,-24458,1
2022-11-27 01:00:00,100353,157837,1134,15474,10229,21149,649,15367,35212,78836,2646,0,2225,3076,9804,14281,16629,39649,-43624,2646,-57484,-851,-4477,-14340,-10920,-14718,-23020,1
2022-11-27 02:00:00,108397,160105,1170,15221,10339,21175,622,15476,34316,76980,2746,0,2405,3045,9822,14392,16609,38948,-42664,2746,-51708,-640,-4570,-14051,-10836,-14854,-22339,1
2022-11-27 03:00:00,115410,160610,1162,15453,9897,21540,580,15578,34744,75664,2666,0,2723,3045,10085,14566,16426,38692,-40920,2666,-45200,-322,-4481,-14291,-11643,-14998,-22266,1
2022-11-27 04:00:00,118092,161906,994,15942,9469,22771,559,15982,36408,76076,2693,0,2948,3152,10520,14885,16615,39269,-39668,2693,-43814,-204,-4365,-14948,-13302,-15423,-22654,1
2022-11-27 05:00:00,117367,165350,839,16943,10114,23869,573,16284,36280,78604,2729,0,3061,3364,11181,15627,16523,40174,-42324,2729,-47983,-303,-4446,-16104,-13755,-15711,-23651,1
2022-11-27 06:00:00,115770,172202,1029,18008,11716,25684,730,17238,35452,81328,2726,0,3093,3600,11514,16196,16115,42489,-45876,2726,-56432,-507,-4682,-16979,-13968,-16508,-26374,1
2022-11-27 07:00:00,119713,185387,1575,19156,13626,27593,1090,18358,36820,84020,2640,0,3212,3791,11864,16609,15958,45296,-47200,2640,-65674,-579,-4745,-17581,-13967,-17268,-29338,1
2022-11-27 08:00:00,126025,195382,2106,20052,14169,27975,1576,19123,49920,90840,2628,0,3533,3900,11845,16973,14907,47867,-40920,2628,-69357,-367,-5128,-17946,-13806,-17547,-32960,1
2022-11-27 09:00:00,127509,203519,2403,20663,14860,28056,1835,19635,61060,94928,2542,0,3684,3934,11819,17265,14262,48491,-33868,2542,-76010,-250,-5446,-18260,-13196,-17800,-34229,1
2022-11-27 10:00:00,124098,209480,2445,21116,15289,28035,1816,19822,65164,96240,2580,0,3656,3929,11791,17519,13572,49320,-31076,2580,-85382,-273,-5728,-18671,-12746,-18006,-35748,1
2022-11-27 11:00:00,118036,206744,2195,20782,14119,26870,1699,19810,66976,96248,2884,0,3495,3930,11769,17574,12243,49788,-29272,2884,-88708,-435,-5805,-18587,-12751,-18111,-37545,1
2022-11-27 12:00:00,109015,200769,1856,20351,12255,26116,1565,19504,66092,98536,2988,0,3350,3921,11707,17641,11270,50060,-32444,2988,-91754,-571,-5934,-18495,-13861,-17939,-38790,1
2022-11-27 13:00:00,104067,198832,1237,20494,12033,26817,1165,19329,66716,98224,2992,0,3319,3997,11830,17930,9955,50367,-31508,2992,-94765,-678,-6100,-19257,-14784,-18164,-40412,1
2022-11-27 14:00:00,103643,200518,804,20936,10870,28012,1209,20130,61804,94172,2680,0,3588,4206,11884,18251,9536,51078,-32368,2680,-96875,-618,-6367,-20132,-17142,-18921,-41542,1
2022-11-27 15:00:00,113576,212666,778,21791,11048,30676,1412,20245,50724,93676,2934,0,3813,4493,12030,18297,9167,54024,-42952,2934,-99090,-680,-6267,-21013,-19628,-18833,-44857,1
2022-11-27 16:00:00,124844,222401,794,21653,10828,31868,1554,20240,39408,98012,2859,0,3864,4377,11824,17845,9010,56236,-58604,2859,-97557,-513,-6021,-20859,-21040,-18686,-47226,1
2022-11-27 17:00:00,128759,222582,797,21617,11577,32686,1436,20285,46124,106024,2640,0,3712,4119,11820,17554,8326,54567,-59900,2640,-93823,-407,-5734,-20820,-21109,-18849,-46241,1
2022-11-27 18:00:00,124613,216255,717,21456,10755,31659,1380,19891,48960,110628,2596,0,3703,3926,11802,17402,7776,53193,-61668,2596,-91642,-223,-5600,-20739,-20904,-18511,-45417,1
2022-11-27 19:00:00,119301,205377,637,20651,9002,29879,1309,19085,52556,111872,2488,0,3606,3794,11620,16881,6959,51148,-59316,2488,-86076,-188,-5261,-20014,-20877,-17776,-44189,1
2022-11-27 20:00:00,116018,200010,756,19568,7748,27472,1327,18322,53652,106748,2685,0,3700,3625,10947,16010,6024,48709,-53096,2685,-83992,75,-5063,-18812,-19724,-16995,-42685,1
2022-11-27 21:00:00,118848,197176,863,18593,6324,24837,1394,17317,51004,100728,2267,0,3892,3522,10366,15538,5870,45857,-49724,2267,-78328,370,-5172,-17730,-18513,-15923,-39987,1
2022-11-27 22:00:00,126568,188483,912,17449,6400,22797,1607,16416,50520,91988,1937,0,4007,3537,10431,14836,5772,43607,-41468,1937,-61915,470,-4405,-16537,-16397,-14809,-37835,1
2022-11-27 23:00:00,135486,181138,853,16531,6380,21612,1685,15929,52392,86584,1797,0,3747,3454,10349,14547,5664,41332,-34192,1797,-45652,293,-4198,-15678,-15232,-14244,-35668,1
2022-11-28 00:00:00,140445,176361,824,15939,6184,21117,1753,15819,58752,81908,1900,0,3805,3385,10326,14345,5343,40182,-23156,1900,-35916,420,-4019,-15115,-14933,-14066,-34839,1
2022-11-28 01:00:00,145828,176148,865,15505,5974,20947,1762,15826,70352,78820,1537,0,4324,3359,10282,14234,5192,39460,-8468,1537,-30320,965,-3952,-14640,-14973,-14064,-34268,1
2022-11-28 02:00:00,148841,179937,957,15515,5827,21317,1758,16224,73264,77788,1064,0,4536,3405,10256,14181,5026,39388,-4524,1064,-31096,1131,-3925,-14558,-15490,-14466,-34362,3
2022-11-28 03:00:00,151655,187415,998,16480,5345,23690,2085,17611,75028,78552,654,0,4864,3632,10853,14936,5008,39991,-3524,654,-35760,1232,-4083,-15482,-18345,-15526,-34983,3
2022-11-28 04:00:00,138014,206847,919,18764,4856,29800,2413,20792,75500,83576,317,0,4775,4202,12033,16615,4524,42366,-8076,317,-68833,573,-4582,-17845,-24944,-18379,-37842,3
2022-11-28 05:00:00,127391,240703,989,21918,6463,35741,2607,22917,78604,98052,159,0,5115,4797,12816,17911,4194,48254,-19448,159,-113312,318,-5095,-20929,-29278,-20310,-44060,3
2022-11-28 06:00:00,121304,264356,1242,23044,8916,39866,2910,23991,79048,114252,9,0,4999,5071,13251,18321,4052,55864,-35204,9,-143052,-72,-5070,-21802,-30950,-21081,-51812,1
2022-11-28 07:00:00,120635,272689,1837,23457,9369,40922,3471,24520,78852,119960,26,0,5245,5112,13352,18502,3713,59640,-41108,26,-152054,133,-5150,-21620,-31553,-21049,-55927,3
2022-11-28 08:00:00,116508,271551,2414,23362,10171,41116,3933,24655,92472,122128,62,0,5667,5109,13412,18620,2684,60302,-29656,62,-155043,558,-5208,-20948,-30945,-20722,-57618,3
2022-11-28 09:00:00,112875,274704,2830,23377,10199,40934,3821,24702,101556,121924,144,0,5588,5094,13347,18509,2058,59854,-20368,144,-161829,494,-5162,-20547,-30735,-20881,-57796,3
2022-11-28 10:00:00,108367,277023,2817,23592,9695,39139,3765,24803,114572,121024,182,0,5295,5055,13432,18545,1630,59560,-6452,182,-168656,240,-5113,-20775,-29444,-21038,-57930,3
2022-11-28 11:00:00,95333,274613,2702,23744,8161,39140,3404,24854,121048,121064,189,0,5344,4994,13438,18555,1147,59254,-16,189,-179280,350,-5117,-21042,-30979,-21450,-58107,3
2022-11-28 12:00:00,87164,270242,2313,23539,7292,40249,3111,24490,124160,121184,258,0,5191,4909,13465,18653,1075,59124,2976,258,-183078,282,-5188,-21226,-32957,-21379,-58049,0
2022-11-28 13:00:00,83451,267505,1541,23854,7385,41136,3290,24459,124772,120308,243,0,5280,4800,13504,18811,1065,59305,4464,243,-184054,480,-5307,-22313,-33751,-21169,-58240,0
2022-11-28 14:00:00,82822,266352,1088,24351,7462,42001,3748,25029,120080,118492,178,0,5042,4963,13620,18947,1065,60840,1588,178,-183530,79,-5327,-23263,-34539,-21281,-59775,0
2022-11-28 15:00:00,89209,271313,1050,25043,8173,42462,3949,24858,107568,118604,168,0,5187,5223,13703,19035,820,63758,-11036,168,-182104,-36,-5332,-23993,-34289,-20909,-62938,1
2022-11-28 16:00:00,96849,273529,1038,24668,7679,41200,4105,24565,82044,122512,115,0,4918,4957,13572,18805,854,65476,-40468,115,-176680,-39,-5233,-23630,-33521,-20460,-64622,1
2022-11-28 17:00:00,94849,268026,1046,24487,7504,40428,4084,24466,73092,128524,80,0,4886,4651,13309,18590,1127,62347,-55432,80,-173177,235,-5281,-23441,-32924,-20382,-61220,3
2022-11-28 18:00:00,81764,258473,1101,24067,6105,38230,4160,23767,72724,130748,91,0,4911,4397,13071,17908,1452,59864,-58024,91,-176709,514,-4837,-22966,-32125,-19607,-58412,3
2022-11-28 19:00:00,65142,243445,1044,23283,4530,35409,3725,22210,72396,131852,90,0,4569,4175,12695,17459,1577,57002,-59456,90,-178303,394,-4764,-22239,-30879,-18485,-55425,3
2022-11-28 20:00:00,61585,229924,1079,22131,4141,32093,3563,20746,67988,124276,64,0,4409,3960,12330,16598,1310,53691,-56288,64,-168339,449,-4268,-21052,-27952,-17183,-52381,3
2022-11-28 21:00:00,65157,213824,1086,21088,4349,29038,3493,19332,61196,112464,32,0,4289,3747,11699,15702,1026,50046,-51268,32,-148667,542,-4003,-20002,-24689,-15839,-49020,3
2022-11-28 22:00:00,73226,200664,977,20001,4869,26496,3309,18257,54412,101820,19,0,4120,3562,11218,15365,899,46616,-47408,19,-127438,558,-4147,-19024,-21627,-14948,-45717,3
2022-11-28 23:00:00,71509,191862,901,18772,5103,25013,3139,17710,52204,95756,43,0,4082,3431,10956,14964,871,44536,-43552,43,-120353,651,-4008,-17871,-19910,-14571,-43665,3
2022-11-29 00:00:00,72729,185476,955,17848,5389,24116,3115,17429,53080,90628,89,0,3888,3322,10731,14573,859,42917,-37548,89,-112747,566,-3842,-16893,-18727,-14314,-42058,3
2022-11-29 01:00:00,74251,184007,919,17380,5326,23998,3053,17602,51348,87632,103,0,3689,3280,10674,14454,871,42403,-36284,103,-109756,409,-3780,-16461,-18672,-14549,-41532,3
2022-11-29 02:00:00,73808,185872,956,17350,5263,24489,3083,17951,49972,86096,189,0,3454,3307,10653,14623,810,42179,-36124,189,-112064,147,-3970,-16394,-19226,-14868,-41369,1
2022-11-29 03:00:00,74017,192390,925,18180,5538,26204,3046,18844,52204,86636,128,0,3365,3541,11083,15369,585,42298,-34432,128,-118373,-176,-4286,-17255,-20666,-15798,-41713,1
2022-11-29 04:00:00,63199,208566,866,20171,4960,31656,3108,21668,52256,91064,11,0,3211,4134,12177,16974,607,44121,-38808,11,-145367,-923,-4797,-19305,-26696,-18560,-43514,1
2022-11-29 05:00:00,49169,238763,885,23110,6459,37198,3159,23672,50000,103720,3,0,3081,4600,13255,18244,776,49764,-53720,3,-189594,-1519,-4989,-22225,-30739,-20513,-48988,1
2022-11-29 06:00:00,51038,257055,1122,23997,9371,41708,3421,24606,53968,118556,4,0,2903,4785,13310,18419,892,56640,-64588,4,-206017,-1882,-5109,-22875,-32337,-21185,-55748,1
2022-11-29 07:00:00,54975,264441,1583,24246,11035,43537,3793,24952,59044,123924,7,0,2595,4810,13254,18328,987,60375,-64880,7,-209466,-2215,-5074,-22663,-32502,-21159,-59388,1
2022-11-29 08:00:00,53933,266833,2056,24160,10230,42818,3867,24912,69992,124640,19,0,2682,4864,13225,18405,1353,60539,-54648,19,-212900,-2182,-5180,-22104,-32588,-21045,-59186,1
2022-11-29 09:00:00,55141,269011,2466,24042,10733,42693,3622,25089,81112,123840,94,0,2570,4833,13207,18213,1553,58528,-42728,94,-213870,-2263,-5006,-21576,-31960,-21467,-56975,1
2022-11-29 10:00:00,58376,269986,2664,24003,9950,40999,3426,25111,86252,122924,166,0,2400,4779,13140,18184,1728,56946,-36672,166,-211610,-2379,-5044,-21339,-31049,-21685,-55218,1
2022-11-29 11:00:00,57122,268496,2451,24148,8735,40605,3130,25248,88176,122796,227,0,2366,4792,13159,18215,1791,55787,-34620,227,-211374,-2426,-5056,-21697,-31870,-22118,-53996,1
2022-11-29 12:00:00,52362,264438,2008,23990,8380,41726,2837,25167,88040,122724,363,0,2245,4740,13196,18262,2149,56420,-34684,363,-212076,-2495,-5066,-21982,-33346,-22330,-54271,1
2022-11-29 13:00:00,50476,261089,1214,24477,7573,41793,2480,25124,86816,121864,494,0,2279,4659,13274,18747,2602,57570,-35048,494,-210613,-2380,-5473,-23263,-34220,-22644,-54968,1
2022-11-29 14:00:00,50287,259851,810,24921,7829,42755,2734,25646,80180,120364,630,0,2254,4791,13319,18900,2258,59915,-40184,630,-209564,-2537,-5581,-24111,-34926,-22912,-57657,1
2022-11-29 15:00:00,58354,264443,760,25681,9148,43316,2595,25451,64536,120448,733,0,2245,4953,13227,18865,1616,62719,-55912,733,-206089,-2708,-5638,-24921,-34168,-22856,-61103,1
2022-11-29 16:00:00,66244,268333,765,25259,9101,42233,2286,25065,56720,124200,858,0,2355,4747,13227,18528,1094,64488,-67480,858,-202089,-2392,-5301,-24494,-33132,-22779,-63394,1
2022-11-29 17:00:00,67154,265018,792,25052,8716,41527,2205,24932,57732,129092,1064,0,2358,4470,13221,18194,880,61824,-71360,1064,-197864,-2112,-4973,-24260,-32811,-22727,-60944,1
2022-11-29 18:00:00,58458,255361,837,24584,7275,39359,2113,24302,58728,131588,1244,0,2259,4276,13038,17733,797,59398,-72860,1244,-196903,-2017,-4695,-23747,-32084,-22189,-58601,1
2022-11-29 19:00:00,45265,240435,793,23798,6652,36489,2053,22681,59012,132892,1590,0,1929,4090,12694,17093,689,56575,-73880,1590,-195170,-2161,-4399,-23005,-29837,-20628,-55886,1
2022-11-29 20:00:00,43163,227257,792,22607,6272,32958,1865,21183,55784,126060,1524,0,1890,3773,12208,16283,626,53756,-70276,1524,-184094,-1883,-4075,-21815,-26686,-19318,-53130,1
2022-11-29 21:00:00,43496,213166,773,21545,6297,29775,1694,19870,48400,114040,1668,0,1839,3638,11646,15564,563,50540,-65640,1668,-169670,-1799,-3918,-20772,-23478,-18176,-49977,1
2022-11-29 22:00:00,48963,198266,776,20330,6207,27367,1634,18740,43160,103504,1700,0,1852,3499,10577,14947,607,47408,-60344,1700,-149303,-1647,-4370,-19554,-21160,-17106,-46801,1
2022-11-29 23:00:00,54226,188257,756,19038,6483,25754,1562,18205,40668,97504,1777,0,1856,3416,10435,14607,547,44582,-56836,1777,-134031,-1560,-4172,-18282,-19271,-16643,-44035,1
2022-11-30 00:00:00,61524,183700,746,18176,7149,25068,1518,17883,38712,91864,1853,0,1823,3379,10302,14406,548,42600,-53152,1853,-122176,-1556,-4104,-17430,-17919,-16365,-42052,1
2022-11-30 01:00:00,62815,181723,744,17622,7252,24756,1456,17950,34268,88740,1832,0,1704,3355,10241,14432,506,41921,-54472,1832,-118908,-1651,-4191,-16878,-17504,-16494,-41415,1
2022-11-30 02:00:00,66777,185291,745,17534,7204,25214,1465,18307,31852,87564,1900,0,1592,3353,10243,14632,531,41854,-55712,1900,-118514,-1761,-4389,-16789,-18010,-16842,-41323,1
2022-11-30 03:00:00,66893,193590,746,18351,7297,27292,1480,19270,30896,88336,1898,0,1685,3548,10804,15414,710,42185,-57440,1898,-126697,-1863,-4610,-17605,-19995,-17790,-41475,1
2022-11-30 04:00:00,60118,208019,762,20217,7517,32606,1475,22104,30224,92408,1972,0,1770,4074,12185,17023,699,44372,-62184,1972,-147901,-2304,-4838,-19455,-25089,-20629,-43673,1
2022-11-30 05:00:00,47912,237451,786,23115,9029,38400,1642,24147,31648,105460,2003,0,1830,4602,12667,18241,688,49704,-73812,2003,-189539,-2772,-5574,-22329,-29371,-22505,-49016,1
2022-11-30 06:00:00,51650,255665,922,24005,11388,42409,1884,25126,30820,120960,1979,0,1927,4786,12787,18339,732,56612,-90140,1979,-204015,-2859,-5552,-23083,-31021,-23242,-55880,1
2022-11-30 07:00:00,61609,263852,1285,24303,12777,43826,2077,25706,33580,126164,2142,0,2007,4770,12851,18254,870,60531,-92584,2142,-202243,-2763,-5403,-23018,-31049,-23629,-59661,1
2022-11-30 08:00:00,56006,266292,1709,24238,13607,43464,2357,25820,41320,126872,2056,0,1953,4859,12710,18267,898,60097,-85552,2056,-210286,-2906,-5557,-22529,-29857,-23463,-59199,1
2022-11-30 09:00:00,58638,268603,2020,24258,14456,42844,2386,26127,48692,126188,2096,0,1825,4812,12689,18296,882,58063,-77496,2096,-209965,-2987,-5607,-22238,-28388,-23741,-57181,1
2022-11-30 10:00:00,61275,270853,2160,24395,14839,41229,2433,26189,48580,124720,2222,0,1747,4763,12534,18253,824,55830,-76140,2222,-209578,-3016,-5719,-22235,-26390,-23756,-55006,1
2022-11-30 11:00:00,56849,269166,1999,24449,14738,41489,2194,26194,49076,124724,1986,0,1736,4738,12514,18285,809,54137,-75648,1986,-212317,-3002,-5771,-22450,-26751,-24000,-53328,1
2022-11-30 12:00:00,53102,265630,1608,24206,14963,42395,1719,25742,47740,125340,1928,0,1812,4623,12454,18422,891,55056,-77600,1928,-212528,-2811,-5968,-22598,-27432,-24023,-54165,1
2022-11-30 13:00:00,53812,262979,1163,24507,13683,42363,1730,25658,48088,124120,1806,0,1851,4565,12629,19019,1125,57845,-76032,1806,-209167,-2714,-6390,-23344,-28680,-23928,-56720,1
2022-11-30 14:00:00,50684,262930,886,24888,12057,42760,2141,26094,44008,123080,1716,0,1923,4742,12644,18955,1034,60716,-79072,1716,-212246,-2819,-6311,-24002,-30703,-23953,-59682,1
2022-11-30 15:00:00,56927,266994,864,25432,13061,43286,2094,25710,36328,123052,1666,0,1978,4866,12729,19068,961,64082,-86724,1666,-210067,-2888,-6339,-24568,-30225,-23616,-63121,1
2022-11-30 16:00:00,65568,269022,890,24962,12838,42434,1925,25321,31732,127208,1732,0,2012,4748,12723,18727,1606,66096,-95476,1732,-203454,-2736,-6004,-24072,-29596,-23396,-64490,1
2022-11-30 17:00:00,62621,264852,871,24822,11940,41623,1893,25126,31868,131568,1880,0,2007,4475,12704,18357,1599,62941,-99700,1880,-202231,-2468,-5653,-23951,-29683,-23233,-61342,1
2022-11-30 18:00:00,53125,255942,854,24334,10112,39260,1720,24078,32392,133332,1520,0,2083,4184,12622,17897,1655,60578,-100940,1520,-202817,-2101,-5275,-23480,-29148,-22358,-58923,1
2022-11-30 19:00:00,51102,241281,843,23592,8931,36653,1448,22508,33172,134072,1407,0,2019,4063,12226,17235,1715,57679,-100900,1407,-190179,-2044,-5009,-22749,-27722,-21060,-55964,1
2022-11-30 20:00:00,51937,227801,796,22499,8284,32981,1300,21382,32876,126884,1588,0,1954,3865,11786,16432,1882,54727,-94008,1588,-175864,-1911,-4646,-21703,-24697,-20082,-52845,1
2022-11-30 21:00:00,55638,214385,815,21516,8441,29992,1198,20055,29252,114572,1546,0,1859,3750,10905,15849,2034,51362,-85320,1546,-158747,-1891,-4944,-20701,-21551,-18857,-49328,1
2022-11-30 22:00:00,61480,200649,823,20254,8355,27441,1088,18941,27784,104452,1629,0,1759,3586,10572,15239,2138,48197,-76668,1629,-139169,-1827,-4667,-19431,-19086,-17853,-46059,1
2022-11-30 23:00:00,59661,192728,804,19037,8718,25642,1014,18312,31728,99228,1622,0,1733,3482,10339,14854,2384,45064,-67500,1622,-133067,-1749,-4515,-18233,-16924,-17298,-42680,1
2022-12-01 00:00:00,62754,187850,814,18195,8623,24940,1021,18035,32912,93492,1406,0,1704,3408,10078,14626,2031,43044,-60580,1406,-125096,-1704,-4548,-17381,-16317,-17014,-41013,1
2022-12-01 01:00:00,63576,185176,793,17693,8238,24637,989,18051,32832,89640,1492,0,1791,3428,10049,14601,2303,42218,-56808,1492,-121600,-1637,-4552,-16900,-16399,-17062,-39915,1
2022-12-01 02:00:00,64910,187326,817,17671,7775,25040,951,18413,32892,88304,1408,0,1901,3434,10223,14722,2561,42260,-55412,1408,-122416,-1533,-4499,-16854,-17265,-17462,-39699,1
2022-12-01 03:00:00,65682,194173,825,18497,7580,26964,926,19289,36392,89080,1261,0,1911,3631,10516,15469,2268,42616,-52688,1261,-128491,-1720,-4953,-17672,-19384,-18363,-40348,1
2022-12-01 04:00:00,62153,211531,803,20517,7320,32445,920,21942,39104,93332,1348,0,1996,4146,12032,16936,2642,44903,-54228,1348,-149378,-2150,-4904,-19714,-25125,-21022,-42261,1
2022-12-01 05:00:00,47487,240839,795,23475,7891,38044,865,23929,38712,105756,616,0,2162,4626,12400,18147,2611,50382,-67044,616,-193352,-2464,-5747,-22680,-30153,-23064,-47771,1
2022-12-01 06:00:00,52179,259077,1185,24078,9598,41768,1032,25013,42760,120884,580,0,2226,4753,12619,18635,2527,57161,-78124,580,-206898,-2527,-6016,-22893,-32170,-23981,-54634,1
2022-12-01 07:00:00,55561,268221,2335,23562,10374,42223,1250,25481,49032,125736,1070,0,2116,4770,12647,18630,2231,60553,-76704,1070,-212660,-2654,-5983,-21227,-31849,-24231,-58322,1
2022-12-01 08:00:00,58576,270967,3691,22663,10766,41476,1344,25598,57768,127876,1080,0,2063,4831,12627,18709,2015,59429,-70108,1080,-212391,-2768,-6082,-18972,-30710,-24254,-57414,1
2022-12-01 09:00:00,60772,271355,4323,22379,11316,40863,1294,25972,65964,127896,794,0,2023,4786,12606,18876,1925,56369,-61932,794,-210583,-2763,-6270,-18056,-29547,-24678,-54444,1
2022-12-01 10:00:00,59963,272920,4589,22377,10297,38833,1250,26122,69744,126052,802,0,1977,4678,12517,18843,1611,53615,-56308,802,-212957,-2701,-6326,-17788,-28536,-24872,-52004,1
2022-12-01 11:00:00,59974,272549,4223,22549,9376,38739,1191,26155,72956,126100,848,0,1926,4704,12502,18743,1404,52311,-53144,848,-212575,-2778,-6241,-18326,-29363,-24964,-50907,1
2022-12-01 12:00:00,58316,269240,3090,22762,8197,40046,1100,25700,69804,125604,798,0,1696,4667,12464,18620,1337,53414,-55800,798,-210924,-2971,-6156,-19672,-31849,-24600,-52077,1
2022-12-01 13:00:00,57086,266468,1635,23720,7744,41039,1195,25742,70828,124212,776,0,1751,4615,12624,19064,1449,55632,-53384,776,-209382,-2864,-6440,-22085,-33295,-24547,-54183,1
2022-12-01 14:00:00,56668,265864,871,24616,8208,42205,1417,26069,73016,122988,858,0,1875,4728,12758,19196,1520,59435,-49972,858,-209196,-2853,-6438,-23745,-33997,-24652,-57915,1
2022-12-01 15:00:00,66164,270365,800,25549,8965,43256,1403,25734,64964,123432,1056,0,1986,4916,12840,19024,2340,63413,-58468,1056,-204201,-2930,-6184,-24749,-34291,-24331,-61073,1
2022-12-01 16:00:00,72386,273877,786,25186,8355,42286,1341,25362,58276,128196,1450,0,1996,4752,12806,18538,2696,65541,-69920,1450,-201491,-2756,-5732,-24400,-33931,-24021,-62845,1
2022-12-01 17:00:00,62924,270199,798,25088,7290,41363,1365,25131,61244,133380,1904,0,2030,4466,12808,18139,2366,62862,-72136,1904,-207275,-2436,-5331,-24290,-34073,-23766,-60496,1
2022-12-01 18:00:00,52242,261955,817,24641,6435,39294,1239,24489,63668,135560,2076,0,2053,4249,12429,17656,2270,60356,-71892,2076,-209713,-2196,-5227,-23824,-32859,-23250,-58086,1
2022-12-01 19:00:00,47399,245373,818,23878,5845,36506,960,22974,64660,135224,1956,0,2071,4070,12177,16977,2094,57857,-70564,1956,-197974,-1999,-4800,-23060,-30661,-22014,-55763,1
2022-12-01 20:00:00,46468,232612,825,22769,4168,32951,899,21522,60776,126296,1832,0,2074,3883,11738,16219,2396,54713,-65520,1832,-186144,-1809,-4481,-21944,-28783,-20623,-52317,1
2022-12-01 21:00:00,47324,221953,808,21868,3901,30006,889,20101,54908,115360,1738,0,2156,3717,11289,15559,1826,50756,-60452,1738,-174629,-1561,-4270,-21060,-26105,-19212,-48930,1
2022-12-01 22:00:00,52781,207513,805,20679,3432,27255,921,19108,46996,104072,1702,0,2245,3563,10678,15135,1911,47841,-57076,1702,-154732,-1318,-4457,-19874,-23823,-18187,-45930,1
2022-12-01 23:00:00,55102,197905,798,19333,3726,25679,927,18452,43780,98572,1656,0,2096,3507,10519,14800,1591,45215,-54792,1656,-142803,-1411,-4281,-18535,-21953,-17525,-43624,1
2022-12-02 00:00:00,63459,192393,769,18396,3744,24944,942,18189,44964,92800,1546,0,2102,3457,10657,14647,1773,43241,-47836,1546,-128934,-1355,-3990,-17627,-21200,-17247,-41468,1
2022-12-02 01:00:00,66540,190865,765,17800,3731,24860,989,18145,43704,89572,1308,0,2185,3389,10776,14536,1944,42005,-45868,1308,-124325,-1204,-3760,-17035,-21129,-17156,-40061,1
2022-12-02 02:00:00,68302,194114,786,17711,3774,25208,1029,18539,42676,88132,1095,0,2316,3387,10912,14759,2578,41432,-45456,1095,-125812,-1071,-3847,-16925,-21434,-17510,-38854,1
2022-12-02 03:00:00,70136,199757,768,18524,3594,26887,1113,19594,40512,88548,906,0,2313,3552,11530,15476,4033,41844,-48036,906,-129621,-1239,-3946,-17756,-23293,-18481,-37811,1
2022-12-02 04:00:00,65265,214387,754,20393,3837,31933,1220,22339,37268,93168,763,0,2453,4078,12579,17073,4924,44021,-55900,763,-149122,-1625,-4494,-19639,-28096,-21119,-39097,1
2022-12-02 05:00:00,64743,242678,759,23211,5475,37596,1571,24396,32716,106604,754,0,2572,4567,13326,18561,6255,49455,-73888,754,-177935,-1995,-5235,-22452,-32121,-22825,-43200,1
2022-12-02 06:00:00,78117,263419,841,24219,7905,41472,2047,25366,36376,122660,618,0,2591,4769,13393,18929,7067,56555,-86284,618,-185302,-2178,-5536,-23378,-33567,-23319,-49488,1
2022-12-02 07:00:00,94401,272287,1114,24691,8582,42301,2084,25888,37720,128284,498,0,2716,4765,13468,19034,7973,60759,-90564,498,-177886,-2049,-5566,-23577,-33719,-23804,-52786,1
2022-12-02 08:00:00,95718,273564,1384,24852,8328,42098,2023,26014,45152,130448,436,0,2914,4806,13497,19256,9183,61754,-85296,436,-177846,-1892,-5759,-23468,-33770,-23991,-52571,1
2022-12-02 09:00:00,95309,276657,1571,25030,9122,41830,2163,26352,53324,130448,434,0,3048,4763,13392,19075,11495,60890,-77124,434,-181348,-1715,-5683,-23459,-32708,-24189,-49395,1
2022-12-02 10:00:00,92378,278409,1556,25252,8840,39982,2028,26435,57120,128596,339,0,2960,4667,13313,18968,11984,60241,-71476,339,-186031,-1707,-5655,-23696,-31142,-24407,-48257,1
2022-12-02 11:00:00,89666,277832,1376,25254,8402,39899,1899,26537,55952,127788,258,0,2934,4593,13192,18709,10663,59607,-71836,258,-188166,-1659,-5517,-23878,-31497,-24638,-48944,1
2022-12-02 12:00:00,92431,272586,1152,24881,8193,41066,1581,26054,54876,126732,232,0,3094,4528,12988,18643,11434,60406,-71856,232,-180155,-1434,-5655,-23729,-32873,-24473,-48972,1
2022-12-02 13:00:00,92863,268198,942,24983,7876,41468,1442,26095,52644,124604,197,0,3347,4475,12884,18903,12903,61529,-71960,197,-175335,-1128,-6019,-24041,-33592,-24653,-48626,1
2022-12-02 14:00:00,93565,266600,808,25290,8170,42255,1814,26226,52188,123076,124,0,3375,4706,13031,19000,13337,62662,-70888,124,-173035,-1331,-5969,-24482,-34085,-24412,-49325,1
2022-12-02 15:00:00,98389,272160,807,25699,8974,42733,1736,25917,45392,123032,74,0,3570,4942,13429,19031,13684,64574,-77640,74,-173771,-1372,-5602,-24892,-33759,-24181,-50890,1
2022-12-02 16:00:00,100301,274846,832,24961,8409,41796,1637,25487,34808,126208,124,0,3253,4761,13375,18433,14364,65682,-91400,124,-174545,-1508,-5058,-24129,-33387,-23850,-51318,1
2022-12-02 17:00:00,98264,271228,855,24551,8041,41052,1372,25120,35512,130844,155,0,3222,4421,13137,17814,13569,62797,-95332,155,-172964,-1199,-4677,-23696,-33011,-23748,-49228,1
2022-12-02 18:00:00,95849,260501,855,24111,7253,38517,1266,24380,34956,131956,128,0,3519,4270,12353,17001,14849,59591,-97000,128,-164652,-751,-4648,-23256,-31264,-23114,-44742,1
2022-12-02 19:00:00,97841,246137,848,23339,5947,35630,1235,22898,35536,132024,90,0,3053,4059,11992,16527,14910,56939,-96488,90,-148296,-1006,-4535,-22491,-29683,-21663,-42029,1
2022-12-02 20:00:00,94946,231975,877,22401,5872,32344,1209,21417,33576,125632,95,0,3061,3917,11599,16093,14133,53707,-92056,95,-137029,-856,-4494,-21524,-26472,-20208,-39574,1
2022-12-02 21:00:00,93033,219678,885,21550,5653,29535,1140,20187,32000,114956,146,0,3373,3738,11132,15560,13597,50276,-82956,146,-126645,-365,-4428,-20665,-23882,-19047,-36679,1
2022-12-02 22:00:00,97023,206345,870,20372,5598,27169,1130,19011,28352,105596,123,0,3372,3527,10619,15428,13651,47569,-77244,123,-109322,-155,-4809,-19502,-21571,-17881,-33918,1
2022-12-02 23:00:00,100369,195138,854,19113,5465,25575,1107,18344,31136,99992,67,0,3468,3481,10398,15128,13591,44962,-68856,67,-94769,-13,-4730,-18259,-20110,-17237,-31371,1
2022-12-03 00:00:00,103960,189075,869,18189,5336,24622,1110,17872,30128,94360,40,0,3525,3369,10245,14715,13392,42597,-64232,40,-85115,156,-4470,-17320,-19286,-16762,-29205,3
2022-12-03 01:00:00,109035,186018,836,17517,5725,24117,1171,17758,34168,90088,54,0,3793,3360,10212,14577,13156,41337,-55920,54,-76983,433,-4365,-16681,-18392,-16587,-28181,3
2022-12-03 02:00:00,105921,184170,838,17288,5918,24013,1178,17946,32444,87416,34,0,3559,3395,10215,14510,13102,41017,-54972,34,-78249,164,-4295,-16450,-18095,-16768,-27915,3
2022-12-03 03:00:00,98573,184804,813,17606,5970,24889,1159,18181,30724,85940,68,0,3578,3415,10372,14572,12899,40857,-55216,68,-86231,163,-4200,-16793,-18919,-17022,-27958,3
2022-12-03 04:00:00,92711,187192,820,18157,5405,27388,1150,19094,29528,86492,181,0,3596,3458,10761,15112,13077,41358,-56964,181,-94481,138,-4351,-17337,-21983,-17944,-28281,1
2022-12-03 05:00:00,83922,192343,855,19494,6036,30302,1173,19931,26812,90068,151,0,3820,3729,11781,15793,12990,43774,-63256,151,-108421,91,-4012,-18639,-24266,-18758,-30784,1
2022-12-03 06:00:00,77900,204717,1074,20600,7583,32920,1239,21242,28060,95916,185,0,3686,3974,12253,16409,12816,47734,-67856,185,-126817,-288,-4156,-19526,-25337,-20003,-34918,1
2022-12-03 07:00:00,75442,217774,1911,21268,8494,34579,1750,22427,30640,102024,249,0,3784,4122,12722,16899,11461,51310,-71384,249,-142332,-338,-4177,-19357,-26085,-20677,-39849,1
2022-12-03 08:00:00,79384,228420,2862,21391,8685,34849,2206,22963,40852,109720,249,0,4069,4199,12958,17740,11026,53600,-68868,249,-149036,-130,-4782,-18529,-26164,-20757,-42574,1
2022-12-03 09:00:00,84497,235888,3674,21308,9027,34677,2083,23170,51592,113388,216,0,4216,4248,12908,18161,10230,54420,-61796,216,-151391,-32,-5253,-17634,-25650,-21087,-44190,1
2022-12-03 10:00:00,85946,239488,3905,21311,9063,33276,1927,23052,58752,112776,213,0,4131,4165,12793,18004,9581,54695,-54024,213,-153542,-34,-5211,-17406,-24213,-21125,-45114,1
2022-12-03 11:00:00,75963,236356,3517,21131,8484,31750,1645,22970,60636,112412,202,0,3846,4112,12765,17964,8624,54593,-51776,202,-160393,-266,-5199,-17614,-23266,-21325,-45969,1
2022-12-03 12:00:00,71324,231184,2455,21124,8643,31331,1254,22507,57960,113564,161,0,3694,4101,12894,17987,7842,54625,-55604,161,-159860,-407,-5093,-18669,-22688,-21253,-46783,1
2022-12-03 13:00:00,69752,226899,1440,21424,7720,31431,1218,22387,56192,111868,133,0,3914,4115,13027,18294,7428,55036,-55676,133,-157147,-201,-5267,-19984,-23711,-21169,-47608,1
2022-12-03 14:00:00,67161,227384,885,21990,8362,32594,1546,22805,50992,108800,133,0,4074,4289,13123,18652,8038,56029,-57808,133,-160223,-215,-5529,-21105,-24232,-21259,-47991,1
2022-12-03 15:00:00,68704,233292,874,22815,10258,34535,1423,22530,43416,107276,177,0,4049,4500,13182,18731,8581,57690,-63860,177,-164588,-451,-5549,-21941,-24277,-21107,-49109,1
2022-12-03 16:00:00,75372,237501,921,22295,10005,35045,1484,22216,36096,111360,248,0,4046,4357,13103,18411,9180,58660,-75264,248,-162129,-311,-5308,-21374,-25040,-20732,-49480,1
2022-12-03 17:00:00,73510,234980,978,22122,8994,35012,1553,21908,36020,116316,307,0,4255,4100,12940,17759,8992,57904,-80296,307,-161470,155,-4819,-21144,-26018,-20355,-48912,1
2022-12-03 18:00:00,71788,227301,957,21880,7825,33115,1442,21208,36716,118144,354,0,4337,3927,12800,17370,9082,55788,-81428,354,-155513,410,-4570,-20923,-25290,-19766,-46706,3
2022-12-03 19:00:00,71036,214690,938,21212,7487,30638,1400,20154,38324,119036,471,0,3885,3934,12311,16873,9646,53602,-80712,471,-143654,-49,-4562,-20274,-23151,-18754,-43956,1
2022-12-03 20:00:00,71576,205658,990,20241,7013,28462,1462,19116,37200,115332,644,0,3894,3732,12126,16478,9783,51283,-78132,644,-134082,162,-4352,-19251,-21449,-17654,-41500,1
2022-12-03 21:00:00,71619,197177,972,19251,6507,26180,1566,17759,35128,107296,701,0,4050,3573,11343,15872,9080,48805,-72168,701,-125558,477,-4529,-18279,-19673,-16193,-39725,1
2022-12-03 22:00:00,73832,185274,988,18153,6857,23947,1615,16682,32912,99144,644,0,4032,3502,10693,15472,8404,46100,-66232,644,-111442,530,-4779,-17165,-17090,-15067,-37696,1
2022-12-03 23:00:00,76928,177019,974,17097,6989,22447,1764,16075,28876,92656,666,0,3963,3371,10191,15244,7204,43619,-63780,666,-100091,592,-5053,-16123,-15458,-14311,-36415,1
2022-12-04 00:00:00,79393,170682,1052,16383,7272,21560,1912,15596,28668,86452,773,0,4126,3291,10021,15066,6643,41621,-57784,773,-91289,835,-5045,-15331,-14288,-13684,-34978,3
2022-12-04 01:00:00,89067,168357,1161,15819,6889,20831,1987,15481,25812,82176,824,0,4111,3321,9868,14993,6975,40867,-56364,824,-79290,790,-5125,-14658,-13942,-13494,-33892,1
2022-12-04 02:00:00,90671,168598,1117,15592,6132,20710,2151,15494,26892,79932,903,0,4022,3283,9873,15035,7446,40463,-53040,903,-77927,739,-5162,-14475,-14578,-13343,-33017,1
2022-12-04 03:00:00,91224,168947,1043,15867,6199,21075,2317,15737,26528,79248,926,0,3915,3289,9876,15143,7394,40381,-52720,926,-77723,626,-5267,-14824,-14876,-13420,-32987,1
2022-12-04 04:00:00,91604,167712,1069,16398,6521,22402,2411,16158,26084,79724,1065,0,3890,3382,10091,15381,8035,40737,-53640,1065,-76108,508,-5290,-15329,-15881,-13747,-32702,1
2022-12-04 05:00:00,86986,169694,1130,17483,6411,23802,2529,16455,24312,81824,1258,0,3897,3578,10636,15888,8010,41717,-57512,1258,-82708,319,-5252,-16353,-17391,-13926,-33707,1
2022-12-04 06:00:00,77099,177867,1393,18529,7669,25660,2991,17452,24596,84740,1180,0,3835,3892,11469,16511,8603,44120,-60144,1180,-100768,-57,-5042,-17136,-17991,-14461,-35517,1
2022-12-04 07:00:00,77437,191270,2401,19355,8864,27681,3455,18629,26220,88152,1215,0,3924,4046,11959,17132,9703,47400,-61932,1215,-113833,-122,-5173,-16954,-18817,-15174,-37697,1
2022-12-04 08:00:00,79008,205311,3508,19829,9235,28314,3591,19301,30244,96836,1252,0,4063,4123,12293,17631,10646,50557,-66592,1252,-126303,-60,-5338,-16321,-19079,-15710,-39911,1
2022-12-04 09:00:00,83158,215793,4309,19997,10048,28689,3488,19647,37288,102656,1364,0,4062,4195,12371,17821,9433,51747,-65368,1364,-132635,-133,-5450,-15688,-18641,-16159,-42314,1
2022-12-04 10:00:00,89341,225750,4047,20291,10605,29126,3466,19834,42216,104308,1432,0,4211,4165,12427,18175,8954,52787,-62092,1432,-136409,46,-5748,-16244,-18521,-16368,-43833,1
2022-12-04 11:00:00,84945,225558,3311,20168,10041,27986,3409,19926,48872,105188,1442,0,4194,4168,12504,18199,8674,54149,-56316,1442,-140613,26,-5695,-16857,-17945,-16517,-45475,1
2022-12-04 12:00:00,80857,219288,2333,20227,9347,28049,3095,19698,51048,107320,1332,0,4237,4173,12631,18225,9238,54328,-56272,1332,-138431,64,-5594,-17894,-18702,-16603,-45090,1
2022-12-04 13:00:00,79898,216881,1496,20554,7638,27926,3134,19854,50464,105636,1302,0,4514,4214,12666,18410,9710,54412,-55172,1302,-136983,300,-5744,-19058,-20288,-16720,-44702,1
2022-12-04 14:00:00,79488,217963,1057,21187,7409,28922,3280,19991,46120,101360,1236,0,4491,4501,13035,18829,10398,54857,-55240,1236,-138475,-10,-5794,-20130,-21513,-16711,-44459,1
2022-12-04 15:00:00,87169,225203,974,22016,8671,31151,3379,19785,37616,99960,1431,0,4345,4746,13091,18936,10956,57084,-62344,1431,-138034,-401,-5845,-21042,-22480,-16406,-46128,1
2022-12-04 16:00:00,91666,231680,976,21782,9585,31993,3501,20174,30524,103632,1788,0,4422,4572,12890,18671,10536,58900,-73108,1788,-140014,-150,-5781,-20806,-22408,-16673,-48364,1
2022-12-04 17:00:00,88317,230442,976,21834,8580,32299,3640,20261,35968,110568,1879,0,4251,4279,12690,18184,10325,57501,-74600,1879,-142125,-28,-5494,-20858,-23719,-16621,-47176,1
2022-12-04 18:00:00,88075,223178,1029,21612,8199,31443,3411,19778,38268,114132,1820,0,4281,4062,12686,17821,10645,55899,-75864,1820,-135103,219,-5135,-20583,-23244,-16367,-45254,1
2022-12-04 19:00:00,89419,213612,997,20894,5838,29702,3420,19004,39876,116888,1626,0,4379,3837,12636,17194,10219,53880,-77012,1626,-124193,542,-4558,-19897,-23864,-15584,-43661,1
2022-12-04 20:00:00,86897,210175,916,19856,5743,27543,3484,18313,38708,114184,1846,0,4456,3640,12302,16548,9974,51512,-75476,1846,-123278,816,-4246,-18940,-21800,-14829,-41538,1
2022-12-04 21:00:00,88461,205207,945,18830,4737,24879,3452,17214,33600,106204,1714,0,4647,3579,11839,16059,9929,48569,-72604,1714,-116746,1068,-4220,-17885,-20142,-13762,-38640,1
2022-12-04 22:00:00,95028,194791,991,17669,4908,22779,3392,16340,31072,97208,1356,0,4599,3554,10987,15581,9666,45562,-66136,1356,-99763,1045,-4594,-16678,-17871,-12948,-35896,1
2022-12-04 23:00:00,103136,185932,1096,16685,4270,21571,3454,15954,26868,90364,1411,0,4614,3504,10636,15284,9453,43142,-63496,1411,-82796,1110,-4648,-15589,-17301,-12500,-33689,1
2022-12-05 00:00:00,100197,180108,1164,16116,4219,20988,3478,15691,25824,84728,1478,0,4602,3422,10392,15088,10123,41637,-58904,1478,-79911,1180,-4696,-14952,-16769,-12213,-31514,1
2022-12-05 01:00:00,99179,180269,1206,15721,5431,20734,3478,15827,28584,81744,1294,0,4544,3370,10386,14970,10334,41134,-53160,1294,-81090,1174,-4584,-14515,-15303,-12349,-30800,1
2022-12-05 02:00:00,96900,182687,1081,15717,4627,21119,3361,16204,32476,80992,1181,0,4523,3458,10679,15303,10051,41040,-48516,1181,-85787,1065,-4624,-14636,-16492,-12843,-30989,1
2022-12-05 03:00:00,93757,190402,1189,16700,4897,23575,3289,17550,34228,81772,1182,0,3889,3728,11688,16150,9771,41344,-47544,1182,-96645,161,-4462,-15511,-18678,-14261,-31573,1
2022-12-05 04:00:00,83834,208017,1131,18977,5665,29873,3058,20834,35816,86600,1191,0,3694,4265,12829,17735,10453,44330,-50784,1191,-124183,-571,-4906,-17846,-24208,-17776,-33877,1
2022-12-05 05:00:00,76583,243341,1172,22306,7556,35874,2847,23133,35704,98952,1128,0,4064,4839,14056,19429,10656,50108,-63248,1128,-166758,-775,-5373,-21134,-28318,-20286,-39452,1
2022-12-05 06:00:00,76846,265105,1267,23331,10235,40113,2885,24373,36752,113240,1104,0,3675,5096,14269,19710,10404,56851,-76488,1104,-188259,-1421,-5441,-22064,-29878,-21488,-46447,1
2022-12-05 07:00:00,82018,273544,1646,23760,10899,41216,2856,24899,40904,121044,1128,0,3731,5094,14341,19773,10486,61673,-80140,1128,-191526,-1363,-5432,-22114,-30317,-22043,-51187,1
2022-12-05 08:00:00,80105,277409,2269,23721,11054,40593,2873,24819,47564,125460,1178,0,3756,5122,14378,20004,9180,63227,-77896,1178,-197304,-1366,-5626,-21452,-29539,-21946,-54047,1
2022-12-05 09:00:00,77981,279559,2458,23828,10898,40108,2774,25164,50256,126132,592,0,3701,5046,14543,20348,8779,63150,-75876,592,-201578,-1345,-5805,-21370,-29210,-22390,-54371,1
2022-12-05 10:00:00,79643,281160,2496,23925,11268,38506,2684,25396,52432,126196,684,0,3538,4918,14533,20392,8100,62842,-73764,684,-201517,-1380,-5859,-21429,-27238,-22712,-54742,1
2022-12-05 11:00:00,74117,279578,2269,24093,11133,39006,2217,25402,52804,126808,1380,0,3405,4939,14460,20209,7155,62197,-74004,1380,-205461,-1534,-5749,-21824,-27873,-23185,-55042,1
2022-12-05 12:00:00,72918,274733,1849,23912,9875,39811,1749,25087,53232,127716,1472,0,3232,4874,14448,20392,7034,62357,-74484,1472,-201815,-1642,-5944,-22063,-29936,-23338,-55323,1
2022-12-05 13:00:00,70993,270247,1378,24038,8277,40238,1635,25195,52216,126080,1474,0,3160,4810,14516,20648,6884,62177,-73864,1474,-199254,-1650,-6132,-22660,-31961,-23560,-55293,1
2022-12-05 14:00:00,72742,269149,1033,24435,7747,40982,1895,25674,50828,123408,1252,0,2997,4918,14416,20887,6482,62682,-72580,1252,-196407,-1921,-6471,-23402,-33235,-23779,-56200,1
2022-12-05 15:00:00,78299,272468,1035,24894,8538,41650,1783,25432,50060,123028,1246,0,2727,5096,14358,21239,6662,64656,-72968,1246,-194169,-2369,-6881,-23859,-33112,-23649,-57994,1
2022-12-05 16:00:00,82244,274246,915,24303,8830,40702,1355,25052,49832,125664,1210,0,2338,4857,14211,20601,6916,65673,-75832,1210,-192002,-2519,-6390,-23388,-31872,-23697,-58757,1
2022-12-05 17:00:00,77740,269979,868,24101,8311,40051,1264,24917,51500,127976,1180,0,2036,4542,14100,19979,6682,62719,-76476,1180,-192239,-2506,-5879,-23233,-31740,-23653,-56037,1
2022-12-05 18:00:00,65929,261632,833,23783,8118,38278,1143,24337,52536,128760,1127,0,1927,4243,14133,19560,6794,60075,-76224,1127,-195703,-2316,-5427,-22950,-30160,-23194,-53281,1
2022-12-05 19:00:00,58653,247417,793,23157,7437,35663,900,22719,51792,129356,1003,0,1745,3982,13923,18763,6011,57206,-77564,1003,-188764,-2237,-4840,-22364,-28226,-21819,-51195,1
2022-12-05 20:00:00,58254,234581,867,22061,6603,31748,863,21147,49220,123520,902,0,1666,3783,13924,18007,5718,54398,-74300,902,-176327,-2117,-4083,-21194,-25145,-20284,-48680,1
2022-12-05 21:00:00,58400,221449,1041,21038,6779,28713,824,19686,43396,112868,702,0,1748,3639,13766,17435,5538,50607,-69472,702,-163049,-1891,-3669,-19997,-21934,-18862,-45069,1
2022-12-05 22:00:00,62229,206888,1086,19777,6930,26614,794,18564,37028,102808,528,0,1849,3420,11109,16580,4825,47356,-65780,528,-144659,-1571,-5471,-18691,-19684,-17770,-42531,1
2022-12-05 23:00:00,75312,198676,952,18573,6655,25155,741,18004,31684,96292,490,0,1711,3450,10834,16376,4490,44342,-64608,490,-123364,-1739,-5542,-17621,-18500,-17263,-39852,1
2022-12-06 00:00:00,74075,191416,969,17773,6480,24396,735,17724,28684,90224,370,0,1567,3386,10926,16485,4913,42632,-61540,370,-117341,-1819,-5559,-16804,-17916,-16989,-37719,1
2022-12-06 01:00:00,70739,187936,893,17257,6377,24219,704,17793,26036,86488,272,0,1534,3305,11031,16612,4690,41915,-60452,272,-117197,-1771,-5581,-16364,-17842,-17089,-37225,1
2022-12-06 02:00:00,68736,189176,847,17222,6563,24647,699,18140,26792,84252,327,0,1526,3323,11140,16674,4964,41530,-57460,327,-120440,-1797,-5534,-16375,-18084,-17441,-36566,1
2022-12-06 03:00:00,60867,196007,911,18023,6230,26282,672,19143,25976,84112,305,0,1513,3526,11501,17314,3952,41828,-58136,305,-135140,-2013,-5813,-17112,-20052,-18471,-37876,1
2022-12-06 04:00:00,51087,211514,866,19877,6125,31788,750,21951,24504,85012,324,0,1574,4050,12034,18794,3851,44124,-60508,324,-160427,-2476,-6760,-19011,-25663,-21201,-40273,1
2022-12-06 05:00:00,46195,239734,815,22838,7012,37249,819,23971,23248,89508,372,0,1482,4632,12697,20117,4432,50117,-66260,372,-193539,-3150,-7420,-22023,-30237,-23152,-45685,1
2022-12-06 06:00:00,52095,259691,855,23662,9779,40851,860,24944,24932,94200,417,0,1545,4832,13037,20153,3254,57747,-69268,417,-207596,-3287,-7116,-22807,-31072,-24084,-54493,1
2022-12-06 07:00:00,51863,268462,1181,24038,11533,41875,1105,25306,24740,97828,274,0,1536,4856,13315,20201,3298,61202,-73088,274,-216599,-3320,-6886,-22857,-30342,-24201,-57904,1
2022-12-06 08:00:00,53782,271612,1651,23860,10721,40713,1350,25249,26308,105104,310,0,1543,4872,13269,20171,1989,59405,-78796,310,-217830,-3329,-6902,-22209,-29992,-23899,-57416,1
2022-12-06 09:00:00,57023,274328,2406,23561,11238,40242,1496,25553,30128,109628,317,0,1550,4767,13195,20249,1614,55145,-79500,317,-217305,-3217,-7054,-21155,-29004,-24057,-53531,1
2022-12-06 10:00:00,55320,276058,2896,23371,10507,37945,1223,25758,35124,111340,271,0,1535,4665,13095,20036,1679,52946,-76216,271,-220738,-3130,-6941,-20475,-27438,-24535,-51267,1
2022-12-06 11:00:00,53175,273567,3176,23509,9937,37900,1301,25876,39040,111904,218,0,1415,4690,12925,20015,2123,52743,-72864,218,-220392,-3275,-7090,-20333,-27963,-24575,-50620,1
2022-12-06 12:00:00,52089,269240,2822,23352,8685,39326,1294,25371,37376,114228,245,0,1387,4637,12857,19995,2585,54523,-76852,245,-217151,-3250,-7138,-20530,-30641,-24077,-51938,1
2022-12-06 13:00:00,53682,266392,1993,23704,8024,40201,1295,25391,37732,111804,329,0,1448,4609,13177,20394,3395,57014,-74072,329,-212710,-3161,-7217,-21711,-32177,-24096,-53619,1
2022-12-06 14:00:00,58417,265898,1087,24295,7474,41499,1196,25765,33844,107448,261,0,1358,4799,13386,20783,4214,60181,-73604,261,-207481,-3441,-7397,-23208,-34025,-24569,-55967,1
2022-12-06 15:00:00,70125,270745,940,25033,8935,42493,1071,25505,30716,105068,267,0,1636,4990,13455,21145,6613,63786,-74352,267,-200620,-3354,-7690,-24093,-33558,-24434,-57173,1
2022-12-06 16:00:00,76775,272974,869,24634,8053,41489,1121,25032,26416,106912,250,0,1599,4767,13287,20625,7358,65559,-80496,250,-196199,-3168,-7338,-23765,-33436,-23911,-58201,1
2022-12-06 17:00:00,72118,269193,882,24537,7626,40926,1247,24851,29028,111268,231,0,1619,4500,13205,20322,7415,62703,-82240,231,-197075,-2881,-7117,-23655,-33300,-23604,-55288,1
2022-12-06 18:00:00,73752,263160,877,24313,5968,38739,1321,24240,29612,116548,216,0,1562,4309,12978,19714,7591,60696,-86936,216,-189408,-2747,-6736,-23436,-32771,-22919,-53105,1
2022-12-06 19:00:00,77573,249141,931,23648,4707,35940,1400,22726,27352,118436,198,0,1444,4126,12790,18989,7825,57902,-91084,198,-171568,-2682,-6199,-22717,-31233,-21326,-50077,1
2022-12-06 20:00:00,82422,235644,979,22586,4287,32539,1408,21185,29840,115204,215,0,1309,3908,12584,18247,7760,54568,-85364,215,-153222,-2599,-5663,-21607,-28252,-19777,-46808,1
2022-12-06 21:00:00,85141,222849,910,21569,4113,29514,1495,19725,25412,107024,197,0,1344,3722,12214,17740,7811,50345,-81612,197,-137708,-2378,-5526,-20659,-25401,-18230,-42534,1
2022-12-06 22:00:00,91882,207479,873,20317,3702,26675,1662,18683,22984,97792,239,0,1561,3585,11570,17438,8098,47306,-74808,239,-115597,-2024,-5868,-19444,-22973,-17021,-39208,1
2022-12-06 23:00:00,102380,195244,827,19111,3610,25153,1799,18144,21648,91032,272,0,1803,3536,10782,16951,8988,44802,-69384,272,-92864,-1733,-6169,-18284,-21543,-16345,-35814,1
2022-12-07 00:00:00,116805,191029,771,18299,3543,24533,1998,17799,24488,86072,271,0,2007,3566,10568,16763,8814,42710,-61584,271,-74224,-1559,-6195,-17528,-20990,-15801,-33896,1
2022-12-07 01:00:00,121733,189694,786,17790,3498,24332,2296,17850,22012,83048,339,0,2249,3559,10458,16770,9318,41941,-61036,339,-67961,-1310,-6312,-17004,-20834,-15554,-32623,1
2022-12-07 02:00:00,122685,190680,806,17737,3707,24620,2309,18073,21704,81860,275,0,2454,3544,10419,16863,9352,41627,-60156,275,-67995,-1090,-6444,-16931,-20913,-15764,-32275,1
2022-12-07 03:00:00,123433,198281,797,18466,3478,26354,2510,19072,21720,82388,176,0,2608,3746,10903,17699,9506,42163,-60668,176,-74848,-1138,-6796,-17669,-22876,-16562,-32657,1
2022-12-07 04:00:00,118083,214624,808,20387,4264,31819,2754,21787,21980,86584,172,0,2888,4323,11439,19285,9306,44635,-64604,172,-96541,-1435,-7846,-19579,-27555,-19033,-35329,1
2022-12-07 05:00:00,114062,245627,767,23331,6063,37099,2853,23810,20572,98304,151,0,3008,4848,12335,21152,9367,50223,-77732,151,-131565,-1840,-8817,-22564,-31036,-20957,-40856,1
2022-12-07 06:00:00,111723,266704,898,24204,8368,40557,3172,24804,21160,112908,184,0,3008,4697,12407,21531,8729,57558,-91748,184,-154981,-1689,-9124,-23306,-32189,-21632,-48829,1
2022-12-07 07:00:00,115372,274194,1588,24204,10253,41289,3452,25221,21620,119412,183,0,3100,4597,12137,21418,8124,60730,-97792,183,-158822,-1497,-9281,-22616,-31036,-21769,-52606,1
2022-12-07 08:00:00,119452,276477,2546,23756,10215,40298,3845,25179,27232,122768,153,0,2949,4723,11872,21327,6864,59164,-95536,153,-157025,-1774,-9455,-21210,-30083,-21334,-52300,1
2022-12-07 09:00:00,121772,277474,3297,23377,9677,39446,4301,25459,32244,123148,71,0,2753,4735,11837,21317,7092,56002,-90904,71,-155702,-1982,-9480,-20080,-29769,-21158,-48910,1
2022-12-07 10:00:00,121475,278799,3647,23303,9480,37381,4448,25427,36796,122448,49,0,2508,4628,11741,21055,6101,54138,-85652,49,-157324,-2120,-9314,-19656,-27901,-20979,-48037,1
2022-12-07 11:00:00,117241,278742,3708,23353,8753,37660,4281,25419,37852,121964,59,0,2448,4647,11639,20738,6936,54096,-84112,59,-161501,-2199,-9099,-19645,-28907,-21138,-47160,1
2022-12-07 12:00:00,111046,273745,2909,23315,8573,39044,4184,25023,37220,122980,101,0,2356,4668,12019,20871,6106,55774,-85760,101,-162699,-2312,-8852,-20406,-30471,-20839,-49668,1
2022-12-07 13:00:00,100720,271304,1642,23992,7964,39817,4201,24955,37092,121840,51,0,2171,4698,12433,21349,6823,57683,-84748,51,-170584,-2527,-8916,-22350,-31853,-20754,-50860,1
2022-12-07 14:00:00,97955,270508,940,24710,6796,40887,4749,25343,32152,120052,86,0,2039,4944,12736,21668,6853,60590,-87900,86,-172553,-2905,-8932,-23770,-34091,-20594,-53737,1
2022-12-07 15:00:00,101872,276519,830,25512,8397,41959,5119,25291,32464,119488,311,0,1898,5154,12828,21980,6407,64326,-87024,311,-174647,-3256,-9152,-24682,-33562,-20172,-57919,1
2022-12-07 16:00:00,97826,279531,816,25142,7845,40942,5326,24923,29316,122892,364,0,1570,4969,12653,21541,6455,66191,-93576,364,-181705,-3399,-8888,-24326,-33097,-19597,-59736,1
2022-12-07 17:00:00,91495,274916,831,25035,6909,40008,4858,24621,30504,125608,355,0,1442,4671,12675,20985,6855,63902,-95104,355,-183421,-3229,-8310,-24204,-33099,-19763,-57047,1
2022-12-07 18:00:00,83790,267286,864,24660,5600,37869,4821,24045,32332,125616,438,0,1279,4411,12427,20564,7960,61329,-93284,438,-183496,-3132,-8137,-23796,-32269,-19224,-53369,1
2022-12-07 19:00:00,81520,251574,839,23923,4632,34984,4746,22625,34272,125800,409,0,1191,4254,11629,20119,8537,58566,-91528,409,-170054,-3063,-8490,-23084,-30352,-17879,-50029,1
2022-12-07 20:00:00,78740,236127,803,22834,4319,31649,4617,21130,34468,120212,497,0,1194,4047,11310,19553,8099,55335,-85744,497,-157387,-2853,-8243,-22031,-27330,-16513,-47236,1
2022-12-07 21:00:00,85026,222763,800,21835,4156,28680,4516,19837,35988,109908,298,0,1161,3906,10965,19016,7920,51536,-73920,298,-137737,-2745,-8051,-21035,-24524,-15321,-43616,1
2022-12-07 22:00:00,95852,209804,763,20643,4619,26261,4258,18642,34572,100696,299,0,1186,3777,10119,18241,8755,48159,-66124,299,-113952,-2591,-8122,-19880,-21642,-14384,-39404,1
2022-12-07 23:00:00,101106,200708,684,19402,4313,24729,4105,18190,38244,96120,219,0,1181,3721,9862,17722,7954,44679,-57876,219,-99602,-2540,-7860,-18718,-20416,-14085,-36725,1
2022-12-08 00:00:00,103550,193937,668,18577,4796,23714,3897,17952,40284,89016,168,0,1211,3712,9806,17654,8600,43227,-48732,168,-90387,-2501,-7848,-17909,-18918,-14055,-34627,1
2022-12-08 01:00:00,96364,191321,676,18038,4954,23026,3545,17882,41652,84876,205,0,1213,3668,9936,17629,9480,42476,-43224,205,-94957,-2455,-7693,-17362,-18072,-14337,-32996,1
2022-12-08 02:00:00,100251,194356,675,18026,5146,22691,3293,18288,46280,83196,164,0,1216,3630,10129,18108,9119,42100,-36916,164,-94105,-2414,-7979,-17351,-17545,-14995,-32981,1
2022-12-08 03:00:00,104211,200400,675,18796,4979,22958,2918,19202,48296,82400,198,0,1262,3832,10555,18809,8407,42376,-34104,198,-96189,-2570,-8254,-18121,-17979,-16284,-33969,1
2022-12-08 04:00:00,96568,215744,675,20620,5213,24019,2717,21914,48468,82416,221,0,1352,4397,11819,20814,7826,44641,-33948,221,-119176,-3045,-8995,-19945,-18806,-19197,-36815,1
2022-12-08 05:00:00,82548,245126,692,23537,7091,25715,2786,23922,49272,85364,135,0,1461,4943,12761,22370,6380,50283,-36092,135,-162578,-3482,-9609,-22845,-18624,-21136,-43903,1
2022-12-08 06:00:00,79500,265503,927,24393,9961,27645,2835,24586,50732,89328,156,0,1450,5147,12708,22264,6013,58171,-38596,156,-186003,-3697,-9556,-23466,-17684,-21751,-52158,1
2022-12-08 07:00:00,79946,268778,1525,24527,10940,29236,3493,24877,52420,92772,358,0,1494,5067,12782,22006,4997,61855,-40352,358,-188832,-3573,-9224,-23002,-18296,-21384,-56858,1
2022-12-08 08:00:00,79743,271027,2013,24381,10783,28763,3885,24684,54764,100252,390,0,1629,5004,12974,21807,3901,62309,-45488,390,-191284,-3375,-8833,-22368,-17980,-20799,-58408,1
2022-12-08 09:00:00,79835,273362,2359,24413,10881,28575,3567,24735,55448,106112,284,0,1826,4782,12989,21609,4539,60567,-50664,284,-193527,-2956,-8620,-22054,-17694,-21168,-56028,1
2022-12-08 10:00:00,80285,275810,2415,24475,10936,28766,3537,25060,60724,108728,332,0,1917,4654,13076,21409,4499,59892,-48004,332,-195525,-2737,-8333,-22060,-17830,-21523,-55393,1
2022-12-08 11:00:00,71818,274376,2150,24605,10735,28118,3234,25347,61512,110564,359,0,2067,4641,13110,21108,4934,58886,-49052,359,-202558,-2574,-7998,-22455,-17383,-22113,-53952,1
2022-12-08 12:00:00,63513,269230,1634,24661,10037,27741,2901,25024,62376,113896,362,0,2280,4629,13228,21269,5182,58339,-51520,362,-205717,-2349,-8041,-23027,-17704,-22123,-53157,1
2022-12-08 13:00:00,56908,267138,1039,24998,8077,27923,2640,25065,58976,111364,295,0,2527,4636,13365,21653,4953,59622,-52388,295,-210230,-2109,-8288,-23959,-19846,-22425,-54669,1
2022-12-08 14:00:00,53770,267117,729,25342,8217,29284,3088,25565,54944,106800,273,0,2895,4797,13499,21822,5065,62281,-51856,273,-213347,-1902,-8323,-24613,-21067,-22477,-57216,1
2022-12-08 15:00:00,57145,271745,745,25714,9409,31634,2923,25268,49288,104012,392,0,3241,5009,13454,21775,5555,65717,-54724,392,-214600,-1768,-8321,-24969,-22225,-22345,-60162,1
2022-12-08 16:00:00,66194,275900,728,25181,9550,32215,3065,24867,45780,106748,400,0,3103,4772,13546,21293,4038,67649,-60968,400,-209706,-1669,-7747,-24453,-22665,-21802,-63611,1
2022-12-08 17:00:00,65610,271995,742,24957,9079,32611,2990,24692,45968,111240,293,0,2883,4538,13510,20786,2969,64885,-65272,293,-206385,-1655,-7276,-24215,-23532,-21702,-61916,1
2022-12-08 18:00:00,57364,264252,776,24511,8022,31395,2695,24147,49380,112800,212,0,2669,4268,13465,20186,2926,62587,-63420,212,-206888,-1599,-6721,-23735,-23373,-21452,-59661,1
2022-12-08 19:00:00,42928,251030,765,23745,7168,29736,2514,22765,53212,115028,121,0,2569,4103,13254,19415,2674,59734,-61816,121,-208102,-1534,-6161,-22980,-22568,-20251,-57060,1
2022-12-08 20:00:00,36755,238078,731,22646,6592,27576,2129,21242,54664,112400,80,0,2571,3950,12991,18433,2329,56711,-57736,80,-201323,-1379,-5442,-21915,-20984,-19113,-54382,1
2022-12-08 21:00:00,38391,225823,702,21666,6638,25122,1699,19908,52268,105336,35,0,2415,3844,12796,17808,2405,52801,-53068,35,-187432,-1429,-5012,-20964,-18484,-18209,-50396,1
2022-12-08 22:00:00,49340,214001,691,20432,6625,22904,1452,18761,50800,96508,94,0,2259,3645,12776,17780,2344,49520,-45708,94,-164661,-1386,-5004,-19741,-16279,-17309,-47176,1
2022-12-08 23:00:00,61524,202831,615,19107,7089,21475,1187,18286,50952,89632,308,0,2010,3617,12340,17481,2257,46734,-38680,308,-141307,-1607,-5141,-18492,-14386,-17099,-44477,1
2022-12-09 00:00:00,64947,195866,608,18272,7733,20847,981,18172,51144,84168,295,0,1738,3601,12002,17286,2348,44993,-33024,295,-130919,-1863,-5284,-17664,-13114,-17191,-42645,1
2022-12-09 01:00:00,67883,193577,613,17765,8410,20558,841,18302,47760,80880,290,0,1596,3543,11966,17386,2488,43911,-33120,290,-125694,-1947,-5420,-17152,-12148,-17461,-41423,1
2022-12-09 02:00:00,67748,195091,631,17715,9176,20742,704,18601,46924,79216,278,0,1485,3544,11853,17348,2312,43671,-32292,278,-127343,-2059,-5495,-17084,-11566,-17897,-41359,1
2022-12-09 03:00:00,66158,202027,623,18472,8041,22230,640,19537,49172,79952,256,0,1469,3728,12567,18084,2200,43945,-30780,256,-135869,-2259,-5517,-17849,-14189,-18897,-41745,1
2022-12-09 04:00:00,61727,218317,641,20247,8349,26664,842,22302,48760,83324,354,0,1513,4224,13342,19565,1659,45813,-34564,354,-156590,-2711,-6223,-19606,-18315,-21460,-44154,1
2022-12-09 05:00:00,50983,244756,650,23109,9925,30931,1073,24300,46708,93384,359,0,1703,4730,13761,20908,1670,51372,-46676,359,-193773,-3027,-7147,-22459,-21006,-23227,-49702,1
2022-12-09 06:00:00,60215,264352,771,24199,11700,34295,1154,25156,42160,105068,462,0,1720,4920,13772,21106,1786,58344,-62908,462,-204137,-3200,-7334,-23428,-22595,-24002,-56558,1
2022-12-09 07:00:00,65335,272827,1079,24759,12731,36141,1473,25305,44380,111604,454,0,1863,4959,13791,21016,1574,62549,-67224,454,-207492,-3096,-7225,-23680,-23410,-23832,-60975,1
2022-12-09 08:00:00,68584,274471,1321,24959,13097,36686,1619,24936,47236,115952,500,0,1774,4998,13878,20959,1629,62574,-68716,500,-205887,-3224,-7081,-23638,-23589,-23317,-60945,1
2022-12-09 09:00:00,66959,275954,1537,25238,13054,36686,1782,25176,51328,118020,493,0,1719,4890,13741,20835,1540,59820,-66692,493,-208995,-3171,-7094,-23701,-23632,-23394,-58280,1
2022-12-09 10:00:00,67116,274978,1547,25377,13276,36092,1839,25343,52876,118488,595,0,1656,4741,13672,20813,1569,57882,-65612,595,-207862,-3085,-7141,-23830,-22816,-23504,-56313,1
2022-12-09 11:00:00,65176,272874,1276,25349,13082,35623,1574,25447,54476,118964,667,0,1589,4643,13689,20779,1612,57595,-64488,667,-207698,-3054,-7090,-24073,-22541,-23873,-55983,1
2022-12-09 12:00:00,58551,268141,994,24995,12586,35635,1064,25154,54824,120460,504,0,1683,4532,13734,20614,2682,59005,-65636,504,-209590,-2849,-6880,-24001,-23049,-24090,-56323,1
2022-12-09 13:00:00,52611,262413,1017,24989,12493,35630,1147,25353,52944,118968,422,0,1550,4531,13863,20735,1471,60012,-66024,422,-209802,-2981,-6872,-23972,-23137,-24206,-58541,1
2022-12-09 14:00:00,49490,261548,838,25264,11916,36496,1704,26012,48836,115948,327,0,1572,4693,14083,21121,993,61910,-67112,327,-212058,-3121,-7038,-24426,-24580,-24308,-60917,1
2022-12-09 15:00:00,59979,266565,699,25496,12465,37733,1747,25711,46244,114804,357,0,1702,4807,14020,20864,1213,65421,-68560,357,-206586,-3105,-6844,-24797,-25268,-23964,-64208,1
2022-12-09 16:00:00,72306,267457,776,24670,12544,37528,1473,25302,47632,117492,432,0,1701,4621,13972,20074,1694,67186,-69860,432,-195151,-2920,-6102,-23894,-24984,-23829,-65492,1
2022-12-09 17:00:00,64151,262030,766,24223,12761,37238,1311,25137,50904,120268,549,0,1908,4320,13982,19680,2371,63870,-69364,549,-197879,-2412,-5698,-23457,-24477,-23826,-61499,1
2022-12-09 18:00:00,55877,254404,679,23834,11269,35072,1040,24256,53752,121844,510,0,2001,4020,13813,19168,2740,60942,-68092,510,-198527,-2019,-5355,-23155,-23803,-23216,-58202,1
2022-12-09 19:00:00,49589,240304,612,23016,9884,32612,985,22745,56504,121756,543,0,2033,3855,13089,18563,2809,57235,-65252,543,-190715,-1822,-5474,-22404,-22728,-21760,-54426,1
2022-12-09 20:00:00,47090,228585,597,22019,9245,29724,1027,21346,55304,116108,400,0,1977,3728,12934,18063,3658,54227,-60804,400,-181495,-1751,-5129,-21422,-20479,-20319,-50569,1
2022-12-09 21:00:00,48314,216289,672,21182,8493,26784,1027,20071,56796,106552,334,0,1837,3599,12763,17558,3873,51580,-49756,334,-167975,-1762,-4795,-20510,-18291,-19044,-47707,1
2022-12-09 22:00:00,53614,204870,751,19945,8107,24604,904,18927,65504,99060,265,0,2004,3511,12495,16929,3036,49704,-33556,265,-151256,-1507,-4434,-19194,-16497,-18023,-46668,1
2022-12-09 23:00:00,60358,196092,864,18612,8103,23316,870,18209,73200,93736,279,0,1826,3415,12497,16912,2794,47032,-20536,279,-135734,-1589,-4415,-17748,-15213,-17339,-44238,1
2022-12-10 00:00:00,62249,190012,860,17703,7958,22258,897,17737,77820,88272,262,0,1901,3373,12457,17094,2528,44742,-10452,262,-127763,-1472,-4637,-16843,-14300,-16840,-42214,1
2022-12-10 01:00:00,65618,186603,842,17031,8156,21919,941,17701,78184,83692,263,0,2059,3304,12274,16885,2090,43627,-5508,263,-120985,-1245,-4611,-16189,-13763,-16760,-41537,1
2022-12-10 02:00:00,65867,184198,899,16737,8002,22078,951,17773,74884,81460,191,0,2132,3296,12237,16789,1936,43287,-6576,191,-118331,-1164,-4552,-15838,-14076,-16822,-41351,1
2022-12-10 03:00:00,64102,184209,850,16965,7629,23040,947,17884,73444,80440,210,0,2156,3313,12375,16942,2173,43212,-6996,210,-120107,-1157,-4567,-16115,-15411,-16937,-41039,1
2022-12-10 04:00:00,62719,184171,847,17516,7802,25558,976,18794,70336,81264,200,0,2197,3420,12720,17478,2189,43787,-10928,200,-121452,-1223,-4758,-16669,-17756,-17818,-41598,1
2022-12-10 05:00:00,55139,188214,892,18801,8193,28168,983,19745,65916,84680,217,0,2229,3644,12753,18109,1860,45605,-18764,217,-133075,-1415,-5356,-17909,-19975,-18762,-43745,1
2022-12-10 06:00:00,45412,200819,894,19883,9165,30513,1013,21051,59592,89428,190,0,2200,3879,12810,18365,1901,49260,-29836,190,-155407,-1679,-5555,-18989,-21348,-20038,-47359,1
2022-12-10 07:00:00,43345,216273,1091,20901,10041,32137,1133,22278,57304,94084,161,0,2139,4036,12940,18739,1921,53248,-36780,161,-172928,-1897,-5799,-19810,-22096,-21145,-51327,1
2022-12-10 08:00:00,46215,227079,1205,21654,10065,32537,1596,22768,63932,101832,157,0,2128,4106,13105,19307,2103,55715,-37900,157,-180864,-1978,-6202,-20449,-22472,-21172,-53612,1
2022-12-10 09:00:00,51270,232749,1270,22308,11074,32547,1689,23023,70996,105548,151,0,2106,4105,13022,19357,2023,56135,-34552,151,-181479,-1999,-6335,-21038,-21473,-21334,-54112,1
2022-12-10 10:00:00,52488,236415,1290,22881,10610,31724,1445,23032,72680,105476,195,0,2042,4080,12912,19255,2208,56197,-32796,195,-183927,-2038,-6343,-21591,-21114,-21587,-53989,1
2022-12-10 11:00:00,50549,233154,1164,22862,9908,30618,1288,22929,78312,106076,112,0,1963,4087,12868,19050,2097,56331,-27764,112,-182605,-2124,-6182,-21698,-20710,-21641,-54234,1
2022-12-10 12:00:00,47015,227493,1159,22344,9720,29934,1067,22506,81884,107012,102,0,1806,4087,12993,19126,1696,56173,-25128,102,-180478,-2281,-6133,-21185,-20214,-21439,-54477,1
2022-12-10 13:00:00,41997,224863,1062,22273,10715,30342,1057,22557,85188,105712,189,0,1765,4161,13185,19714,1787,56528,-20524,189,-182866,-2396,-6529,-21211,-19627,-21500,-54741,1
2022-12-10 14:00:00,39116,226404,1055,22566,11608,31494,1227,22891,78812,103000,217,0,1790,4378,13342,20001,1670,57442,-24188,217,-187288,-2588,-6659,-21511,-19886,-21664,-55772,1
2022-12-10 15:00:00,48123,233374,1047,22912,12006,33399,1258,22552,62036,102588,228,0,1823,4560,13298,19918,1377,59565,-40552,228,-185251,-2737,-6620,-21865,-21393,-21294,-58188,1
2022-12-10 16:00:00,57602,238205,1107,22335,12196,34085,1175,22302,55652,105572,321,0,1718,4437,13299,19719,1253,61054,-49920,321,-180603,-2719,-6420,-21228,-21889,-21127,-59801,1
2022-12-10 17:00:00,56075,237077,1219,22193,12679,34342,1113,22092,54376,110752,362,0,1750,4161,13208,19314,1493,59638,-56376,362,-181002,-2411,-6106,-20974,-21663,-20979,-58145,1
2022-12-10 18:00:00,46104,229483,1397,21916,11645,32489,866,21506,56032,112684,344,0,1710,3961,13023,18932,1298,57362,-56652,344,-183379,-2251,-5909,-20519,-20844,-20640,-56064,1
2022-12-10 19:00:00,43524,216944,1547,21215,11038,30269,865,20279,57468,113932,311,0,1770,3808,12816,18560,1293,55169,-56464,311,-173420,-2038,-5744,-19668,-19231,-19414,-53876,1
2022-12-10 20:00:00,41425,208121,1634,20303,10840,27949,888,19221,52292,110332,337,0,1759,3691,12721,18211,1784,52615,-58040,337,-166696,-1932,-5490,-18669,-17109,-18333,-50831,1
2022-12-10 21:00:00,41129,202353,1681,19444,9812,25596,852,18036,46844,103168,356,0,1740,3573,12556,17969,3140,50087,-56324,356,-161224,-1833,-5413,-17763,-15784,-17184,-46947,1
2022-12-10 22:00:00,44947,192337,1733,18334,8614,23674,855,17119,45324,95676,338,0,1771,3436,12393,17782,3702,47283,-50352,338,-147390,-1665,-5389,-16601,-15060,-16264,-43581,1
2022-12-10 23:00:00,45739,184188,1725,17304,8246,22207,912,16454,44304,89044,366,0,1726,3359,12234,17534,3110,44850,-44740,366,-138449,-1633,-5300,-15579,-13961,-15542,-41740,1
2022-12-11 00:00:00,51822,179445,1709,16642,7996,21248,1020,16096,43556,83784,386,0,1728,3312,12009,17449,2069,42921,-40228,386,-127623,-1584,-5440,-14933,-13252,-15076,-40852,1
2022-12-11 01:00:00,55710,176274,1704,16108,7910,20747,1087,15898,49076,79844,342,0,1688,3332,11889,17296,1312,41777,-30768,342,-120564,-1644,-5407,-14404,-12837,-14811,-40465,1
2022-12-11 02:00:00,60405,174221,1704,15938,7750,20742,1153,15924,50404,78116,410,0,1789,3315,11864,17281,1798,41467,-27712,410,-113816,-1526,-5417,-14234,-12992,-14771,-39669,1
2022-12-11 03:00:00,59906,173582,1521,16085,8104,21187,1200,16118,48940,77892,348,0,1914,3326,11756,17349,1834,41449,-28952,348,-113676,-1412,-5593,-14564,-13083,-14918,-39615,1
2022-12-11 04:00:00,61148,173621,1612,16645,8283,22584,1323,16738,44180,79028,360,0,1889,3424,11961,17938,1669,41571,-34848,360,-112473,-1535,-5977,-15033,-14301,-15415,-39902,1
2022-12-11 05:00:00,55521,174426,1612,17777,8280,23656,1412,17281,34444,81048,284,0,1924,3634,12031,18205,2309,42662,-46604,284,-118905,-1710,-6174,-16165,-15376,-15869,-40353,1
2022-12-11 06:00:00,45945,181560,1638,18905,9713,25435,1460,18298,28924,83576,255,0,1962,3903,12137,18950,2554,45033,-54652,255,-135615,-1941,-6813,-17267,-15722,-16838,-42479,1
2022-12-11 07:00:00,42889,194941,1906,20298,12172,27805,1628,19576,33556,85808,230,0,1903,4049,12276,19534,2906,48077,-52252,230,-152052,-2146,-7258,-18392,-15633,-17948,-45171,1
2022-12-11 08:00:00,46346,208685,2325,21316,14691,28947,2009,20401,40484,93700,247,0,1906,4101,12277,19976,2802,50535,-53216,247,-162339,-2195,-7699,-18991,-14256,-18392,-47733,1
2022-12-11 09:00:00,50477,220940,2773,21921,15018,28447,2071,20710,46720,100536,178,0,1978,4063,12163,20033,2900,51562,-53816,178,-170463,-2085,-7870,-19148,-13429,-18639,-48662,1
2022-12-11 10:00:00,51959,230561,2968,22289,15611,28994,2295,21015,49828,104224,82,0,1775,3976,12275,20072,3005,52052,-54396,82,-178602,-2201,-7797,-19321,-13383,-18720,-49047,1
2022-12-11 11:00:00,51190,228580,2662,21929,14002,27380,2502,21117,49912,106436,0,0,1674,4019,12348,20164,2970,52562,-56524,0,-177390,-2345,-7816,-19267,-13378,-18615,-49592,1
2022-12-11 12:00:00,47991,221361,2320,21557,12717,27160,2146,20836,47688,109604,115,0,1684,4127,12436,20035,2471,52912,-61916,115,-173370,-2443,-7599,-19237,-14443,-18690,-50441,1
2022-12-11 13:00:00,44384,217263,1934,21465,12763,27616,2212,20772,46992,108020,99,0,1661,4190,12704,20623,1935,53319,-61028,99,-172879,-2529,-7919,-19531,-14853,-18560,-51384,1
2022-12-11 14:00:00,41336,218402,1599,21840,13050,29071,2614,21332,43992,103328,63,0,1771,4370,12865,20911,1436,54618,-59336,63,-177066,-2599,-8046,-20241,-16021,-18718,-53182,1
2022-12-11 15:00:00,46255,225637,1535,22636,13079,31542,2848,21322,42852,100992,28,0,1987,4625,13044,21115,1436,57504,-58140,28,-179382,-2638,-8071,-21101,-18463,-18474,-56068,1
2022-12-11 16:00:00,56803,233399,1494,22432,13242,32431,2799,21247,41804,103896,12,0,2082,4557,13173,20905,1801,60236,-62092,12,-176596,-2475,-7732,-20938,-19189,-18448,-58435,1
2022-12-11 17:00:00,55661,232902,1430,22432,12668,32897,2796,21148,45136,109408,10,0,2277,4273,13160,20582,2006,58808,-64272,10,-177241,-1996,-7422,-21002,-20229,-18352,-56802,1
2022-12-11 18:00:00,52046,227825,1405,22272,11404,31790,2391,20645,48368,112504,26,0,2131,4077,13174,20132,2312,57023,-64136,26,-175779,-1946,-6958,-20867,-20386,-18254,-54711,1
2022-12-11 19:00:00,44697,220378,1312,21620,10115,30178,2451,19722,51060,115440,43,0,2155,3908,13189,19755,2528,55044,-64380,43,-175681,-1753,-6566,-20308,-20063,-17271,-52516,1
2022-12-11 20:00:00,43561,215720,1175,20662,8459,27963,2585,18881,52856,112404,76,0,2111,3779,13251,19216,2227,52652,-59548,76,-172159,-1668,-5965,-19487,-19504,-16296,-50425,1
2022-12-11 21:00:00,46810,210817,1068,19715,7238,25393,2584,17850,52716,104004,112,0,2075,3666,13193,18798,1845,49724,-51288,112,-164007,-1591,-5605,-18647,-18155,-15266,-47879,1
2022-12-11 22:00:00,53517,199788,879,18534,6455,23572,2864,17057,54504,94436,162,0,1958,3616,12771,18696,1511,46445,-39932,162,-146271,-1658,-5925,-17655,-17117,-14193,-44934,1
2022-12-11 23:00:00,56696,188950,775,17655,6240,22341,2688,16638,56480,87620,251,0,1985,3549,12753,18874,1429,44508,-31140,251,-132254,-1564,-6121,-16880,-16101,-13950,-43079,1
2022-12-12 00:00:00,66471,186715,783,17082,5784,21677,2912,16423,53132,83208,390,0,2073,3533,12709,18547,1334,43175,-30076,390,-120244,-1460,-5838,-16299,-15893,-13511,-41841,1
2022-12-12 01:00:00,66841,185886,895,16679,5435,21431,3252,16521,56548,80660,471,0,2130,3542,12709,18312,1496,42511,-24112,471,-119045,-1412,-5603,-15784,-15996,-13269,-41015,1
2022-12-12 02:00:00,68655,187605,807,16676,5417,21879,3584,16958,61892,79620,496,0,2082,3571,12768,18113,1582,42463,-17728,496,-118950,-1489,-5345,-15869,-16462,-13374,-40881,1
2022-12-12 03:00:00,68964,194442,879,17575,5364,24499,3900,18176,62808,80676,504,0,2116,3736,13087,18634,1542,43238,-17868,504,-125478,-1620,-5547,-16696,-19135,-14276,-41696,1
2022-12-12 04:00:00,58026,213185,931,19822,6165,30711,4137,21061,62032,86336,440,0,2128,4270,13723,20234,1420,45915,-24304,440,-155159,-2142,-6511,-18891,-24546,-16924,-44495,1
2022-12-12 05:00:00,51766,246692,879,23157,7664,36901,4332,23271,58104,101040,402,0,2213,4813,14565,21937,1403,51659,-42936,402,-194926,-2600,-7372,-22278,-29237,-18939,-50256,1
2022-12-12 06:00:00,57229,266028,872,24327,10651,41960,4441,24527,59224,118216,409,0,2352,5031,14589,22273,1248,59367,-58992,409,-208799,-2679,-7684,-23455,-31309,-20086,-58119,1
2022-12-12 07:00:00,64240,275764,1775,24460,12668,44210,4907,25315,65012,125324,450,0,2290,5051,14677,22326,1151,63748,-60312,450,-211524,-2761,-7649,-22685,-31542,-20408,-62597,1
2022-12-12 08:00:00,64713,277886,3311,23908,11574,42720,5062,25331,73360,129116,264,0,2205,5092,14694,22287,1455,62380,-55756,264,-213173,-2887,-7593,-20597,-31146,-20269,-60925,1
2022-12-12 09:00:00,72236,279115,4753,23501,12303,42140,5490,25675,80472,130672,252,0,2075,5040,14623,21904,1507,57926,-50200,252,-206879,-2965,-7281,-18748,-29837,-20185,-56419,1
2022-12-12 10:00:00,72458,279735,5039,23753,12375,40412,5922,25835,87544,131656,482,0,2136,4952,14656,21617,1638,53923,-44112,482,-207277,-2816,-6961,-18714,-28037,-19913,-52285,1
2022-12-12 11:00:00,67497,278464,4484,24159,11392,40363,6018,26030,97048,132496,486,0,2131,4961,14961,21744,1502,51826,-35448,486,-210967,-2830,-6783,-19675,-28971,-20012,-50324,1
2022-12-12 12:00:00,62520,275074,3219,24259,10534,41540,5734,25408,102840,132484,373,0,2263,4959,15089,21897,1718,53230,-29644,373,-212554,-2696,-6808,-21040,-31006,-19674,-51512,1
2022-12-12 13:00:00,59438,273504,2149,24771,9406,41836,5449,25331,104532,131908,235,0,2341,4922,15155,22211,1524,56349,-27376,235,-214066,-2581,-7056,-22622,-32430,-19882,-54825,1
2022-12-12 14:00:00,58812,272660,1246,25506,8950,42813,5477,25812,103740,130288,168,0,2486,5078,15173,22028,1505,61801,-26548,168,-213848,-2592,-6855,-24260,-33863,-20335,-60296,1
2022-12-12 15:00:00,68370,278480,1191,26296,9902,43788,5655,25528,97252,129128,215,0,2475,5300,15053,22046,1639,67228,-31876,215,-210110,-2825,-6993,-25105,-33886,-19873,-65589,1
2022-12-12 16:00:00,72222,282616,1171,25872,9218,42581,5574,25202,92028,131720,272,0,2421,5037,15101,21699,2251,69937,-39692,272,-210394,-2616,-6598,-24701,-33363,-19628,-67686,1
2022-12-12 17:00:00,65678,278364,1101,25670,7980,41774,5526,24913,94688,134752,310,0,2264,4686,15036,21006,2803,67244,-40064,310,-212686,-2422,-5970,-24569,-33794,-19387,-64441,1
2022-12-12 18:00:00,57125,269831,1146,25258,7069,39621,5454,24202,98544,135904,277,0,2147,4460,15016,20555,2581,64640,-37360,277,-212706,-2313,-5539,-24112,-32552,-18748,-62059,1
2022-12-12 19:00:00,51437,255451,1073,24464,5820,36884,5499,22651,97748,136092,344,0,2166,4246,14831,19982,2441,61605,-38344,344,-204014,-2080,-5151,-23391,-31064,-17152,-59164,1
2022-12-12 20:00:00,51686,245195,1013,23413,5100,33362,5441,21181,96188,128288,385,0,2188,4111,14649,19050,2215,58264,-32100,385,-193509,-1923,-4401,-22400,-28262,-15740,-56049,1
2022-12-12 21:00:00,57535,234719,964,22487,4853,30507,5519,19878,92648,115080,381,0,2248,3956,13991,18288,2226,54481,-22432,381,-177184,-1708,-4297,-21523,-25654,-14359,-52255,1
2022-12-12 22:00:00,62292,222444,906,21285,5110,27777,5449,18727,97512,104604,270,0,2259,3897,13511,17950,2459,51072,-7092,270,-160152,-1638,-4439,-20379,-22667,-13278,-48613,1
2022-12-12 23:00:00,69689,214286,850,20048,5260,26041,5225,18160,93628,98420,147,0,2190,3840,13471,17875,2450,48158,-4792,147,-144597,-1650,-4404,-19198,-20781,-12935,-45708,1
2022-12-13 00:00:00,75038,208696,857,19262,5432,25177,4848,17901,87856,92500,122,0,2124,3834,13338,17706,2405,46214,-4644,122,-133658,-1710,-4368,-18405,-19745,-13053,-43809,1
2022-12-13 01:00:00,78389,205698,770,18698,5667,24983,4728,18009,81920,89056,72,0,1991,3785,13405,17909,2040,45404,-7136,72,-127309,-1794,-4504,-17928,-19316,-13281,-43364,1
2022-12-13 02:00:00,80034,207500,722,18628,5730,25399,4486,18374,79548,88020,52,0,1867,3794,13844,18035,1909,45267,-8472,52,-127466,-1927,-4191,-17906,-19669,-13888,-43358,1
2022-12-13 03:00:00,80114,212604,589,19457,5647,27392,4329,19405,77452,88276,41,0,1801,3985,14172,18868,1607,45651,-10824,41,-132490,-2184,-4696,-18868,-21745,-15076,-44044,1
2022-12-13 04:00:00,69956,228019,570,21453,5819,32699,4243,22175,75316,92428,46,0,1639,4485,14846,20709,1609,47788,-17112,46,-158063,-2846,-5863,-20883,-26880,-17932,-46179,1
2022-12-13 05:00:00,55678,253439,514,24492,7997,39060,4204,24222,70172,105436,51,0,1489,5040,15378,21877,1796,53643,-35264,51,-197761,-3551,-6499,-23978,-31063,-20018,-51847,1
2022-12-13 06:00:00,71259,273356,751,25220,10041,43390,4143,25266,68588,119984,88,0,1416,5163,15407,21972,1812,61196,-51396,88,-202097,-3747,-6565,-24469,-33349,-21123,-59384,1
2022-12-13 07:00:00,82289,281867,2123,24730,10767,45198,4396,25962,67584,125912,97,0,1364,5233,15317,22120,1927,65142,-58328,97,-199578,-3869,-6803,-22607,-34431,-21566,-63215,1
2022-12-13 08:00:00,83314,283076,3947,23812,10546,45102,4641,26065,68892,128240,89,0,1591,5361,15282,22383,2187,63748,-59348,89,-199762,-3770,-7101,-19865,-34556,-21424,-61561,1
2022-12-13 09:00:00,82024,282192,5007,23263,11042,44854,4486,26330,71436,129412,144,0,1598,5313,15116,22340,3011,59291,-57976,144,-200168,-3715,-7224,-18256,-33812,-21844,-56280,1
2022-12-13 10:00:00,83427,279910,4988,23088,10412,42701,4234,26377,71876,130356,176,0,1490,5228,14839,22191,3168,56345,-58480,176,-196483,-3738,-7352,-18100,-32289,-22143,-53177,1
2022-12-13 11:00:00,80510,278162,4583,23339,9465,42288,3649,26465,73780,131656,181,0,1456,5096,14770,22163,2478,55434,-57876,181,-197652,-3640,-7393,-18756,-32823,-22816,-52956,1
2022-12-13 12:00:00,74010,274804,3340,23569,9703,43193,2904,26049,74644,131568,78,0,1483,5087,14767,22075,2156,57423,-56924,78,-200794,-3604,-7308,-20229,-33490,-23145,-55267,1
2022-12-13 13:00:00,69553,272341,1594,24578,10667,43692,2573,26044,71952,129680,202,0,1589,5028,14747,22574,2248,61369,-57728,202,-202788,-3439,-7827,-22984,-33025,-23471,-59121,1
2022-12-13 14:00:00,78955,272615,616,25630,10872,44246,2792,26604,67844,127112,628,0,1903,5210,14692,23032,2748,64996,-59268,628,-193660,-3307,-8340,-25014,-33374,-23812,-62248,1
2022-12-13 15:00:00,88078,279659,589,26628,11777,44470,2793,26275,66272,126232,821,0,2330,5376,14412,22933,3333,68390,-59960,821,-191581,-3046,-8521,-26039,-32693,-23482,-65057,1
2022-12-13 16:00:00,99609,285092,650,26213,10475,43086,2546,25912,66260,128504,997,0,2633,5243,13975,22099,3941,70480,-62244,997,-185483,-2610,-8124,-25563,-32611,-23366,-66539,1
2022-12-13 17:00:00,104582,282813,655,26104,9181,42210,2708,25768,70680,131316,1148,0,3393,4938,13880,21580,5359,67556,-60636,1148,-178231,-1545,-7700,-25449,-33029,-23060,-62197,1
2022-12-13 18:00:00,100029,274731,666,25755,7748,40127,2569,25203,77664,133324,1197,0,3665,4682,13703,20936,5501,65014,-55660,1197,-174702,-1017,-7233,-25089,-32379,-22634,-59513,1
2022-12-13 19:00:00,102426,260119,706,24901,6582,37268,2315,23740,81236,133748,1331,0,3664,4441,13050,20277,5437,61777,-52512,1331,-157693,-777,-7227,-24195,-30686,-21425,-56340,1
2022-12-13 20:00:00,104311,249941,745,23848,6156,33395,2242,22224,80460,125896,1317,0,4012,4214,12745,19469,5287,58385,-45436,1317,-145630,-202,-6724,-23103,-27239,-19982,-53098,1
2022-12-13 21:00:00,109055,237740,786,22847,5982,30361,2238,20859,77732,114700,1312,0,4145,4027,12296,18475,4742,54427,-36968,1312,-128685,118,-6179,-22061,-24379,-18621,-49685,1
2022-12-13 22:00:00,117754,227396,709,21675,6487,27804,2183,19810,81116,104500,1084,0,4044,3914,11444,17924,3838,50804,-23384,1084,-109642,130,-6480,-20966,-21317,-17627,-46966,1
2022-12-13 23:00:00,121653,217495,675,20383,6297,26079,2359,19243,87048,99036,900,0,4023,3788,11300,17687,3204,47823,-11988,900,-95842,235,-6387,-19708,-19782,-16884,-44619,1
2022-12-14 00:00:00,122653,210573,717,19518,6422,25442,2479,19104,89796,93380,850,0,3859,3717,11137,17525,2798,45691,-3584,850,-87920,142,-6388,-18801,-19020,-16625,-42893,1
2022-12-14 01:00:00,121407,207899,714,18905,6688,25222,2637,19162,85320,89916,824,0,3708,3630,11257,17552,2661,45051,-4596,824,-86492,78,-6295,-18191,-18534,-16525,-42390,1
2022-12-14 02:00:00,119054,209219,765,18798,6769,25532,2516,19612,83120,87988,700,0,3596,3630,11199,17670,2443,44895,-4868,700,-90165,-34,-6471,-18033,-18763,-17096,-42452,1
2022-12-14 03:00:00,110763,214058,879,19603,6572,27224,2598,20540,82864,88072,526,0,3528,3806,11593,18234,2015,45364,-5208,526,-103295,-278,-6641,-18724,-20652,-17942,-43349,1
2022-12-14 04:00:00,98608,227975,902,21623,5754,32682,2950,23254,84632,92172,575,0,3461,4345,12767,19934,1305,47721,-7540,575,-129367,-884,-7167,-20721,-26928,-20304,-46416,1
2022-12-14 05:00:00,82099,253544,975,24588,6862,38637,3146,25260,82420,104144,612,0,3144,4877,13691,21177,1089,53381,-21724,612,-171445,-1733,-7486,-23613,-31775,-22114,-52292,1
2022-12-14 06:00:00,80533,274764,1148,25551,9055,42849,3539,26273,78008,119060,689,0,2877,5002,13766,21446,1130,61023,-41052,689,-194231,-2125,-7680,-24403,-33794,-22734,-59893,1
2022-12-14 07:00:00,88096,284311,1485,25973,9642,44525,3894,26843,72488,124364,739,0,2726,4993,13792,21517,1207,65808,-51876,739,-196215,-2267,-7725,-24488,-34883,-22949,-64601,1
2022-12-14 08:00:00,91901,287957,1741,26068,9876,44570,3891,26824,69940,125340,685,0,2714,5045,13650,21253,1567,64655,-55400,685,-196056,-2331,-7603,-24327,-34694,-22933,-63088,1
2022-12-14 09:00:00,87547,289125,1831,26202,10243,44266,3835,26843,72772,125400,581,0,2701,5021,13569,21026,2059,58472,-52628,581,-201578,-2320,-7457,-24371,-34023,-23008,-56413,1
2022-12-14 10:00:00,80182,289169,1873,26272,10623,42424,3815,26627,73252,124640,574,0,2578,4982,13460,21249,2123,53953,-51388,574,-208987,-2404,-7789,-24399,-31801,-22812,-51830,1
2022-12-14 11:00:00,66406,285764,1766,26376,10345,41899,3393,26612,76464,125044,236,0,2308,5002,13378,21310,2141,51768,-48580,236,-219358,-2694,-7932,-24610,-31554,-23219,-49627,1
2022-12-14 12:00:00,64903,280687,1520,26025,11586,42766,3004,26215,73376,125076,177,0,2035,4882,13324,21321,2043,52933,-51700,177,-215784,-2847,-7997,-24505,-31180,-23211,-50890,1
2022-12-14 13:00:00,60172,277197,1189,26222,11603,42855,3226,26078,70392,124604,248,0,2041,4794,13281,21902,1625,56585,-54212,248,-217025,-2753,-8621,-25033,-31252,-22852,-54960,1
2022-12-14 14:00:00,59882,276539,1085,26506,11213,43224,3805,26570,66980,123004,217,0,2001,5048,13296,21854,1736,62996,-56024,217,-216657,-3047,-8558,-25421,-32011,-22765,-61260,1
2022-12-14 15:00:00,69833,282124,1087,26983,12040,43759,3546,26420,63000,122740,276,0,2178,5256,13516,22070,1921,68229,-59740,276,-212291,-3078,-8554,-25896,-31719,-22874,-66308,1
2022-12-14 16:00:00,77970,285389,858,26390,12030,42557,3276,26137,59360,125848,401,0,2160,5052,13267,21614,1620,70641,-66488,401,-207419,-2892,-8347,-25532,-30527,-22861,-69021,1
2022-12-14 17:00:00,75188,280922,822,26054,11145,41656,3059,25982,64424,129660,387,0,2155,4745,12861,21182,2023,67419,-65236,387,-205734,-2590,-8321,-25232,-30511,-22923,-65396,1
2022-12-14 18:00:00,63359,271790,737,25614,10131,39532,3058,25354,68264,131708,293,0,2021,4492,12498,20596,2746,65169,-63444,293,-208431,-2471,-8098,-24877,-29401,-22296,-62423,1
2022-12-14 19:00:00,60926,256725,628,24714,9089,36948,2517,23951,70516,131748,353,0,1769,4294,11964,20167,2538,61874,-61232,353,-195799,-2525,-8203,-24086,-27859,-21434,-59336,1
2022-12-14 20:00:00,64320,244789,589,23658,8333,33323,1949,22438,67316,124016,392,0,1671,4119,11609,19416,3627,58867,-56700,392,-180469,-2448,-7807,-23069,-24990,-20489,-55240,1
2022-12-14 21:00:00,71952,235270,522,22695,7676,30201,1546,21200,65056,112692,473,0,1606,3906,11335,18704,3929,55319,-47636,473,-163318,-2300,-7369,-22173,-22525,-19654,-51390,1
2022-12-14 22:00:00,88434,225657,532,21399,7417,27658,1204,20086,60392,102276,526,0,1588,3823,11543,18504,4574,51610,-41884,526,-137223,-2235,-6961,-20867,-20241,-18882,-47036,1
2022-12-14 23:00:00,93981,216624,559,20143,7019,26042,978,19577,60724,96796,559,0,1557,3765,11430,18277,3710,48182,-36072,559,-122643,-2208,-6847,-19584,-19023,-18599,-44472,1
2022-12-15 00:00:00,96204,209430,554,19290,7375,25243,859,19245,61968,91120,601,0,1447,3744,10889,17819,3250,45864,-29152,601,-113226,-2297,-6930,-18736,-17868,-18386,-42614,1
2022-12-15 01:00:00,96590,204819,513,18651,6965,24839,792,19307,62828,87600,621,0,1365,3739,11017,18082,3308,44853,-24772,621,-108229,-2374,-7065,-18138,-17874,-18515,-41545,1
2022-12-15 02:00:00,94052,205983,487,18581,6274,25112,809,19542,64180,86672,642,0,1261,3684,11143,18397,3762,44685,-22492,642,-111931,-2423,-7254,-18094,-18838,-18733,-40923,1
2022-12-15 03:00:00,95467,212369,450,19323,6240,27079,800,20337,61444,87368,635,0,1174,3944,11317,18996,3935,45043,-25924,635,-116902,-2770,-7679,-18873,-20839,-19537,-41108,1
2022-12-15 04:00:00,91043,227523,428,21165,6362,32570,957,23039,55292,91116,696,0,1251,4419,11877,20058,4598,47185,-35824,696,-136480,-3168,-8181,-20737,-26208,-22082,-42587,1
2022-12-15 05:00:00,79874,255472,429,24084,7454,38408,1305,25058,50352,103352,781,0,1459,4929,12364,21249,5394,53305,-53000,781,-175598,-3470,-8885,-23655,-30954,-23753,-47911,1
2022-12-15 06:00:00,84032,272880,491,25021,9497,42079,1551,26238,49860,118064,655,0,1514,5136,12445,21626,5684,61050,-68204,655,-188848,-3622,-9181,-24530,-32582,-24687,-55366,1
2022-12-15 07:00:00,97751,282087,741,25288,10502,43725,1849,26794,52664,123432,679,0,1425,5213,12459,22222,6029,64890,-70768,679,-184336,-3788,-9763,-24547,-33223,-24945,-58861,1
2022-12-15 08:00:00,98357,285592,1061,25332,10528,43275,2025,26628,55972,124704,521,0,1469,5244,12461,22281,5742,63207,-68732,521,-187235,-3775,-9820,-24271,-32747,-24603,-57465,1
2022-12-15 09:00:00,93438,285559,1274,25371,10972,43101,2052,26911,60928,124340,642,0,1488,5156,12405,22186,6227,58024,-63412,642,-192121,-3668,-9781,-24097,-32129,-24859,-51797,1
2022-12-15 10:00:00,87391,284570,1397,25516,10517,41169,1931,26869,64200,123328,512,0,1471,5029,13355,22841,5646,54332,-59128,512,-197179,-3558,-9486,-24119,-30652,-24938,-48686,1
2022-12-15 11:00:00,77450,282588,1240,25568,10471,41566,1767,26850,70256,123880,238,0,1423,5008,13333,22450,5521,52283,-53624,238,-205138,-3585,-9117,-24328,-31095,-25083,-46762,1
2022-12-15 12:00:00,71619,276852,966,25343,10871,43082,1629,26410,76852,122672,0,0,1350,4992,13559,22291,5552,53521,-45820,0,-205233,-3642,-8732,-24377,-32211,-24781,-47969,1
2022-12-15 13:00:00,68421,273244,631,25531,10213,43273,1707,26413,80052,121208,0,0,1260,4956,13749,22902,4808,56432,-41156,0,-204823,-3696,-9153,-24900,-33060,-24706,-51624,1
2022-12-15 14:00:00,67072,272189,462,25849,11062,43834,1913,26942,74736,120044,0,0,1210,5176,14070,23335,4666,61440,-45308,0,-205117,-3966,-9265,-25387,-32772,-25029,-56774,1
2022-12-15 15:00:00,74616,278488,449,26146,12099,43856,1839,26731,62348,120016,0,0,1166,5435,14221,23364,4340,66232,-57668,0,-203872,-4269,-9143,-25697,-31757,-24892,-61892,1
2022-12-15 16:00:00,83421,281724,472,25549,12131,42636,1783,26492,54744,124056,132,0,857,5240,13923,22809,4457,68595,-69312,132,-198303,-4383,-8886,-25077,-30505,-24709,-64138,1
2022-12-15 17:00:00,87216,278078,460,25248,11447,41416,1742,26176,59348,127584,199,0,1035,4963,13939,22812,5516,66496,-68236,199,-190862,-3928,-8873,-24788,-29969,-24434,-60980,1
2022-12-15 18:00:00,86762,269266,457,24813,11660,39400,1481,25611,62080,129132,130,0,1212,4747,13860,22614,5762,64276,-67052,130,-182504,-3535,-8754,-24356,-27740,-24130,-58514,1
2022-12-15 19:00:00,84710,254892,463,24019,11846,36583,1178,24030,63488,130132,123,0,1124,4572,13479,22027,6408,60973,-66644,123,-170182,-3448,-8548,-23556,-24737,-22852,-54565,1
2022-12-15 20:00:00,77740,246184,482,23131,10950,33150,858,22433,59876,124064,110,0,1040,4374,13276,20928,9412,57542,-64188,110,-168444,-3334,-7652,-22649,-22200,-21575,-48130,1
2022-12-15 21:00:00,76130,234024,555,22222,10196,30051,755,21116,55096,112804,70,0,947,4177,13156,20296,9396,53568,-57708,70,-157894,-3230,-7140,-21667,-19855,-20361,-44172,1
2022-12-15 22:00:00,81636,222986,595,20972,9663,27262,696,19878,50532,102700,189,0,1006,4121,13054,20396,10215,50134,-52168,189,-141350,-3115,-7342,-20377,-17599,-19182,-39919,1
2022-12-15 23:00:00,88162,215345,586,19798,10313,25760,674,19250,49172,97456,610,0,1077,4087,12959,19957,11720,47317,-48284,610,-127183,-3010,-6998,-19212,-15447,-18576,-35597,1
2022-12-16 00:00:00,88709,209933,620,18892,9951,24819,780,19010,44672,91844,849,0,1061,4064,12743,19552,10787,45203,-47172,849,-121224,-3003,-6809,-18272,-14868,-18230,-34416,1
2022-12-16 01:00:00,91319,206217,804,18227,9325,24378,900,18984,45152,88496,1114,0,1045,4024,12638,19662,9290,44028,-43344,1114,-114898,-2979,-7024,-17423,-15053,-18084,-34738,1
2022-12-16 02:00:00,90355,205816,727,18078,9234,24423,993,19302,45072,86724,1458,0,1053,4021,12619,20015,8038,43541,-41652,1458,-115461,-2968,-7396,-17351,-15189,-18309,-35503,1
2022-12-16 03:00:00,83437,211089,593,18672,9070,26049,1037,20231,45292,87484,1740,0,1212,4216,12860,20948,6863,43806,-42192,1740,-127652,-3004,-8088,-18079,-16979,-19194,-36943,1
2022-12-16 04:00:00,73249,223188,548,20353,8895,31206,1020,22985,46296,91584,1988,0,1397,4733,13450,22407,5807,45974,-45288,1988,-149939,-3336,-8957,-19805,-22311,-21965,-40167,1
2022-12-16 05:00:00,58761,247720,571,22965,10029,37144,1383,25113,47500,104172,2349,0,1475,5295,13796,23632,4137,51379,-56672,2349,-188959,-3820,-9836,-22394,-27115,-23730,-47242,1
2022-12-16 06:00:00,65769,267582,628,23923,12419,40780,1596,26186,52548,120084,2353,0,1526,5428,13945,24187,3780,58904,-67536,2353,-201813,-3902,-10242,-23295,-28361,-24590,-55124,1
2022-12-16 07:00:00,79413,276718,838,24307,13161,41970,1595,26731,55104,126024,2448,0,1556,5443,14020,24250,2736,63588,-70920,2448,-197305,-3887,-10230,-23469,-28809,-25136,-60852,1
2022-12-16 08:00:00,83151,279918,1390,24144,12921,41842,1554,26927,58416,126808,2514,0,1641,5454,13987,23658,2633,63551,-68392,2514,-196767,-3813,-9671,-22754,-28921,-25373,-60918,1
2022-12-16 09:00:00,78368,279760,1918,24140,13217,41763,1779,27211,62136,126232,2716,0,1674,5371,14068,22926,2171,60671,-64096,2716,-201392,-3697,-8858,-22222,-28546,-25432,-58500,1
2022-12-16 10:00:00,64744,277979,1907,24302,12905,39552,1821,27159,62864,125728,2696,0,1685,5160,14031,22214,1506,58331,-62864,2696,-213235,-3475,-8183,-22395,-26647,-25338,-56825,1
2022-12-16 11:00:00,52762,274421,1756,24419,12099,38985,1808,26873,63996,125508,2760,0,1642,4961,14157,22015,982,57065,-61512,2760,-221659,-3319,-7858,-22663,-26886,-25065,-56083,1
2022-12-16 12:00:00,46186,267968,1315,24049,11369,39758,1609,26338,64692,124420,2632,0,1722,4859,14217,22228,654,57645,-59728,2632,-221782,-3137,-8011,-22734,-28389,-24729,-56991,1
2022-12-16 13:00:00,41608,263828,970,24192,10408,39928,1501,26161,63052,121976,2602,0,1834,4832,14348,22840,618,59384,-58924,2602,-222220,-2998,-8492,-23222,-29520,-24660,-58766,1
2022-12-16 14:00:00,40303,263364,694,24558,10347,40530,1540,26582,61396,119548,2336,0,2144,5061,14311,23209,453,62448,-58152,2336,-223061,-2917,-8898,-23864,-30183,-25042,-61995,1
2022-12-16 15:00:00,50260,269992,726,24923,10902,40957,1370,26263,57156,119648,2172,0,2442,5311,14348,23148,380,65794,-62492,2172,-219732,-2869,-8800,-24197,-30055,-24893,-65414,1
2022-12-16 16:00:00,56446,272372,757,24243,10508,40015,1097,25897,54960,122972,2216,0,2528,5192,14205,22209,351,67660,-68012,2216,-215926,-2664,-8004,-23486,-29507,-24800,-67309,1
2022-12-16 17:00:00,48179,267140,812,23828,9748,39189,1023,25668,58336,127148,1967,0,2648,4918,14270,21787,365,64756,-68812,1967,-218961,-2270,-7517,-23016,-29441,-24645,-64391,1
2022-12-16 18:00:00,43804,258097,837,23364,9609,36966,920,24980,60976,127992,1794,0,2849,4726,14330,21220,482,62124,-67016,1794,-214293,-1877,-6890,-22527,-27357,-24060,-61642,1
2022-12-16 19:00:00,36808,244054,893,22678,9689,34372,791,23596,60676,127428,1598,0,2946,4606,13654,20501,636,59341,-66752,1598,-207246,-1660,-6847,-21785,-24683,-22805,-58705,1
2022-12-16 20:00:00,36002,233623,923,21902,9498,31106,735,22182,57692,121488,1536,0,3052,4450,13519,19995,1110,56367,-63796,1536,-197621,-1398,-6476,-20979,-21608,-21447,-55257,1
2022-12-16 21:00:00,35985,225310,916,21119,9512,28438,682,20918,52108,111212,1514,0,2956,4293,13612,19775,1974,53306,-59104,1514,-189325,-1337,-6163,-20203,-18926,-20236,-51332,1
2022-12-16 22:00:00,38160,214840,967,20010,9994,26001,729,19819,49268,102808,1427,0,3023,4124,13341,19314,2580,50425,-53540,1427,-176680,-1101,-5973,-19043,-16007,-19090,-47845,1
2022-12-16 23:00:00,41561,205729,1049,18755,9213,24292,609,19092,40044,97232,1392,0,3137,4005,13672,19025,3010,47813,-57188,1392,-164168,-868,-5353,-17706,-15079,-18483,-44803,1
2022-12-17 00:00:00,48045,198566,1153,17897,8906,23396,524,18703,35376,90684,1256,0,3116,3958,13890,18610,3444,45868,-55308,1256,-150521,-842,-4720,-16744,-14490,-18179,-42424,1
2022-12-17 01:00:00,51190,193227,1184,17265,8807,22825,568,18674,30904,86292,971,0,3151,3934,14031,18014,3851,44522,-55388,971,-142037,-783,-3983,-16081,-14018,-18106,-40671,1
2022-12-17 02:00:00,58020,193102,1418,16994,8090,22778,570,18818,28124,84064,834,0,3241,3914,14093,17869,4959,43979,-55940,834,-135082,-673,-3776,-15576,-14688,-18248,-39020,1
2022-12-17 03:00:00,65345,194659,1398,17342,7144,23540,544,19057,27020,82856,914,0,3554,3939,14509,17875,5661,43858,-55836,914,-129314,-385,-3366,-15944,-16396,-18513,-38197,1
2022-12-17 04:00:00,65626,195510,1364,18019,6828,26150,527,19991,26780,82688,860,0,3753,4003,15235,18422,6398,44558,-55908,860,-129884,-250,-3187,-16655,-19322,-19464,-38160,1
2022-12-17 05:00:00,62188,200657,1441,19373,6493,29118,585,20923,27176,86260,868,0,3915,4272,15511,19063,7249,46695,-59084,868,-138469,-357,-3552,-17932,-22625,-20338,-39446,1
2022-12-17 06:00:00,57235,212686,1521,20573,7426,31461,686,22179,35084,91944,902,0,3987,4536,15670,19862,8090,50143,-56860,902,-155451,-549,-4192,-19052,-24035,-21493,-42053,1
2022-12-17 07:00:00,60961,226966,1995,21621,10610,33441,1100,23334,37516,97340,667,0,4190,4680,15676,20443,8121,54188,-59824,667,-166005,-490,-4767,-19626,-22831,-22234,-46067,1
2022-12-17 08:00:00,68535,238674,2825,22105,12603,32986,1777,23986,39820,104760,706,0,4267,4754,15605,20858,8623,56288,-64940,706,-170139,-487,-5253,-19280,-20383,-22209,-47665,1
2022-12-17 09:00:00,72044,243446,3502,22205,11349,31910,2197,24208,47308,107976,828,0,4429,4721,15438,20789,9040,54881,-60668,828,-171402,-292,-5351,-18703,-20561,-22011,-45841,1
2022-12-17 10:00:00,74765,246355,3722,22416,10201,30656,1617,24136,50388,107288,794,0,4640,4694,15165,20360,8665,53116,-56900,794,-171590,-54,-5195,-18694,-20455,-22519,-44451,1
2022-12-17 11:00:00,75294,242506,3335,22344,9928,29782,1251,24058,54224,107168,885,0,4672,4647,15196,20181,8384,51793,-52944,885,-167212,25,-4985,-19009,-19854,-22807,-43409,1
2022-12-17 12:00:00,71046,235692,2588,22318,8450,29274,1084,23548,56420,107880,968,0,4657,4639,15075,19913,8467,51723,-51460,968,-164646,18,-4838,-19730,-20824,-22464,-43256,1
2022-12-17 13:00:00,67993,233710,2084,22317,7049,29335,1165,23458,56948,105328,820,0,4818,4702,15134,20129,8445,53656,-48380,820,-165717,116,-4995,-20233,-22286,-22293,-45211,1
2022-12-17 14:00:00,65330,234834,1603,22795,7115,30845,1424,23983,53744,102052,628,0,4922,4899,15128,20120,7883,56647,-48308,628,-169504,23,-4992,-21192,-23730,-22559,-48764,1
2022-12-17 15:00:00,73043,243029,1385,23544,8340,33348,1506,23790,49104,101296,670,0,5047,5130,15091,20099,7579,60345,-52192,670,-169986,-83,-5008,-22159,-25008,-22284,-52766,1
2022-12-17 16:00:00,78777,248918,1458,23094,9285,34119,1185,23589,41032,105148,639,0,5157,5070,15111,20143,7524,62568,-64116,639,-170141,87,-5032,-21636,-24834,-22404,-55044,1
2022-12-17 17:00:00,72622,247130,1421,22910,8085,34236,1087,23186,41828,110876,518,0,5272,4794,14957,19723,7375,61074,-69048,518,-174508,478,-4766,-21489,-26151,-22099,-53699,1
2022-12-17 18:00:00,76737,239028,1401,22575,7011,32502,1035,22570,43504,112576,760,0,5586,4588,14883,19362,7093,59096,-69072,760,-162291,998,-4479,-21174,-25491,-21535,-52003,3
2022-12-17 19:00:00,78122,227107,1372,21935,5613,30202,989,21449,47148,114068,975,0,5710,4432,14559,18758,7422,56957,-66920,975,-148985,1278,-4199,-20563,-24589,-20460,-49535,3
2022-12-17 20:00:00,76682,221242,1226,21084,5256,27962,1016,20419,47520,111152,919,0,5768,4198,14258,18196,7350,54596,-63632,919,-144560,1570,-3938,-19858,-22706,-19403,-47246,3
2022-12-17 21:00:00,78262,215388,1231,20083,5210,25814,1100,19212,45316,103364,1139,0,5716,4028,14252,17517,7137,51994,-58048,1139,-137126,1688,-3265,-18852,-20604,-18112,-44857,3
2022-12-17 22:00:00,79093,206140,1171,18961,4629,23812,1110,18150,43748,95868,1436,0,5648,3965,14030,17396,6919,49167,-52120,1436,-127047,1683,-3366,-17790,-19183,-17040,-42248,3
2022-12-17 23:00:00,80948,197256,1110,17911,4417,22385,1105,17492,46040,89720,1763,0,5502,3897,14138,17506,6727,46459,-43680,1763,-116308,1605,-3368,-16801,-17968,-16387,-39732,1
2022-12-18 00:00:00,84819,191147,925,17278,4409,21328,1036,17126,50976,84248,2050,0,5363,3802,14294,17130,6666,44918,-33272,2050,-106328,1561,-2836,-16353,-16919,-16090,-38252,1
2022-12-18 01:00:00,87763,186321,759,16683,4400,20930,981,16979,46264,80112,2342,0,5337,3708,14411,16743,6897,44100,-33848,2342,-98558,1629,-2332,-15924,-16530,-15998,-37203,1
2022-12-18 02:00:00,90686,184998,701,16433,4676,20784,967,17065,46828,77872,2714,0,5245,3628,14392,16498,6680,43660,-31044,2714,-94312,1617,-2106,-15732,-16108,-16098,-36980,1
2022-12-18 03:00:00,95859,185348,679,16754,4705,21260,1024,17307,47900,77188,2798,0,5123,3714,14677,16589,6217,43500,-29288,2798,-89489,1409,-1912,-16075,-16555,-16283,-37283,1
2022-12-18 04:00:00,95773,184644,661,17376,4863,22739,1008,17967,47872,77796,3037,0,4859,3800,14866,16757,5586,43610,-29924,3037,-88871,1059,-1891,-16715,-17876,-16959,-38024,1
2022-12-18 05:00:00,94583,187751,665,18559,5377,24245,1147,18478,49324,80244,3125,0,4872,4043,15226,16714,6063,45000,-30920,3125,-93168,829,-1488,-17894,-18868,-17331,-38937,1
2022-12-18 06:00:00,89650,196000,912,19587,6796,26111,1471,19606,51436,83160,1472,0,4947,4325,15450,17345,7654,47543,-31724,1472,-106350,622,-1895,-18675,-19315,-18135,-39889,1
2022-12-18 07:00:00,93791,208770,2357,20123,8757,28169,1944,21004,53840,86084,1516,0,4931,4524,15573,17820,8232,50383,-32244,1516,-114979,407,-2247,-17766,-19412,-19060,-42151,1
2022-12-18 08:00:00,98417,221601,4131,20027,10146,28880,2449,21862,62540,93344,3496,0,4840,4529,15748,18420,8342,50899,-30804,3496,-123184,311,-2672,-15896,-18734,-19413,-42557,1
2022-12-18 09:00:00,98359,228908,5371,19888,11524,29193,2599,22274,77432,98164,3800,0,4637,4500,15617,18713,8684,50610,-20732,3800,-130549,137,-3096,-14517,-17669,-19675,-41926,1
2022-12-18 10:00:00,99523,234495,5673,19912,11953,28983,3068,22362,87352,98736,3724,0,4262,4449,15468,18665,8079,51917,-11384,3724,-134972,-187,-3197,-14239,-17030,-19294,-43838,1
2022-12-18 11:00:00,95010,231129,5181,19860,11123,27921,2971,22460,90400,98548,3480,0,3892,4452,15292,18685,8222,53397,-8148,3480,-136119,-560,-3393,-14679,-16798,-19489,-45175,1
2022-12-18 12:00:00,94886,226556,3830,20071,9372,27406,2461,22041,92476,101212,3452,0,3609,4455,15007,18464,8223,54268,-8736,3452,-131670,-846,-3457,-16241,-18034,-19580,-46045,1
2022-12-18 13:00:00,96967,223416,1978,20802,7497,27780,2004,21800,93380,100496,3244,0,3513,4520,14906,18794,10258,55541,-7116,3244,-126449,-1007,-3888,-18824,-20283,-19796,-45283,1
2022-12-18 14:00:00,110768,224585,790,21912,6344,28744,1949,22452,86816,97872,3030,0,3635,4735,14885,19151,11895,57130,-11056,3030,-113817,-1100,-4266,-21122,-22400,-20503,-45235,1
2022-12-18 15:00:00,123142,233064,646,23038,9269,31507,2244,22519,74892,96992,3000,0,3576,4910,15084,18899,13160,60050,-22100,3000,-109922,-1334,-3815,-22392,-22238,-20275,-46890,1
2022-12-18 16:00:00,129923,239128,646,22872,8282,32198,2309,22410,61312,99808,2875,0,3728,4777,14942,18460,13283,61968,-38496,2875,-109205,-1049,-3518,-22226,-23916,-20101,-48685,1
2022-12-18 17:00:00,132700,237547,661,22726,8287,32695,2520,22556,60724,106336,2938,0,3899,4635,14941,18695,13771,60116,-45612,2938,-104847,-736,-3754,-22065,-24408,-20036,-46345,1
2022-12-18 18:00:00,138109,236271,687,22821,7711,31910,2605,22401,66504,110948,3031,0,4208,4655,14808,18901,13844,58816,-44444,3031,-98162,-447,-4093,-22134,-24199,-19796,-44972,1
2022-12-18 19:00:00,140970,228584,711,22429,6317,30174,2476,21387,71504,115124,3137,0,4535,4458,14699,18219,14483,56892,-43620,3137,-87614,77,-3520,-21718,-23857,-18911,-42409,1
2022-12-18 20:00:00,135078,223859,738,21370,5612,27958,2566,20507,71056,112384,3162,0,4748,4247,14819,17832,14287,54327,-41328,3162,-88781,501,-3013,-20632,-22346,-17941,-40040,1
2022-12-18 21:00:00,138551,219464,775,20260,5316,25474,2806,19449,67000,104716,3166,0,4889,4102,14875,17417,14133,50679,-37716,3166,-80913,787,-2542,-19485,-20158,-16643,-36546,1
2022-12-18 22:00:00,148219,211242,795,19097,4941,23290,3022,18419,62596,95712,2948,0,5042,4033,14489,16731,14491,47572,-33116,2948,-63023,1009,-2242,-18302,-18349,-15397,-33081,1
2022-12-18 23:00:00,149427,204063,958,18086,4865,22158,3161,17941,63396,89008,2634,0,5016,4000,14298,16802,14723,44899,-25612,2634,-54636,1016,-2504,-17128,-17293,-14780,-30176,1
2022-12-19 00:00:00,148714,197852,1066,17533,5485,21411,3424,17684,65420,83580,2773,0,5013,4001,14233,17002,14767,43341,-18160,2773,-49138,1012,-2769,-16467,-15926,-14260,-28574,1
2022-12-19 01:00:00,152350,194838,1027,17030,6005,21347,3696,17674,66700,80796,2778,0,4860,3952,14042,16814,15077,42675,-14096,2778,-42488,908,-2772,-16003,-15342,-13978,-27598,1
2022-12-19 02:00:00,151650,195797,1025,16979,6301,21940,3915,18178,66296,79940,2704,0,4690,3906,14322,16886,15505,42662,-13644,2704,-44147,784,-2564,-15954,-15639,-14263,-27157,1
2022-12-19 03:00:00,150285,201394,1034,17758,5307,24331,4201,19501,67732,81032,2674,0,4677,4025,14680,17415,16061,43363,-13300,2674,-51109,652,-2735,-16724,-19024,-15300,-27302,1
2022-12-19 04:00:00,145447,216150,1045,19760,5314,30094,4590,22479,70104,86264,2679,0,4640,4499,15127,18436,16469,45581,-16160,2679,-70703,141,-3309,-18715,-24780,-17889,-29112,1
2022-12-19 05:00:00,142524,243903,1130,22769,5893,36343,5258,24783,70664,101676,2823,0,4609,5118,15434,19831,16713,50629,-31012,2823,-101379,-509,-4397,-21639,-30450,-19525,-33916,1
2022-12-19 06:00:00,150953,265226,1331,23897,8897,40798,5582,25998,70748,118796,3129,0,4701,5355,15461,20306,17119,57633,-48048,3129,-114273,-654,-4845,-22566,-31901,-20416,-40514,1
2022-12-19 07:00:00,162537,275656,2304,24074,10562,42658,6332,26764,69476,125744,3233,0,4554,5419,15123,20238,17570,61999,-56268,3233,-113119,-865,-5115,-21770,-32096,-20432,-44429,1
2022-12-19 08:00:00,164542,280693,3816,23416,9911,41743,6523,26749,75504,127112,1637,0,4539,5403,14839,20499,18054,63424,-51608,1637,-116151,-864,-5660,-19600,-31832,-20226,-45370,1
2022-12-19 09:00:00,157996,282706,4794,22835,9898,40820,6766,26709,83940,126132,0,0,4596,5388,14441,20606,18381,62960,-42192,0,-124710,-792,-6165,-18041,-30922,-19943,-44579,1
2022-12-19 10:00:00,157814,285012,4892,22705,8989,38980,6692,26472,89852,123688,0,0,4650,5333,14253,20840,18543,62132,-33836,0,-127198,-683,-6587,-17813,-29991,-19780,-43589,1
2022-12-19 11:00:00,154238,283877,4218,23084,8654,39209,6419,26359,93280,125812,1642,0,4646,5323,14063,20865,18565,60975,-32532,1642,-129639,-677,-6802,-18866,-30555,-19940,-42410,1
2022-12-19 12:00:00,152354,277906,3132,23331,8191,40478,6206,25681,91972,124832,3221,0,4628,5283,13669,20754,18449,60652,-32860,3221,-125552,-655,-7085,-20199,-32287,-19475,-42203,1
2022-12-19 13:00:00,152212,271757,1840,24072,6886,40836,5980,25580,89264,122956,2994,0,4652,5222,13496,21081,18517,60758,-33692,2994,-119545,-570,-7585,-22232,-33950,-19600,-42241,1
2022-12-19 14:00:00,153077,269808,978,24833,6817,41518,5980,26034,86268,121336,3245,0,4651,5293,13416,20972,18563,61551,-35068,3245,-116731,-642,-7556,-23855,-34701,-20054,-42988,1
2022-12-19 15:00:00,159051,273831,940,25622,7172,42127,5968,25862,79464,122340,3082,0,4751,5447,13303,20925,18649,64077,-42876,3082,-114780,-696,-7622,-24682,-34955,-19894,-45428,1
2022-12-19 16:00:00,166061,277722,940,25102,7199,41013,6154,25503,75508,127376,2956,0,4962,5283,13117,20583,18835,65847,-51868,2956,-111661,-321,-7466,-24162,-33814,-19349,-47012,1
2022-12-19 17:00:00,171290,271967,1002,24878,7318,40205,6282,25153,74896,132660,3212,0,5245,4923,12959,20058,18857,62911,-57764,3212,-100677,322,-7099,-23876,-32887,-18871,-44054,1
2022-12-19 18:00:00,169876,262653,1070,24424,5663,37998,6314,24624,76660,134408,3134,0,5385,4663,12682,19385,18865,60194,-57748,3134,-92777,722,-6703,-23354,-32335,-18310,-41329,1
2022-12-19 19:00:00,172767,248650,1006,23635,4581,35124,6076,23064,78992,135316,3202,0,5352,4446,12283,18674,18896,57108,-56324,3202,-75883,906,-6391,-22629,-30543,-16988,-38212,1
2022-12-19 20:00:00,174035,239109,1016,22697,4382,31584,5708,21461,76192,128316,3207,0,5457,4183,12136,17829,18981,54011,-52124,3207,-65074,1274,-5693,-21681,-27202,-15753,-35030,1
2022-12-19 21:00:00,168099,228599,1061,21730,4434,28714,5450,19884,69856,115456,3404,0,5521,4007,11634,17039,18765,50424,-45600,3404,-60500,1514,-5405,-20669,-24280,-14434,-31659,1
2022-12-19 22:00:00,173559,215326,978,20515,4573,26256,5440,18717,67176,104208,1599,0,5481,3905,10866,16100,18471,47047,-37032,1599,-41767,1576,-5234,-19537,-21683,-13277,-28576,1
2022-12-19 23:00:00,178965,202253,979,19281,5016,24703,5441,18074,65020,97932,1532,0,5535,3845,10507,15545,18582,44313,-32912,1532,-23288,1690,-5038,-18302,-19687,-12633,-25731,3
2022-12-20 00:00:00,178175,192676,952,18406,5044,23943,5431,17744,70116,92152,3027,0,5414,3813,10581,15424,18667,42422,-22036,3027,-14501,1601,-4843,-17454,-18899,-12313,-23755,1
2022-12-20 01:00:00,175710,190175,937,17741,5114,23762,5302,17793,70204,88356,2720,0,5405,3859,10526,15356,18793,41241,-18152,2720,-14465,1546,-4830,-16804,-18648,-12491,-22448,1
2022-12-20 02:00:00,174349,190347,855,17634,5227,23965,5211,18132,72432,86956,2563,0,5105,3812,10838,15342,18684,40711,-14524,2563,-15998,1293,-4504,-16779,-18738,-12921,-22027,1
2022-12-20 03:00:00,173728,196967,825,18382,5266,25772,5262,19081,73664,87240,2444,0,4870,3919,11615,15707,18536,41297,-13576,2444,-23239,951,-4092,-17557,-20506,-13819,-22761,1
2022-12-20 04:00:00,171917,212677,786,20201,5207,31161,5233,21807,70132,92060,2691,0,4742,4286,13057,17115,18521,43377,-21928,2691,-40760,456,-4058,-19415,-25954,-16574,-24856,1
2022-12-20 05:00:00,165196,238408,810,22893,4705,37059,5239,23748,71012,105076,2687,0,4891,4840,13733,18441,18460,48770,-34064,2687,-73212,51,-4708,-22083,-32354,-18509,-30310,1
2022-12-20 06:00:00,158791,260570,922,23787,7386,41163,5336,24831,74052,121020,3001,0,5087,5135,13872,18955,18406,55259,-46968,3001,-101779,-48,-5083,-22865,-33777,-19495,-36853,1
2022-12-20 07:00:00,161081,268507,1641,23850,8910,42672,5436,25245,75528,127592,3350,0,5255,5142,13910,19154,18689,59125,-52064,3350,-107426,113,-5244,-22209,-33762,-19809,-40436,1
2022-12-20 08:00:00,161934,271441,2813,23214,10045,42220,5576,25211,80212,128952,3459,0,5421,5162,13954,19294,18673,60370,-48740,3459,-109507,259,-5340,-20401,-32175,-19635,-41697,1
2022-12-20 09:00:00,161303,272776,3617,22630,9338,40959,5526,25403,83392,127868,3468,0,5604,5151,13848,19281,18683,60028,-44476,3468,-111473,453,-5433,-19013,-31621,-19877,-41345,1
2022-12-20 10:00:00,159310,274138,3876,22596,8529,39073,5500,25502,84356,126548,3596,0,5690,5123,13864,19207,18528,60082,-42192,3596,-114828,567,-5343,-18720,-30544,-20002,-41554,1
2022-12-20 11:00:00,157610,273041,3396,22913,8301,38953,5103,25508,86388,126180,3650,0,5810,5114,13779,18884,17347,60208,-39792,3650,-115431,696,-5105,-19517,-30652,-20405,-42861,1
2022-12-20 12:00:00,155108,269768,2199,23306,8004,40125,4878,24888,88004,125792,3506,0,5794,5056,13966,18870,15498,60650,-37788,3506,-114660,738,-4904,-21107,-32121,-20010,-45152,1
2022-12-20 13:00:00,153683,265251,1462,23886,6596,40493,4942,24743,84800,124896,3479,0,5821,4987,14185,19468,12757,60993,-40096,3479,-111568,834,-5283,-22424,-33897,-19801,-48236,1
2022-12-20 14:00:00,150019,264663,750,24505,6265,41248,5373,25388,83544,123804,3519,0,5607,5111,14317,19407,9741,61398,-40260,3519,-114644,496,-5090,-23755,-34983,-20015,-51657,1
2022-12-20 15:00:00,158151,268802,685,25112,7023,42179,5408,25274,79264,123616,3583,0,5166,5176,14296,19173,7100,63170,-44352,3583,-110651,-10,-4877,-24427,-35156,-19866,-56070,1
2022-12-20 16:00:00,167740,270522,682,24585,6857,40979,5524,24925,77920,127036,3645,0,4476,4890,14015,18697,5848,64600,-49116,3645,-102782,-414,-4682,-23903,-34122,-19401,-58752,1
2022-12-20 17:00:00,164118,265636,677,24334,7044,40158,5394,24707,80976,131116,3556,0,4053,4598,13859,18251,4915,62415,-50140,3556,-101518,-545,-4392,-23657,-33114,-19313,-57500,1
2022-12-20 18:00:00,151992,256592,679,23915,5060,37969,5132,24097,83548,132744,3630,0,4017,4346,13592,17533,4025,59954,-49196,3630,-104600,-329,-3941,-23236,-32909,-18965,-55929,1
2022-12-20 19:00:00,130504,238547,657,23202,4483,35181,4984,22588,83500,133704,3585,0,3551,4162,13415,16686,3315,57205,-50204,3585,-108043,-611,-3271,-22545,-30698,-17604,-53890,1
2022-12-20 20:00:00,120556,226996,722,22295,4467,31747,4778,20978,80208,126996,3574,0,3540,3905,12908,16007,2648,54011,-46788,3574,-106440,-365,-3099,-21573,-27280,-16200,-51363,1
2022-12-20 21:00:00,112687,215719,717,21420,4554,28688,4714,19535,76516,114180,3550,0,3209,3749,12527,15343,2808,50494,-37664,3550,-103032,-540,-2816,-20703,-24134,-14821,-47686,1
2022-12-20 22:00:00,113006,201542,685,20211,3898,26069,4620,18441,73260,103360,1752,0,2846,3575,11452,14817,3066,47439,-30100,1752,-88536,-729,-3365,-19526,-22171,-13821,-44373,1
2022-12-20 23:00:00,114739,190837,660,18973,4473,24448,4587,17866,73488,96824,1719,0,2649,3507,11229,14606,3111,45188,-23336,1719,-76098,-858,-3377,-18313,-19975,-13279,-42077,1
2022-12-21 00:00:00,110632,183582,665,18045,5309,23711,4479,17563,74176,90748,3461,0,2511,3437,11039,14432,2638,43239,-16572,3461,-72950,-926,-3393,-17380,-18402,-13084,-40601,1
2022-12-21 01:00:00,109720,181803,696,17372,5842,23351,4400,17590,75576,86984,3400,0,2398,3424,11054,14367,2002,42399,-11408,3400,-72083,-1026,-3313,-16676,-17509,-13190,-40397,1
2022-12-21 02:00:00,109705,183155,639,17255,6174,23808,4322,17808,77012,85384,3222,0,2340,3432,11116,14575,2194,42036,-8372,3222,-73450,-1092,-3459,-16616,-17634,-13486,-39842,1
2022-12-21 03:00:00,105635,187841,623,17860,4321,25510,4131,18680,75812,85448,3222,0,2426,3600,11726,15146,2813,42258,-9636,3222,-82206,-1174,-3420,-17237,-21189,-14549,-39445,1
2022-12-21 04:00:00,91818,198760,625,19513,4752,30930,4087,21383,74896,90384,3213,0,2470,4063,12772,16924,3567,44186,-15488,3213,-106942,-1593,-4152,-18888,-26178,-17296,-40619,1
2022-12-21 05:00:00,84348,223863,639,21951,5544,36826,3862,23347,73056,103636,3331,0,2448,4617,13492,18247,4558,49132,-30580,3331,-139515,-2169,-4755,-21312,-31282,-19485,-44574,1
2022-12-21 06:00:00,92775,244172,731,22938,8604,40914,3958,24357,73192,119448,3418,0,2558,4859,13665,18679,6035,56058,-46256,3418,-151397,-2301,-5014,-22207,-32310,-20399,-50023,1
2022-12-21 07:00:00,100385,253205,1041,23438,10386,42254,4219,24845,76068,125588,3402,0,2399,4889,13544,18493,7905,60106,-49520,3402,-152820,-2490,-4949,-22397,-31868,-20626,-52201,1
2022-12-21 08:00:00,102928,254551,1340,23644,10564,41647,4162,24981,81848,126700,3409,0,2649,4921,13519,18671,10312,60012,-44852,3409,-151623,-2272,-5152,-22304,-31083,-20819,-49700,1
2022-12-21 09:00:00,103715,255083,1452,23803,10338,40802,3899,25262,88932,125940,3463,0,2855,4931,13467,18572,12289,57815,-37008,3463,-151368,-2076,-5105,-22351,-30464,-21363,-45526,1
2022-12-21 10:00:00,106280,255749,1402,24113,9443,38675,3731,25457,96600,123588,3421,0,3148,4871,13431,18507,13768,56110,-26988,3421,-149469,-1723,-5076,-22711,-29232,-21726,-42342,1
2022-12-21 11:00:00,110703,255003,1218,24122,8865,38526,3429,25507,104380,122460,3348,0,3399,4930,13440,18497,14750,55781,-18080,3348,-144300,-1531,-5057,-22904,-29661,-22078,-41031,1
2022-12-21 12:00:00,114578,252217,995,23852,8321,39790,3000,25014,106112,121344,3337,0,3637,4846,13550,18635,15525,56849,-15232,3337,-137639,-1209,-5085,-22857,-31469,-22014,-41324,1
2022-12-21 13:00:00,112333,248222,794,23889,7281,40087,2985,24898,104828,119804,3271,0,4003,4738,13609,18969,15608,58249,-14976,3271,-135889,-735,-5360,-23095,-32806,-21913,-42641,1
2022-12-21 14:00:00,107571,246941,645,24254,7700,40964,3136,25429,99404,118556,1606,0,4196,4901,13684,19211,13301,59856,-19152,1606,-139370,-705,-5527,-23609,-33264,-22293,-46555,1
2022-12-21 15:00:00,116305,251745,629,24564,8222,41514,3157,25225,92552,118928,1456,0,4026,5031,13793,19080,13212,62554,-26376,1456,-135440,-1005,-5287,-23935,-33292,-22068,-49342,1
2022-12-21 16:00:00,127127,255963,625,23867,7863,40425,3090,24903,87440,123300,2783,0,4218,4851,13878,18643,14364,64319,-35860,2783,-128836,-633,-4765,-23242,-32562,-21813,-49955,1
2022-12-21 17:00:00,130840,253766,629,23468,7268,39531,3239,24610,87712,127284,2508,0,4280,4605,13692,18189,15248,61671,-39572,2508,-122926,-325,-4497,-22839,-32263,-21371,-46423,1
2022-12-21 18:00:00,132130,244504,631,23013,6249,37464,3309,24035,89396,128904,2552,0,4537,4431,13743,17744,13863,59143,-39508,2552,-112374,106,-4001,-22382,-31215,-20726,-45280,1
2022-12-21 19:00:00,133765,230960,616,22319,5810,34724,3154,22460,90664,129604,2232,0,4671,4167,12967,17032,11775,56429,-38940,2232,-97195,504,-4065,-21703,-28914,-19306,-44654,1
2022-12-21 20:00:00,133532,218431,630,21636,5443,31342,2939,20834,87484,123776,2031,0,4743,3935,12631,16291,9927,53339,-36292,2031,-84899,808,-3660,-21006,-25899,-17895,-43412,1
2022-12-21 21:00:00,132041,205984,625,20869,5465,28165,3077,19396,83936,112352,1750,0,4655,3802,12163,15466,9157,49969,-28416,1750,-73943,853,-3303,-20244,-22700,-16319,-40812,1
2022-12-21 22:00:00,134501,196272,628,19681,5099,25577,3076,18159,77624,101612,1512,0,4408,3578,11478,14836,7947,46836,-23988,1512,-61771,830,-3358,-19053,-20478,-15083,-38889,1
2022-12-21 23:00:00,138083,197848,625,18395,5849,23925,3038,17391,83200,95548,1180,0,4161,3477,11382,14486,6054,44811,-12348,1180,-59765,684,-3104,-17770,-18076,-14353,-38757,1
2022-12-22 00:00:00,137128,190196,622,17383,5647,23103,3063,17071,78332,89484,1024,0,3911,3444,11185,14243,4644,43385,-11152,1024,-53068,467,-3058,-16761,-17456,-14008,-38741,1
2022-12-22 01:00:00,136476,184052,619,16708,5629,22683,3085,17064,77196,85488,785,0,3821,3386,11128,14134,3459,42447,-8292,785,-47576,435,-3006,-16089,-17054,-13979,-38988,1
2022-12-22 02:00:00,129874,183257,626,16566,5743,22948,3047,17372,75004,84392,629,0,3813,3348,11294,14558,2330,42079,-9388,629,-53383,465,-3264,-15940,-17205,-14325,-39749,1
2022-12-22 03:00:00,125701,188387,622,17181,4853,24661,3003,18118,72816,84928,557,0,3710,3454,12453,15283,2125,42509,-12112,557,-62686,256,-2830,-16559,-19808,-15115,-40384,1
2022-12-22 04:00:00,121467,200467,625,18613,5103,29722,3075,20763,69584,88664,404,0,3627,3908,13905,16721,2550,44649,-19080,404,-79000,-281,-2816,-17988,-24619,-17688,-42099,1
2022-12-22 05:00:00,110829,222646,641,20486,7380,35508,3153,22661,69344,100376,466,0,3711,4424,14431,17915,2969,49271,-31032,466,-111817,-713,-3484,-19845,-28128,-19508,-46302,1
2022-12-22 06:00:00,112709,244808,714,21562,9444,39145,3469,23614,75496,115424,354,0,3842,4651,14649,18743,3741,55582,-39928,354,-132099,-809,-4094,-20848,-29701,-20145,-51841,1
2022-12-22 07:00:00,123205,245201,1081,22117,9405,39973,3840,24208,80008,121768,194,0,3763,4698,14733,18641,4498,59339,-41760,194,-121996,-935,-3908,-21036,-30568,-20368,-54841,1
2022-12-22 08:00:00,128456,247143,1678,22247,8667,39209,3992,24299,84956,123324,185,0,3716,4766,14568,18723,5701,58750,-38368,185,-118687,-1050,-4155,-20569,-30542,-20307,-53049,1
2022-12-22 09:00:00,129258,249072,2178,22274,9215,38812,4080,24612,88564,122456,190,0,3857,4716,14372,18430,7234,55166,-33892,190,-119814,-859,-4058,-20096,-29597,-20532,-47932,1
2022-12-22 10:00:00,131411,248707,2615,22335,9414,37126,3789,24430,91300,119912,200,0,3964,4559,14403,18167,9495,52122,-28612,200,-117296,-595,-3764,-19720,-27712,-20641,-42627,1
2022-12-22 11:00:00,136358,245266,2590,22303,9616,37005,3653,24496,96936,119220,201,0,4164,4554,14389,17874,10331,51560,-22284,201,-108908,-390,-3485,-19713,-27389,-20843,-41229,1
2022-12-22 12:00:00,139720,242271,2135,22254,8812,37779,3539,24242,99776,118940,110,0,4366,4508,14442,17979,10330,54155,-19164,110,-102551,-142,-3537,-20119,-28967,-20703,-43825,1
2022-12-22 13:00:00,134849,238512,1408,22656,7932,37927,3499,24251,98352,116384,102,0,4428,4440,14584,18477,11472,57272,-18032,102,-103663,-12,-3893,-21248,-29995,-20752,-45800,1
2022-12-22 14:00:00,129533,238579,1066,23193,9320,38519,3825,24754,95692,114508,83,0,4493,4581,14462,18251,9928,59807,-18816,83,-109046,-88,-3789,-22127,-29199,-20929,-49879,1
2022-12-22 15:00:00,131716,244283,950,23698,9811,39515,3895,24663,89064,114892,104,0,4721,4715,14589,18267,10282,61937,-25828,104,-112567,6,-3678,-22748,-29704,-20768,-51655,1
2022-12-22 16:00:00,132155,247668,954,23066,9085,38540,4277,24378,88864,119396,126,0,4695,4586,14769,17679,8921,62710,-30532,126,-115513,109,-2910,-22112,-29455,-20101,-53789,1
2022-12-22 17:00:00,133353,245970,1058,22661,8314,37725,4425,24094,89780,123792,130,0,4329,4310,14810,17140,9062,60336,-34012,130,-112617,19,-2330,-21603,-29411,-19669,-51274,1
2022-12-22 18:00:00,127275,237531,991,22214,7067,35651,4477,23334,89516,123976,128,0,4220,4050,14727,17036,9744,58590,-34460,128,-110256,170,-2309,-21223,-28584,-18857,-48846,3
2022-12-22 19:00:00,114036,223787,918,21587,6602,33021,4342,21808,89800,125976,138,0,3952,3890,14532,16412,8916,55931,-36176,138,-109751,62,-1880,-20669,-26419,-17466,-47015,1
2022-12-22 20:00:00,105494,212529,920,20864,6528,29857,4242,20271,88896,120896,36,0,3731,3687,14293,15593,7960,52969,-32000,36,-107035,44,-1300,-19944,-23329,-16029,-45009,3
2022-12-22 21:00:00,97311,202278,919,20100,6977,26855,3978,18820,83744,110168,4,0,3479,3522,14169,15013,7030,49506,-26424,4,-104967,-43,-844,-19181,-19878,-14842,-42476,1
2022-12-22 22:00:00,97469,190018,928,18866,6253,24222,3710,17482,78736,100520,2,0,3007,3393,13256,14383,6559,46498,-21784,2,-92549,-386,-1127,-17938,-17969,-13772,-39939,1
2022-12-22 23:00:00,97547,178865,896,17518,6576,22649,3550,16738,72580,94932,25,0,2713,3299,13073,14214,6213,44283,-22352,25,-81318,-586,-1141,-16622,-16073,-13188,-38070,1
2022-12-23 00:00:00,100421,170224,892,16496,7030,21800,3156,16350,70004,88688,145,0,2370,3296,13163,14336,5672,42402,-18684,145,-69803,-926,-1173,-15604,-14770,-13194,-36730,1
2022-12-23 01:00:00,103273,166111,873,15753,7127,21193,3048,16228,72080,84920,394,0,2144,3200,13188,14510,4702,41232,-12840,394,-62838,-1056,-1322,-14880,-14066,-13180,-36530,1
2022-12-23 02:00:00,108946,167850,800,15455,7256,21484,2895,16390,71084,83232,567,0,1993,3109,13390,14955,3165,41044,-12148,567,-58904,-1116,-1565,-14655,-14228,-13495,-37879,1
2022-12-23 03:00:00,106854,169813,777,15957,7278,22918,2756,16988,69792,83208,1070,0,2048,3219,13909,15203,2114,41658,-13416,1070,-62959,-1171,-1294,-15180,-15640,-14232,-39544,1
2022-12-23 04:00:00,94114,180343,738,17116,7049,27066,2835,19075,69304,86808,1280,0,2078,3559,14365,16268,1568,43627,-17504,1280,-86229,-1481,-1903,-16378,-20017,-16240,-42059,1
2022-12-23 05:00:00,86266,198074,688,18688,6753,32008,2950,20641,64768,96648,1705,0,2019,4000,14578,17228,1325,47918,-31880,1705,-111808,-1981,-2650,-18000,-25255,-17691,-46593,1
2022-12-23 06:00:00,85041,215279,768,19690,8615,35765,2980,21974,71656,108248,2154,0,1906,4351,14956,18279,1199,53746,-36592,2154,-130238,-2445,-3323,-18922,-27150,-18994,-52547,1
2022-12-23 07:00:00,89532,226293,1180,20509,9772,36808,3082,22884,74764,114888,1188,0,1922,4419,14983,18161,835,57985,-40124,1188,-136761,-2497,-3178,-19329,-27036,-19802,-57150,1
2022-12-23 08:00:00,91247,230475,1783,20938,9779,35945,3396,23419,81028,116976,1604,0,1983,4474,14925,18542,970,59723,-35948,1604,-139228,-2491,-3617,-19155,-26166,-20023,-58753,1
2022-12-23 09:00:00,89171,233041,2616,21034,10365,35278,3767,23873,88544,116316,3252,0,1970,4365,14791,18758,1517,59117,-27772,3252,-143870,-2395,-3967,-18418,-24913,-20106,-57600,1
2022-12-23 10:00:00,81714,234877,2846,21135,10617,33289,3694,23742,95216,113976,3385,0,1799,4271,14537,18675,1982,59103,-18760,3385,-153163,-2472,-4138,-18289,-22672,-20048,-57121,1
2022-12-23 11:00:00,70573,231660,2676,20934,9865,31975,3342,23656,96436,113308,3184,0,1536,4212,14308,18626,3046,59182,-16872,3184,-161087,-2676,-4318,-18258,-22110,-20314,-56136,1
2022-12-23 12:00:00,65946,224023,2273,21183,9008,32594,3126,23285,95180,112220,2775,0,1267,4198,14510,18914,4217,59076,-17040,2775,-158077,-2931,-4404,-18910,-23586,-20159,-54859,1
2022-12-23 13:00:00,68980,219679,1350,21637,7644,32649,2722,23325,92736,109440,2300,0,1015,4276,14633,19701,4581,58439,-16704,2300,-150699,-3261,-5068,-20287,-25005,-20603,-53858,1
2022-12-23 14:00:00,72810,221439,723,22165,7502,33544,2614,23869,88140,107380,1798,0,995,4537,14437,19859,8643,58317,-19240,1798,-148629,-3542,-5422,-21442,-26042,-21255,-49674,1
2022-12-23 15:00:00,85706,228226,621,22608,9425,35055,2408,23820,78796,107624,771,0,954,4728,14377,19633,9288,59924,-28828,771,-142520,-3774,-5256,-21987,-25630,-21412,-50636,1
2022-12-23 16:00:00,95530,231650,599,21872,8415,34603,2179,23475,72252,111424,0,0,962,4601,14019,19082,9641,61411,-39172,0,-136120,-3639,-5063,-21273,-26188,-21296,-51770,1
2022-12-23 17:00:00,102098,227973,644,21386,8052,33914,1752,23040,76176,116252,694,0,987,4350,13788,18589,11171,58977,-40076,694,-125875,-3363,-4801,-20742,-25862,-21288,-47806,1
2022-12-23 18:00:00,107777,217943,619,20840,7385,31846,1398,22187,77248,116320,1622,0,1038,4173,13672,18323,12324,56338,-39072,1622,-110166,-3135,-4651,-20221,-24461,-20789,-44014,1
2022-12-23 19:00:00,112103,204686,588,20201,6836,29273,1167,20648,75384,115756,2000,0,1194,4023,13394,17634,13353,53751,-40372,2000,-92583,-2829,-4240,-19613,-22437,-19481,-40398,1
2022-12-23 20:00:00,116814,193214,617,19675,7035,26684,1117,19254,73280,110604,1873,0,1255,3836,13092,16951,13955,50738,-37324,1873,-76400,-2581,-3859,-19058,-19649,-18137,-36783,1
2022-12-23 21:00:00,119228,182835,745,18972,7538,24233,1135,17482,67740,101408,2024,0,1123,3745,13109,16606,14545,47797,-33668,2024,-63607,-2622,-3497,-18227,-16695,-16347,-33252,1
2022-12-23 22:00:00,130265,171223,769,17792,7548,22465,1149,16122,62572,93320,1851,0,1140,3687,12738,16641,14644,44971,-30748,1851,-40958,-2547,-3903,-17023,-14917,-14973,-30327,1
2022-12-23 23:00:00,134103,156326,758,16365,7752,20867,1198,15225,55128,87596,830,0,1250,3653,12387,16547,14887,42376,-32468,830,-22223,-2403,-4160,-15607,-13115,-14027,-27489,1
2022-12-24 00:00:00,134639,147209,844,15324,8077,19863,1369,14681,57656,80576,595,0,1290,3617,12264,16418,15527,40656,-22920,595,-12570,-2327,-4154,-14480,-11786,-13312,-25129,1
2022-12-24 01:00:00,135988,145702,1091,14412,8114,19338,1628,14453,60808,76384,404,0,1300,3631,11643,16247,15220,39822,-15576,404,-9714,-2331,-4604,-13321,-11224,-12825,-24602,1
2022-12-24 02:00:00,139233,148037,1113,13978,8183,19243,1779,14413,60352,74152,402,0,1354,3543,11600,16309,15134,39318,-13800,402,-8804,-2189,-4709,-12865,-11060,-12634,-24184,1
2022-12-24 03:00:00,142627,150332,1176,14208,8624,19942,1854,14637,60100,72932,511,0,1417,3511,11874,16455,14722,39188,-12832,511,-7705,-2094,-4581,-13032,-11318,-12783,-24466,1
2022-12-24 04:00:00,140441,153158,1087,14871,8505,21779,1895,15365,59640,72868,1028,0,1391,3566,12592,16907,14125,39684,-13228,1028,-12717,-2175,-4315,-13784,-13274,-13470,-25559,1
2022-12-24 05:00:00,132483,156782,1301,16048,7865,23755,1856,16258,59084,75776,1322,0,1420,3807,12758,17687,14078,41287,-16692,1322,-24299,-2387,-4929,-14747,-15890,-14402,-27209,1
2022-12-24 06:00:00,117841,168787,1357,17162,7909,25778,1954,17573,58632,80672,1313,0,1492,4058,12935,18452,13521,44320,-22040,1313,-50946,-2566,-5517,-15805,-17869,-15619,-30799,1
2022-12-24 07:00:00,115084,183280,1728,18351,8384,27232,2240,18945,59464,86276,1839,0,1634,4197,12965,18654,13479,47100,-26812,1839,-68196,-2563,-5689,-16623,-18848,-16705,-33621,1
2022-12-24 08:00:00,124795,194391,2000,19173,8410,27083,2564,19617,65132,92764,2264,0,1714,4211,13223,18774,13573,49358,-27632,2264,-69596,-2497,-5551,-17173,-18673,-17053,-35785,1
2022-12-24 09:00:00,127458,200997,2435,19476,9105,26753,2678,19740,71432,94948,2128,0,1682,4230,13409,18903,11838,48900,-23516,2128,-73539,-2548,-5494,-17041,-17648,-17062,-37062,1
2022-12-24 10:00:00,134334,206248,2591,19655,9344,26426,2293,19621,76336,94300,2240,0,1712,4182,13445,18812,9344,47426,-17964,2240,-71914,-2470,-5367,-17064,-17082,-17328,-38082,1
2022-12-24 11:00:00,129920,203203,2302,19353,8747,26003,1902,19386,79900,93688,2598,0,1711,4157,13203,18382,8777,47070,-13788,2598,-73283,-2446,-5179,-17051,-17256,-17484,-38293,1
2022-12-24 12:00:00,121852,194391,1815,18965,7654,26009,1748,19051,80988,93128,2720,0,1754,4190,13634,18581,8738,46620,-12140,2720,-72539,-2436,-4947,-17150,-18355,-17303,-37882,1
2022-12-24 13:00:00,108785,186781,1523,18651,6594,26376,2125,19327,79064,91552,2490,0,1880,4332,13760,18773,7692,46380,-12488,2490,-77996,-2452,-5013,-17128,-19782,-17202,-38688,1
2022-12-24 14:00:00,111599,186463,1027,18842,6469,27861,2266,19440,75992,90048,2478,0,2097,4651,13721,18862,7481,48651,-14056,2478,-74864,-2554,-5141,-17815,-21392,-17174,-41170,1
2022-12-24 15:00:00,119454,195063,979,19429,8429,30256,2135,17961,63384,91012,2551,0,2192,4878,13476,18688,6971,52893,-27628,2551,-75609,-2686,-5212,-18450,-21827,-15826,-45922,1
2022-12-24 16:00:00,119384,202785,1001,18772,9233,30596,1939,17012,59672,96968,2498,0,2045,4121,13254,18467,6122,55325,-37296,2498,-83401,-2076,-5213,-17771,-21363,-15073,-49203,1
2022-12-24 17:00:00,110319,193512,951,18074,9315,30025,1636,16504,56988,104456,2442,0,1811,3707,13220,18351,6699,53608,-47468,2442,-83193,-1896,-5131,-17123,-20710,-14868,-46909,1
2022-12-24 18:00:00,99244,181569,965,17711,7004,27694,1241,16317,58068,103792,2376,0,1871,3619,13299,18192,7686,51001,-45724,2376,-82325,-1748,-4893,-16746,-20690,-15076,-43315,1
2022-12-24 19:00:00,94285,171504,1058,17480,5119,25481,1206,16085,57928,100396,2183,0,1819,3499,13462,17860,8403,48750,-42468,2183,-77219,-1680,-4398,-16422,-20362,-14879,-40347,1
2022-12-24 20:00:00,94785,169364,805,17259,4423,23985,1174,15830,60148,92540,1912,0,1803,3386,13409,17770,10281,46844,-32392,1912,-74579,-1583,-4361,-16454,-19562,-14656,-36563,1
2022-12-24 21:00:00,88170,166167,679,16798,4307,22510,1237,15097,53432,83996,1432,0,1740,3360,13229,17259,11215,44939,-30564,1432,-77997,-1620,-4030,-16119,-18203,-13860,-33724,1
2022-12-24 22:00:00,83405,156744,637,15895,4364,20400,1386,14135,57212,80484,1342,0,1913,3293,12847,16685,10220,42894,-23272,1342,-73339,-1380,-3838,-15258,-16036,-12749,-32674,1
2022-12-24 23:00:00,85482,147415,619,14900,4033,19023,1420,13444,61396,78076,1235,0,2066,3221,12595,16410,10668,40896,-16680,1235,-61933,-1155,-3815,-14281,-14990,-12024,-30228,1
2022-12-25 00:00:00,84885,140306,631,14207,4009,17761,1402,12959,62232,74204,1457,0,2010,3139,12629,16423,10529,39144,-11972,1457,-55421,-1129,-3794,-13576,-13752,-11557,-28615,1
2022-12-25 01:00:00,88784,137905,638,13496,4381,16997,1274,12684,58972,70024,1618,0,2139,3129,12748,16244,10645,38104,-11052,1618,-49121,-990,-3496,-12858,-12616,-11410,-27459,1
2022-12-25 02:00:00,93896,140515,681,13130,4535,16730,1180,12730,57572,66836,1589,0,2290,3146,12548,16117,10309,37507,-9264,1589,-46619,-856,-3569,-12449,-12195,-11550,-27198,1
2022-12-25 03:00:00,102086,141473,642,13351,4734,17050,1061,12906,59888,65060,1522,0,2415,3151,12667,16070,10526,37328,-5172,1522,-39387,-736,-3403,-12709,-12316,-11845,-26802,1
2022-12-25 04:00:00,104839,141829,575,13853,5123,18025,1021,13242,58524,64452,1603,0,2671,3207,12717,16248,10979,37762,-5928,1603,-36990,-536,-3531,-13278,-12902,-12221,-26783,1
2022-12-25 05:00:00,105638,144045,553,14765,5034,18965,999,13521,59924,65556,1334,0,2842,3317,12989,16636,9509,38791,-5632,1334,-38407,-475,-3647,-14212,-13931,-12522,-29282,1
2022-12-25 06:00:00,99565,151544,751,15632,5811,20451,1010,14051,60276,67136,1074,0,3315,3546,13116,16995,7550,40758,-6860,1074,-51979,-231,-3879,-14881,-14640,-13041,-33208,1
2022-12-25 07:00:00,95907,162645,1913,16242,6928,22771,1439,15007,57736,68268,721,0,3565,3689,13428,17669,7008,43730,-10532,721,-66738,-124,-4241,-14329,-15843,-13568,-36722,1
2022-12-25 08:00:00,107221,176069,2665,16498,7829,23967,1998,15562,62400,73000,559,0,3547,3841,13584,17858,8092,47051,-10600,559,-68848,-294,-4274,-13833,-16138,-13564,-38959,1
2022-12-25 09:00:00,122939,186621,3382,16194,7846,24631,2497,15693,66616,77980,420,0,3674,3866,13567,17828,7567,47637,-11364,420,-63682,-192,-4261,-12812,-16785,-13196,-40070,1
2022-12-25 10:00:00,124933,196230,3326,16036,8259,24217,2599,15747,70460,79872,333,0,3712,3952,13814,17807,7085,48013,-9412,333,-71297,-240,-3993,-12710,-15958,-13148,-40928,1
2022-12-25 11:00:00,122367,187438,3159,15421,7764,21978,2390,15860,71736,80708,284,0,3507,3857,14058,17810,5839,47939,-8972,284,-65071,-350,-3752,-12262,-14214,-13470,-42100,1
2022-12-25 12:00:00,114327,177513,2515,15290,7452,20498,1945,15583,66464,80940,571,0,3527,3808,14244,17842,4169,47892,-14476,571,-63186,-281,-3598,-12775,-13046,-13638,-43723,1
2022-12-25 13:00:00,103559,175610,1452,15950,5857,20588,1689,15603,65812,77732,1294,0,3286,3864,14724,17525,3800,47617,-11920,1294,-72051,-578,-2801,-14498,-14731,-13914,-43817,1
2022-12-25 14:00:00,101379,177153,956,16662,4733,21831,2004,16256,61808,73996,1874,0,3239,4073,14922,17742,4105,48573,-12188,1874,-75774,-834,-2820,-15706,-17098,-14252,-44468,1
2022-12-25 15:00:00,108579,184259,874,17660,5534,24337,2463,16266,58308,76632,1986,0,3219,4212,15113,17685,3257,49687,-18324,1986,-75680,-993,-2572,-16786,-18803,-13803,-46430,1
2022-12-25 16:00:00,118962,191049,1013,17672,6063,24848,2949,16232,53364,81188,2069,0,3133,4114,15058,17327,2572,51940,-27824,2069,-72087,-981,-2269,-16659,-18785,-13283,-49368,1
2022-12-25 17:00:00,120736,191985,1073,17612,7208,25278,3388,16198,52908,87436,1511,0,3052,3901,15051,16949,2170,50956,-34528,1511,-71249,-849,-1898,-16539,-18070,-12810,-48786,1
2022-12-25 18:00:00,121683,187838,1208,17662,6973,24958,3843,16027,53492,90212,1166,0,2807,3744,14932,16514,2638,48815,-36720,1166,-66155,-937,-1582,-16454,-17985,-12184,-46177,1
2022-12-25 19:00:00,114000,181833,1386,17513,5345,24090,4324,15628,57084,92888,1760,0,2632,3636,14550,16109,3590,47316,-35804,1760,-67833,-1004,-1559,-16127,-18745,-11304,-43726,1
2022-12-25 20:00:00,117217,177220,1412,17004,4489,22752,4343,15063,57136,92844,1490,0,2228,3470,14075,15776,4268,45706,-35708,1490,-60003,-1242,-1701,-15592,-18263,-10720,-41438,1
2022-12-25 21:00:00,119211,171983,1350,16347,4113,21017,4533,14176,55108,87852,1066,0,2012,3300,13251,15094,4977,44103,-32744,1066,-52772,-1288,-1843,-14997,-16904,-9643,-39126,1
2022-12-25 22:00:00,115933,161068,1227,15328,4065,18860,4277,13218,49820,81072,1014,0,1877,3241,13303,14476,6314,42258,-31252,1014,-45135,-1364,-1173,-14101,-14795,-8941,-35944,1
2022-12-25 23:00:00,115962,151482,1160,14426,4281,17563,4347,12583,44216,75040,858,0,1663,3174,12627,14198,6911,40061,-30824,858,-35520,-1511,-1571,-13266,-13282,-8236,-33150,1
2022-12-26 00:00:00,121947,146629,1046,13783,5038,16850,4377,12200,43740,69944,1194,0,1570,3135,11991,13784,10467,38723,-26204,1194,-24682,-1565,-1793,-12737,-11812,-7823,-28256,1
2022-12-26 01:00:00,128290,144442,865,13136,5414,16615,4010,11824,46160,66744,963,0,1411,3181,11707,13797,13346,37979,-20584,963,-16152,-1770,-2090,-12271,-11201,-7814,-24633,1
2022-12-26 02:00:00,138253,143752,695,12896,5964,16599,4492,11924,46464,65460,989,0,1499,3192,11295,13901,15250,37432,-18996,989,-5499,-1693,-2606,-12201,-10635,-7432,-22182,1
2022-12-26 03:00:00,142468,144288,656,13164,5388,17231,4135,12073,43928,65552,868,0,1698,3193,11298,14566,16583,37100,-21624,868,-1820,-1495,-3268,-12508,-11843,-7938,-20517,1
2022-12-26 04:00:00,146841,145105,598,13674,5210,18529,4061,12453,41224,67836,858,0,1905,3252,11334,14705,17466,37732,-26612,858,1736,-1347,-3371,-13076,-13319,-8392,-20266,2
2022-12-26 05:00:00,156257,149490,603,14553,5683,19516,4249,12759,38824,72724,929,0,2260,3474,11745,15176,17835,39238,-33900,929,6767,-1214,-3431,-13950,-13833,-8510,-21403,2
2022-12-26 06:00:00,161966,158557,729,15296,6279,20627,4447,13364,36120,77804,1025,0,2632,3696,12219,15823,17861,41211,-41684,1025,3409,-1064,-3604,-14567,-14348,-8917,-23350,2
2022-12-26 07:00:00,161391,171785,1388,16044,7632,22421,4698,14327,39192,81380,704,0,3147,3921,12489,16391,18273,43948,-42188,704,-10394,-774,-3902,-14656,-14789,-9629,-25675,1
2022-12-26 08:00:00,163892,182781,2387,16421,8168,23223,6344,15429,43156,86528,1176,0,3535,4048,12718,16834,17989,46316,-43372,1176,-18889,-513,-4116,-14034,-15055,-9085,-28327,1
2022-12-26 09:00:00,174267,191479,3048,16391,8115,23584,7181,15955,54628,89736,1535,0,3994,4117,12731,17292,16957,47296,-35108,1535,-17212,-123,-4561,-13343,-15469,-8774,-30339,1
2022-12-26 10:00:00,182952,200960,3179,16390,8134,23655,7448,16094,60052,89776,1444,0,4560,4064,12801,17396,13933,45749,-29724,1444,-18008,496,-4595,-13211,-15521,-8646,-31816,1
2022-12-26 11:00:00,186445,199160,2890,16064,7871,22569,6876,16119,64808,89616,1974,0,4957,4001,12715,17233,12124,44206,-24808,1974,-12715,956,-4518,-13174,-14698,-9243,-32082,1
2022-12-26 12:00:00,189585,195050,2174,15969,7005,22022,6071,15942,65044,91052,2012,0,5456,3958,12865,17194,11990,43390,-26008,2012,-5465,1498,-4329,-13795,-15017,-9871,-31400,1
2022-12-26 13:00:00,179295,190710,1300,16489,6781,22460,5861,15920,66900,90008,1824,0,5755,3900,13177,17602,12680,43955,-23108,1824,-11415,1855,-4425,-15189,-15679,-10059,-31275,3
2022-12-26 14:00:00,168240,190054,613,17144,7516,23481,6158,16361,63788,87020,1484,0,5897,4053,13612,18014,11322,45685,-23232,1484,-21814,1844,-4402,-16531,-15965,-10203,-34363,3
2022-12-26 15:00:00,167725,196128,502,18226,9027,25815,6239,16451,52760,87332,1114,0,5701,4239,14017,18327,12175,50176,-34572,1114,-28403,1462,-4310,-17724,-16788,-10212,-38001,3
2022-12-26 16:00:00,173400,203872,495,18173,9051,26469,6793,16694,41508,91584,746,0,5377,4112,13977,18289,14363,53613,-50076,746,-30472,1265,-4312,-17678,-17418,-9901,-39250,3
2022-12-26 17:00:00,167226,203042,495,18191,9527,26961,6932,16619,40832,98124,740,0,5225,3973,14025,17989,15542,52555,-57292,740,-35816,1252,-3964,-17696,-17434,-9687,-37013,3
2022-12-26 18:00:00,161963,197014,496,18180,9170,26330,6727,16414,40232,100660,724,0,5040,3881,13955,17811,16285,50659,-60428,724,-35051,1159,-3856,-17684,-17160,-9687,-34374,3
2022-12-26 19:00:00,159752,188709,505,17935,7736,25010,6418,15876,40292,103032,640,0,4965,3754,13611,16966,16412,49178,-62740,640,-28957,1211,-3355,-17430,-17274,-9458,-32766,3
2022-12-26 20:00:00,159584,184749,511,17385,7288,23222,5811,15090,40848,101160,538,0,4969,3626,13201,16441,16196,47550,-60312,538,-25165,1343,-3240,-16874,-15934,-9279,-31354,3
2022-12-26 21:00:00,161584,179555,519,16605,6741,21145,5083,13933,41552,93728,638,0,4907,3508,12557,15852,16285,45648,-52176,638,-17971,1399,-3295,-16086,-14404,-8850,-29363,3
2022-12-26 22:00:00,168507,170957,545,15580,7586,19130,4891,13097,41416,86172,483,0,4787,3474,12662,15783,15948,43774,-44756,483,-2450,1313,-3121,-15035,-11544,-8206,-27826,3
2022-12-26 23:00:00,167879,162914,555,14690,7807,17845,4730,12612,32844,80724,522,0,4402,3408,11024,15581,16456,41658,-47880,522,4965,994,-4557,-14135,-10038,-7882,-25202,2
2022-12-27 00:00:00,166574,157611,586,13957,8356,17187,4695,12319,35080,75788,516,0,4225,3337,10571,15679,16329,39856,-40708,516,8963,888,-5108,-13371,-8831,-7624,-23527,2
2022-12-27 01:00:00,163387,159218,619,13362,8782,17007,4710,12307,37760,72436,543,0,4144,3312,10073,15609,15978,38947,-34676,543,4169,832,-5536,-12743,-8225,-7597,-22969,2
2022-12-27 02:00:00,161761,161886,814,13162,8643,17294,4810,12704,37972,70904,804,0,4108,3293,9901,15618,15003,38597,-32932,804,-125,815,-5717,-12348,-8651,-7894,-23594,3
2022-12-27 03:00:00,161415,166069,1004,13666,7865,18713,5830,13921,39088,71148,810,0,4312,3370,10970,15964,14560,39037,-32060,810,-4654,942,-4994,-12662,-10848,-8091,-24477,3
2022-12-27 04:00:00,159600,172533,1194,14767,5887,22162,6183,16157,39460,75144,638,0,4529,3595,11996,16936,12815,40693,-35684,638,-12933,934,-4940,-13573,-16275,-9974,-27878,3
2022-12-27 05:00:00,162416,184686,1235,16124,6581,25784,6424,17891,36728,84752,1066,0,4745,3916,13980,17997,12024,44066,-48024,1066,-22270,829,-4017,-14889,-19203,-11467,-32042,1
2022-12-27 06:00:00,164853,199794,1412,16940,8077,29226,7035,19218,39976,95628,2484,0,4799,4182,14647,18376,10594,48256,-55652,2484,-34941,617,-3729,-15528,-21149,-12183,-37662,1
2022-12-27 07:00:00,172922,213242,2481,17249,9157,30865,7808,20131,44196,102980,2521,0,4538,4322,14778,18322,9897,51836,-58784,2521,-40320,216,-3544,-14768,-21708,-12323,-41939,1
2022-12-27 08:00:00,179307,220426,4167,16936,9155,30186,8386,20561,54592,106876,2508,0,4560,4375,14932,18434,9708,51839,-52284,2508,-41119,185,-3502,-12769,-21031,-12175,-42131,1
2022-12-27 09:00:00,187266,223825,5305,16623,9790,29524,8738,20913,64560,106208,2616,0,4642,4323,15115,18344,10167,49152,-41648,2616,-36559,319,-3229,-11318,-19734,-12175,-38985,1
2022-12-27 10:00:00,193803,227769,5190,16888,9771,28554,8650,21024,71904,103212,2488,0,4458,4248,15142,18071,10633,48108,-31308,2488,-33966,210,-2929,-11698,-18783,-12374,-37475,1
2022-12-27 11:00:00,190357,226060,4680,17272,10045,28379,8431,21504,75164,102224,2316,0,4241,4209,15406,18252,10925,48661,-27060,2316,-35703,32,-2846,-12592,-18334,-13073,-37736,1
2022-12-27 12:00:00,177090,220647,3905,17769,8606,29236,7655,21107,76936,102332,1888,0,4252,4176,15656,18427,11618,50007,-25396,1888,-43557,76,-2771,-13864,-20630,-13452,-38389,1
2022-12-27 13:00:00,158735,216412,2142,18639,7024,29734,7111,21011,75520,100420,1842,0,4098,4218,15849,18601,13579,52189,-24900,1842,-57677,-120,-2752,-16497,-22710,-13900,-38610,1
2022-12-27 14:00:00,142016,216302,1017,19586,6932,30784,6831,21592,74284,99292,1798,0,3935,4447,15947,19087,14522,54162,-25008,1798,-74286,-512,-3140,-18569,-23852,-14761,-39640,1
2022-12-27 15:00:00,148675,224438,817,20477,7923,32668,6760,21457,62952,102276,1862,0,4083,4670,15899,19442,15536,58049,-39324,1862,-75763,-587,-3543,-19660,-24745,-14697,-42513,1
2022-12-27 16:00:00,161266,232248,868,20156,7221,32510,6258,21041,51920,106688,2198,0,3904,4497,15743,19216,16740,60772,-54768,2198,-70982,-593,-3473,-19288,-25289,-14783,-44032,1
2022-12-27 17:00:00,168455,230274,816,19902,7227,32272,6334,20946,53396,112096,2864,0,3631,4228,15392,18605,17734,58165,-58700,2864,-61819,-597,-3213,-19086,-25045,-14612,-40431,1
2022-12-27 18:00:00,168233,221057,708,19646,6247,30459,5985,20378,54620,113504,3001,0,3539,4056,15054,17851,18497,55529,-58884,3001,-52824,-517,-2797,-18938,-24212,-14393,-37032,1
2022-12-27 19:00:00,156533,208101,700,19185,5271,28090,5443,19219,56248,115180,2360,0,3673,3863,14723,17401,18611,52774,-58932,2360,-51568,-190,-2678,-18485,-22819,-13776,-34163,1
2022-12-27 20:00:00,158866,200669,654,18929,4833,25329,5312,17942,54932,111524,1715,0,3689,3711,14254,16673,18488,50200,-56592,1715,-41803,-22,-2419,-18275,-20496,-12630,-31712,1
2022-12-27 21:00:00,157652,191832,643,18369,5057,22664,5029,16712,51516,101348,1280,0,3952,3630,13781,16263,18689,47287,-49832,1280,-34180,322,-2482,-17726,-17607,-11683,-28598,1
2022-12-27 22:00:00,153564,178742,703,17335,4971,20444,4824,15692,47872,92220,737,0,4370,3552,12092,15901,18349,44810,-44348,737,-25178,818,-3809,-16632,-15473,-10868,-26461,3
2022-12-27 23:00:00,165569,169668,810,16165,5706,18996,4647,15049,46060,86004,642,0,4640,3613,10971,15785,17960,42536,-39944,642,-4099,1027,-4814,-15355,-13290,-10402,-24576,3
2022-12-28 00:00:00,175195,164366,796,15327,6107,18285,4506,14819,48480,80264,630,0,5274,3582,10541,15719,17543,40643,-31784,630,10829,1692,-5178,-14531,-12178,-10313,-23100,2
2022-12-28 01:00:00,171863,163041,842,14735,6914,18080,4698,14799,53744,77260,820,0,4883,3621,10461,15859,17653,39593,-23516,820,8822,1262,-5398,-13893,-11166,-10101,-21940,2
2022-12-28 02:00:00,169200,164713,903,14580,6792,18338,4725,15161,55804,75812,632,0,5278,3541,10709,15986,17593,39204,-20008,632,4487,1737,-5277,-13677,-11546,-10436,-21611,2
2022-12-28 03:00:00,172902,169497,916,15082,6004,19698,4766,16074,57268,76108,97,0,5473,3635,11181,16349,17711,39478,-18840,97,3405,1838,-5168,-14166,-13694,-11308,-21767,2
2022-12-28 04:00:00,178441,179243,1048,16162,4955,22909,5039,18061,56104,79192,57,0,5878,3745,12506,17463,18146,41120,-23088,57,-802,2133,-4957,-15114,-17954,-13022,-22974,3
2022-12-28 05:00:00,191823,191739,1230,17482,5652,26506,5580,19597,53872,88140,252,0,5778,4067,13501,18663,17756,44725,-34268,252,84,1711,-5162,-16252,-20854,-14017,-26969,3
2022-12-28 06:00:00,195549,204257,1533,18108,8053,30027,6482,20436,55152,98496,524,0,5480,4307,13988,19358,18089,48904,-43344,524,-8708,1173,-5370,-16575,-21974,-13954,-30815,3
2022-12-28 07:00:00,195421,213778,2903,18145,9562,31951,7256,21018,63548,105696,1011,0,5249,4457,13946,19573,18421,52290,-42148,1011,-18357,792,-5627,-15242,-22389,-13762,-33869,1
2022-12-28 08:00:00,198161,222160,4433,17834,9855,31682,7555,21319,71712,109048,1782,0,5197,4541,13817,19788,18571,54132,-37336,1782,-23999,656,-5971,-13401,-21827,-13764,-35561,1
2022-12-28 09:00:00,206481,225745,5271,17316,9740,30868,7715,21481,80648,108220,2074,0,5239,4518,13623,19762,18166,54798,-27572,2074,-19264,721,-6139,-12045,-21128,-13766,-36632,1
2022-12-28 10:00:00,212031,226797,5322,17588,9508,29664,7914,21703,84988,105596,1864,0,5082,4396,13693,20014,18130,54873,-20608,1864,-14766,686,-6321,-12266,-20156,-13789,-36743,1
2022-12-28 11:00:00,209099,226735,5193,18014,9046,29004,7329,21817,86268,104712,1672,0,4690,4349,13586,19970,18324,54955,-18444,1672,-17636,341,-6384,-12821,-19958,-14488,-36631,1
2022-12-28 12:00:00,194581,222701,3907,18563,8026,29968,6725,21388,88416,105524,2103,0,3908,4289,13406,19933,18554,55453,-17108,2103,-28120,-381,-6527,-14656,-21942,-14663,-36899,1
2022-12-28 13:00:00,194904,218382,2194,19340,6680,30178,6321,21349,89832,103548,2501,0,3480,4253,13309,19781,18547,55341,-13716,2501,-23478,-773,-6472,-17146,-23498,-15028,-36794,1
2022-12-28 14:00:00,183109,218316,1134,20113,7159,31175,7004,21868,90472,102228,2407,0,3072,4444,13325,19897,18900,54895,-11756,2407,-35207,-1372,-6572,-18979,-24016,-14864,-35995,1
2022-12-28 15:00:00,191132,223663,1248,21085,8771,33380,7311,21612,83380,103436,2530,0,2940,4664,13154,19704,18991,57444,-20056,2530,-32531,-1724,-6550,-19837,-24609,-14301,-38453,1
2022-12-28 16:00:00,198743,230322,1277,20755,8572,33331,7402,21411,73120,109084,3047,0,3483,4532,13116,19386,19115,59623,-35964,3047,-31579,-1049,-6270,-19478,-24759,-14009,-40508,1
2022-12-28 17:00:00,197618,227050,1178,20527,7956,33037,7251,21039,71928,115276,2794,0,3892,4281,12744,18767,19167,57416,-43348,2794,-29432,-389,-6023,-19349,-25081,-13788,-38249,1
2022-12-28 18:00:00,187555,220610,1125,20268,6457,31113,6879,20472,75420,116692,2706,0,4640,4115,12487,17916,19239,55006,-41272,2706,-33055,525,-5429,-19143,-24656,-13593,-35767,1
2022-12-28 19:00:00,180493,208615,1041,19787,5054,28575,6350,19286,74576,117216,2432,0,4912,4095,11734,17226,19153,52209,-42640,2432,-28122,817,-5492,-18746,-23521,-12936,-33056,1
2022-12-28 20:00:00,174606,199958,995,19441,4001,25591,5876,18006,74388,112668,1977,0,5036,3825,11033,16381,19039,49725,-38280,1977,-25352,1211,-5348,-18446,-21590,-12130,-30686,1
2022-12-28 21:00:00,179539,189775,1129,18925,3846,22916,5740,16746,66120,102832,1718,0,5131,3751,10256,15716,18638,46955,-36712,1718,-10236,1380,-5460,-17796,-19070,-11006,-28317,1
2022-12-28 22:00:00,182397,176218,1178,17863,4076,20734,5291,15524,63968,93852,1361,0,4846,3620,9917,15330,17566,44336,-29884,1361,6179,1226,-5413,-16685,-16658,-10233,-26770,2
2022-12-28 23:00:00,178714,164461,1133,16650,3845,19252,5251,14977,64428,87728,1140,0,5127,3506,10191,15109,14279,40922,-23300,1140,14253,1621,-4918,-15517,-15407,-9726,-26643,2
2022-12-29 00:00:00,169956,158847,1082,15679,4701,18495,5476,14683,61388,81412,1030,0,5287,3409,10394,14830,14195,39566,-20024,1030,11109,1878,-4436,-14597,-13794,-9207,-25371,2
2022-12-29 01:00:00,171536,155350,1061,15122,5027,18215,5769,14692,61904,77368,2191,0,5088,3364,9976,14689,14586,38937,-15464,2191,16186,1724,-4713,-14061,-13188,-8923,-24351,2
2022-12-29 02:00:00,172549,157988,938,14992,4982,18422,5853,14983,57788,75860,1450,0,5007,3349,10341,14788,14680,38593,-18072,1450,14561,1658,-4447,-14054,-13440,-9130,-23913,2
2022-12-29 03:00:00,175520,163696,913,15492,5005,19705,6262,15695,57284,75928,1079,0,5002,3401,11252,15309,14346,38967,-18644,1079,11824,1601,-4057,-14579,-14700,-9433,-24621,2
2022-12-29 04:00:00,182132,173390,825,16533,4384,22908,6496,17608,56760,78868,846,0,5148,3639,11587,16134,14300,40610,-22108,846,8742,1509,-4547,-15708,-18524,-11112,-26310,2
2022-12-29 05:00:00,184220,184492,812,17811,5992,26486,6550,18992,60572,87460,1746,0,5698,3976,12296,16765,14982,44468,-26888,1746,-272,1722,-4469,-16999,-20494,-12442,-29486,1
2022-12-29 06:00:00,186532,198985,957,18446,8577,29574,7001,19780,68020,98040,1880,0,5887,4316,12725,17289,18151,48948,-30020,1880,-12453,1571,-4564,-17489,-20997,-12779,-30797,1
2022-12-29 07:00:00,188392,209059,2044,18686,9761,31127,7499,20414,70540,104660,2459,0,5891,4442,13108,17307,18674,52593,-34120,2459,-20667,1449,-4199,-16642,-21366,-12915,-33919,1
2022-12-29 08:00:00,194848,217985,3263,18835,9534,30422,7673,20465,78028,109784,2721,0,6043,4546,13268,17340,18781,53190,-31756,2721,-23137,1497,-4072,-15572,-20888,-12792,-34409,1
2022-12-29 09:00:00,197855,220648,3659,18981,9761,29906,8425,20836,83164,110760,2813,0,6091,4508,13818,17977,19020,52649,-27596,2813,-22793,1583,-4159,-15322,-20145,-12411,-33629,1
2022-12-29 10:00:00,207125,223333,3626,19204,9828,29016,8334,20884,87816,109416,2836,0,5896,4549,13752,17978,18783,51304,-21600,2836,-16208,1347,-4226,-15578,-19188,-12550,-32521,1
2022-12-29 11:00:00,212064,223567,3333,19265,9630,28780,7672,21075,86412,108784,2734,0,5718,4493,13767,17702,18340,50294,-22372,2734,-11503,1225,-3935,-15932,-19150,-13403,-31954,1
2022-12-29 12:00:00,206994,220029,2591,19371,8449,29158,6737,20716,88572,110480,1916,0,5392,4378,13954,17714,18331,50851,-21908,1916,-13035,1014,-3760,-16780,-20709,-13979,-32520,1
2022-12-29 13:00:00,200266,216731,1595,19863,6920,29414,6350,20775,84468,108380,2016,0,5514,4381,14167,17798,18499,51627,-23912,2016,-16465,1133,-3631,-18268,-22494,-14425,-33128,1
2022-12-29 14:00:00,190437,217536,739,20485,8125,30742,6777,21433,81968,106276,1362,0,5853,4532,14499,18025,18280,53295,-24308,1362,-27099,1321,-3526,-19746,-22617,-14656,-35015,1
2022-12-29 15:00:00,190046,223826,648,21405,9699,32667,7065,21211,77968,107048,1228,0,6021,4703,14984,17987,18344,56644,-29080,1228,-33780,1318,-3003,-20757,-22968,-14146,-38300,3
2022-12-29 16:00:00,196685,229456,775,21083,9484,32635,7270,20879,74756,111104,1490,0,5961,4567,14882,17898,18621,59119,-36348,1490,-32771,1394,-3016,-20308,-23151,-13609,-40498,1
2022-12-29 17:00:00,196116,226239,783,20770,9208,32388,7685,20604,78196,116148,1456,0,5857,4271,14686,17363,18580,56836,-37952,1456,-30123,1586,-2677,-19987,-23180,-12919,-38256,3
2022-12-29 18:00:00,186853,217288,813,20449,7488,30419,7690,20226,80108,117356,1547,0,5706,4053,14052,16684,18595,54765,-37248,1547,-30435,1653,-2632,-19636,-22931,-12536,-36170,3
2022-12-29 19:00:00,172554,205615,806,19980,6766,27993,7004,19034,80988,118392,1586,0,5516,3903,13526,16125,18279,52290,-37404,1586,-33061,1613,-2599,-19174,-21227,-12030,-34011,3
2022-12-29 20:00:00,172328,196600,738,19573,6312,25196,6115,17814,80724,114232,1697,0,5342,3710,13267,15506,18413,49653,-33508,1697,-24272,1632,-2239,-18835,-18884,-11699,-31240,1
2022-12-29 21:00:00,166425,186436,658,19012,6475,22623,5802,16509,77668,104660,1674,0,5205,3548,12596,14742,18292,47337,-26992,1674,-20011,1657,-2146,-18354,-16148,-10707,-29045,1
2022-12-29 22:00:00,168198,175899,658,17893,6247,20507,5680,15526,78980,95244,1645,0,5498,3491,11276,14324,17256,45005,-16264,1645,-7701,2007,-3048,-17235,-14260,-9846,-27749,3
2022-12-29 23:00:00,171459,167195,738,16530,6534,19055,5571,14933,82256,88856,1920,0,5738,3430,10765,14098,16025,42694,-6600,1920,4264,2308,-3333,-15792,-12521,-9362,-26669,2
2022-12-30 00:00:00,162360,160015,753,15575,7175,18270,5662,14543,81568,82448,2093,0,5848,3355,10449,13957,14875,40904,-880,2093,2345,2493,-3508,-14822,-11095,-8881,-26029,3
2022-12-30 01:00:00,153126,157273,769,14876,7328,18006,5743,14445,79272,78328,2126,0,5678,3309,9636,13923,14197,39836,944,2126,-4147,2369,-4287,-14107,-10678,-8702,-25639,3
2022-12-30 02:00:00,144371,157335,646,14611,7407,18197,5925,14768,78120,76232,2071,0,5578,3314,9520,14058,14672,39028,1888,2071,-12964,2264,-4538,-13965,-10790,-8843,-24356,3
2022-12-30 03:00:00,146372,162943,580,15017,6774,19388,5770,15418,77332,75976,1930,0,5665,3392,10062,14404,15459,40029,1356,1930,-16571,2273,-4342,-14437,-12614,-9648,-24570,3
2022-12-30 04:00:00,147219,167435,574,15887,6720,22288,5895,17217,79420,78812,1636,0,5106,3612,10112,15519,15478,41775,608,1636,-20216,1494,-5407,-15313,-15568,-11322,-26297,1
2022-12-30 05:00:00,143184,176958,565,17079,8030,25624,6075,18617,83408,86984,1710,0,4745,3859,11691,16474,15656,45152,-3576,1710,-33774,886,-4783,-16514,-17594,-12542,-29496,1
2022-12-30 06:00:00,145374,192261,583,17897,10443,28669,6624,19407,91048,97204,1491,0,4655,4153,12226,17112,16423,49202,-6156,1491,-46887,502,-4886,-17314,-18226,-12783,-32779,1
2022-12-30 07:00:00,155606,203771,773,18936,11324,30417,7370,20159,87776,103556,1772,0,4687,4318,12245,17408,17181,53048,-15780,1772,-48165,369,-5163,-18163,-19093,-12789,-35867,1
2022-12-30 08:00:00,167577,209754,973,19685,10981,30141,7958,20279,89332,108372,2585,0,4700,4441,12016,17632,18070,54416,-19040,2585,-42177,259,-5616,-18712,-19160,-12321,-36346,1
2022-12-30 09:00:00,181986,212626,1267,20178,11125,29606,8034,20300,93748,108644,2940,0,4875,4430,11957,17331,18420,53694,-14896,2940,-30640,445,-5374,-18911,-18481,-12266,-35274,1
2022-12-30 10:00:00,194319,214763,1503,20551,10416,28279,7672,20208,101388,107252,3498,0,5388,4420,11697,16963,18916,53595,-5864,3498,-20444,968,-5266,-19048,-17863,-12536,-34679,1
2022-12-30 11:00:00,198395,212774,1680,20425,9748,27528,6241,20287,106768,106356,3654,0,5618,4511,11528,17025,18956,54132,412,3654,-14379,1107,-5497,-18745,-17780,-14046,-35176,1
2022-12-30 12:00:00,189912,206928,1565,20186,8573,27938,4901,20114,106408,106552,3668,0,5578,4336,11353,17069,18932,54507,-144,3668,-17016,1242,-5716,-18621,-19365,-15213,-35575,1
2022-12-30 13:00:00,186542,207802,1060,20320,8400,28511,4399,20364,104128,104220,3596,0,5530,4330,11305,17399,19111,54700,-92,3596,-21260,1200,-6094,-19260,-20111,-15965,-35589,1
2022-12-30 14:00:00,187836,212325,605,20628,9326,29607,5635,21220,99912,101224,1589,0,5878,4565,11358,17961,18927,55256,-1312,1589,-24489,1313,-6603,-20023,-20281,-15585,-36329,1
2022-12-30 15:00:00,197020,222338,537,21250,10874,31614,6392,21086,89812,101420,898,0,6228,4720,11765,17537,18877,57090,-11608,898,-25318,1508,-5772,-20713,-20740,-14694,-38213,3
2022-12-30 16:00:00,206843,230502,574,20721,11352,31848,6925,20831,81604,105640,562,0,6359,4622,11579,16995,19010,58772,-24036,562,-23659,1737,-5416,-20147,-20496,-13906,-39762,3
2022-12-30 17:00:00,210844,229943,587,20376,11382,31568,7035,20550,82316,112000,496,0,6505,4375,11667,16643,18801,56394,-29684,496,-19099,2130,-4976,-19789,-20186,-13515,-37593,3
2022-12-30 18:00:00,201552,218100,683,19963,10025,29745,6865,20129,85232,112752,534,0,6526,4187,11704,16068,18782,53963,-27520,534,-16548,2339,-4364,-19280,-19720,-13264,-35181,3
2022-12-30 19:00:00,187062,205384,760,19437,7612,27242,7047,18937,84660,112624,366,0,6404,4103,11204,15176,18512,51460,-27964,366,-18322,2301,-3972,-18677,-19630,-11890,-32948,3
2022-12-30 20:00:00,179589,195641,788,19097,6786,24728,7227,17703,79124,108528,763,0,6257,3965,10779,14708,18076,49046,-29404,763,-16052,2292,-3929,-18309,-17942,-10476,-30970,3
2022-12-30 21:00:00,169943,185953,948,18518,6124,22295,7366,16437,75676,99944,601,0,5317,3750,10887,14606,17911,46475,-24268,601,-16010,1567,-3719,-17570,-16171,-9071,-28564,3
2022-12-30 22:00:00,169182,172198,991,17409,6216,20818,6797,15093,71452,91892,402,0,5337,3523,10899,13945,17188,44192,-20440,402,-3016,1814,-3046,-16418,-14602,-8296,-27004,3
2022-12-30 23:00:00,171333,157706,1035,16074,6344,19216,6551,14238,63632,85640,248,0,4292,3408,10943,13631,15791,41998,-22008,248,13627,884,-2688,-15039,-12872,-7687,-26207,2
2022-12-31 00:00:00,162098,150281,947,15087,6712,18297,7163,13940,60708,78940,204,0,3553,3262,11217,13385,15326,40329,-18232,204,11817,291,-2168,-14140,-11585,-6777,-25003,2
2022-12-31 01:00:00,154982,147873,845,14350,6456,17824,7181,13812,55420,74316,130,0,3463,3162,11172,13608,14503,39444,-18896,130,7109,301,-2436,-13505,-11368,-6631,-24941,2
2022-12-31 02:00:00,149589,147408,809,14002,5861,17882,7022,13810,52856,71912,27,0,3348,3071,11351,13595,12710,38899,-19056,27,2181,277,-2244,-13193,-12021,-6788,-26189,2
2022-12-31 03:00:00,146426,149374,698,14129,4993,18724,6669,13906,49036,70996,4,0,3278,3104,11709,13558,12603,38906,-21960,4,-2948,174,-1849,-13431,-13731,-7237,-26303,3
2022-12-31 04:00:00,144813,152410,574,14737,4475,20558,6673,14583,49052,71724,0,0,3131,3235,12016,13630,13240,39604,-22672,0,-7597,-104,-1614,-14163,-16083,-7910,-26364,1
2022-12-31 05:00:00,142978,157872,583,15685,5031,22374,6627,15079,53504,74864,1,0,3035,3419,11944,13912,13701,41280,-21360,1,-14894,-384,-1968,-15102,-17343,-8452,-27579,1
2022-12-31 06:00:00,147115,168851,728,16564,6415,24418,6955,15911,56412,79752,3,0,4166,3710,11578,14266,14465,43602,-23340,3,-21736,456,-2688,-15836,-18003,-8956,-29137,3
2022-12-31 07:00:00,156108,180734,1403,17639,7871,26117,7681,17078,59604,84952,29,0,4179,3904,11525,14634,16393,47041,-25348,29,-24626,275,-3109,-16236,-18246,-9397,-30648,3
2022-12-31 08:00:00,165143,187460,2347,18386,8251,25976,7993,17667,67168,91292,47,0,3938,4026,11682,14695,16693,50297,-24124,47,-22317,-88,-3013,-16039,-17725,-9674,-33604,1
2022-12-31 09:00:00,183152,194082,3158,18855,8611,25504,8022,17887,78632,93912,33,0,3843,4102,11635,14860,16807,50554,-15280,33,-10930,-259,-3225,-15697,-16893,-9865,-33747,1
2022-12-31 10:00:00,189849,199911,2852,19675,8733,25438,8182,18015,83352,92728,94,0,3793,4130,11556,15080,17501,50950,-9376,94,-10062,-337,-3524,-16823,-16705,-9833,-33449,1
2022-12-31 11:00:00,197982,201862,2370,19779,8170,25190,7878,18091,80728,91100,138,0,3184,4147,11258,15264,18051,51581,-10372,138,-3880,-963,-4006,-17409,-17020,-10213,-33530,1
2022-12-31 12:00:00,205090,201226,2228,19290,7061,25501,7540,18026,80560,91360,185,0,2683,4083,11506,15451,18072,51206,-10800,185,3864,-1400,-3945,-17062,-18440,-10486,-33134,2
2022-12-31 13:00:00,194058,196650,1621,19212,5372,25901,7652,18172,80060,90188,173,0,2281,4105,11941,15895,18109,51029,-10128,173,-2592,-1824,-3954,-17591,-20529,-10520,-32920,1
2022-12-31 14:00:00,182240,196967,952,19535,4831,26991,8199,18805,80040,88836,191,0,2283,4293,11922,16258,18180,50595,-8796,191,-14727,-2010,-4336,-18583,-22160,-10606,-32415,1
2022-12-31 15:00:00,176237,203098,935,20486,6750,29874,8078,18612,73016,89976,296,0,2305,4398,11950,16104,18345,51304,-16960,296,-26861,-2093,-4154,-19551,-23124,-10534,-32959,1
2022-12-31 16:00:00,184478,211063,818,19954,6933,30275,7853,18131,69760,95868,482,0,2185,4291,11923,16101,18041,52281,-26108,482,-26585,-2106,-4178,-19136,-23342,-10278,-34240,1
2022-12-31 17:00:00,180908,208074,798,19038,6005,29519,7535,17259,70452,105720,736,0,1964,3932,11064,15825,17669,50816,-35268,736,-27166,-1968,-4761,-18240,-23514,-9724,-33147,1
2022-12-31 18:00:00,171489,196557,811,18156,5095,27366,7340,16138,68540,107024,794,0,1751,3694,10452,15250,17927,48440,-38484,794,-25068,-1943,-4798,-17345,-22271,-8798,-30513,1
2022-12-31 19:00:00,175631,184106,851,17488,4198,24809,6959,15211,67056,104484,824,0,1765,3713,10179,14440,17241,45646,-37428,824,-8475,-1948,-4261,-16637,-20611,-8252,-28405,1
2022-12-31 20:00:00,176499,175401,888,17075,3676,23169,6910,14641,62432,97124,830,0,1593,3579,9586,14201,17233,43425,-34692,830,1098,-1986,-4615,-16187,-19493,-7731,-26192,2
2022-12-31 21:00:00,175678,168830,807,16717,3641,21857,7054,13977,61096,87316,676,0,1788,3520,9148,13713,17129,41766,-26220,676,6848,-1732,-4565,-15910,-18216,-6923,-24637,2
2022-12-31 22:00:00,165104,161541,754,16261,3422,20555,5946,13272,55252,82064,489,0,2242,3440,8806,13772,15939,40415,-26812,489,3563,-1198,-4966,-15507,-17133,-7326,-24476,2
2022-12-31 23:00:00,119208,115263,571,11754,0,0,0,0,37696,59888,146,0,0,0,0,0,9117,29551,-22192,146,3945,0,0,-11183,0,0,-20434,2
